Facility Name,Facility ID,State,Measure Name,Number of Discharges,Footnote,Excess Readmission Ratio,Predicted Readmission Rate,Expected Readmission Rate,Number of Readmissions,Start Date,End Date
SAMPLE HOSPITAL 1,100000,SD,READM-30-PN-HRRP,220,,0.9667,0.246,0.2545,54,07/01/2020,06/30/2023
SAMPLE HOSPITAL 1,100000,SD,READM-30-HF-HRRP,293,,1.0574,0.2276,0.2152,67,07/01/2020,06/30/2023
SAMPLE HOSPITAL 1,100000,SD,READM-30-HIP-KNEE-HRRP,108,,1.1047,0.2683,0.2429,29,07/01/2020,06/30/2023
SAMPLE HOSPITAL 1,100000,SD,READM-30-AMI-HRRP,151,,1.0374,0.2634,0.2539,40,07/01/2020,06/30/2023
SAMPLE HOSPITAL 1,100000,SD,READM-30-CABG-HRRP,330,,1.0189,0.1347,0.1322,44,07/01/2020,06/30/2023
SAMPLE HOSPITAL 2,100001,IN,READM-30-PN-HRRP,92,,0.9442,0.1755,0.1859,16,07/01/2020,06/30/2023
SAMPLE HOSPITAL 2,100001,IN,READM-30-CABG-HRRP,113,,1.0074,0.247,0.2452,28,07/01/2020,06/30/2023
SAMPLE HOSPITAL 2,100001,IN,READM-30-HIP-KNEE-HRRP,623,,0.9985,0.2536,0.254,158,07/01/2020,06/30/2023
SAMPLE HOSPITAL 3,100002,AL,READM-30-PN-HRRP,Too Few to Report,1,Too Few to Report,,,,07/01/2020,06/30/2023
SAMPLE HOSPITAL 3,100002,AL,READM-30-AMI-HRRP,1134,,0.9659,0.1895,0.1962,215,07/01/2020,06/30/2023
SAMPLE HOSPITAL 3,100002,AL,READM-30-HF-HRRP,195,,0.949,0.1761,0.1856,34,07/01/2020,06/30/2023
SAMPLE HOSPITAL 3,100002,AL,READM-30-COPD-HRRP,356,,0.9647,0.203,0.2104,72,07/01/2020,06/30/2023
SAMPLE HOSPITAL 3,100002,AL,READM-30-HIP-KNEE-HRRP,318,,1.0629,0.2444,0.2299,78,07/01/2020,06/30/2023
SAMPLE HOSPITAL 4,100003,RI,READM-30-AMI-HRRP,149,,0.9925,0.2253,0.227,34,07/01/2020,06/30/2023
SAMPLE HOSPITAL 4,100003,RI,READM-30-HF-HRRP,50,,0.9825,0.2455,0.2499,12,07/01/2020,06/30/2023
SAMPLE HOSPITAL 4,100003,RI,READM-30-CABG-HRRP,Too Few to Report,1,Too Few to Report,,,,07/01/2020,06/30/2023
SAMPLE HOSPITAL 5,100004,OR,READM-30-HIP-KNEE-HRRP,216,,1.0552,0.1514,0.1435,33,07/01/2020,06/30/2023
SAMPLE HOSPITAL 5,100004,OR,READM-30-AMI-HRRP,71,,0.8967,0.1683,0.1877,12,07/01/2020,06/30/2023
SAMPLE HOSPITAL 5,100004,OR,READM-30-COPD-HRRP,292,,0.983,0.2415,0.2457,71,07/01/2020,06/30/2023
SAMPLE HOSPITAL 5,100004,OR,READM-30-CABG-HRRP,411,,0.9681,0.2107,0.2176,87,07/01/2020,06/30/2023
SAMPLE HOSPITAL 6,100005,HI,READM-30-AMI-HRRP,353,,1.1119,0.2505,0.2253,88,07/01/2020,06/30/2023
SAMPLE HOSPITAL 6,100005,HI,READM-30-HIP-KNEE-HRRP,54,,1.0728,0.2614,0.2437,14,07/01/2020,06/30/2023
SAMPLE HOSPITAL 6,100005,HI,READM-30-CABG-HRRP,330,,0.9097,0.1466,0.1612,48,07/01/2020,06/30/2023
SAMPLE HOSPITAL 7,100006,HI,READM-30-CABG-HRRP,64,,1.0013,0.1361,0.1359,9,07/01/2020,06/30/2023
SAMPLE HOSPITAL 7,100006,HI,READM-30-HF-HRRP,381,,1.1077,0.1346,0.1215,51,07/01/2020,06/30/2023
SAMPLE HOSPITAL 7,100006,HI,READM-30-COPD-HRRP,171,,1.0353,0.1611,0.1556,28,07/01/2020,06/30/2023
SAMPLE HOSPITAL 7,100006,HI,READM-30-AMI-HRRP,72,,1.0436,0.2701,0.2588,19,07/01/2020,06/30/2023
SAMPLE HOSPITAL 7,100006,HI,READM-30-HIP-KNEE-HRRP,52,,1.0024,0.2378,0.2372,12,07/01/2020,06/30/2023
SAMPLE HOSPITAL 8,100007,MT,READM-30-AMI-HRRP,111,,1.0271,0.2253,0.2194,25,07/01/2020,06/30/2023
SAMPLE HOSPITAL 8,100007,MT,READM-30-PN-HRRP,34,,1.0079,0.2248,0.223,8,07/01/2020,06/30/2023
SAMPLE HOSPITAL 8,100007,MT,READM-30-HIP-KNEE-HRRP,81,,1.0299,0.179,0.1738,14,07/01/2020,06/30/2023
SAMPLE HOSPITAL 8,100007,MT,READM-30-CABG-HRRP,97,,1.0739,0.1619,0.1508,16,07/01/2020,06/30/2023
SAMPLE HOSPITAL 9,100008,GA,READM-30-PN-HRRP,275,,1.0241,0.2597,0.2536,71,07/01/2020,06/30/2023
SAMPLE HOSPITAL 9,100008,GA,READM-30-HIP-KNEE-HRRP,285,,0.9462,0.127,0.1342,36,07/01/2020,06/30/2023
SAMPLE HOSPITAL 9,100008,GA,READM-30-COPD-HRRP,351,,1.0739,0.2049,0.1908,72,07/01/2020,06/30/2023
SAMPLE HOSPITAL 10,100009,CO,READM-30-PN-HRRP,107,,1.04,0.1877,0.1805,20,07/01/2020,06/30/2023
SAMPLE HOSPITAL 10,100009,CO,READM-30-HIP-KNEE-HRRP,48,,0.8979,0.1453,0.1618,7,07/01/2020,06/30/2023
SAMPLE HOSPITAL 10,100009,CO,READM-30-CABG-HRRP,158,,1.0076,0.2418,0.24,38,07/01/2020,06/30/2023
SAMPLE HOSPITAL 11,100010,ND,READM-30-HIP-KNEE-HRRP,228,,0.9745,0.1271,0.1304,29,07/01/2020,06/30/2023
SAMPLE HOSPITAL 11,100010,ND,READM-30-AMI-HRRP,235,,0.9658,0.1873,0.1939,44,07/01/2020,06/30/2023
SAMPLE HOSPITAL 11,100010,ND,READM-30-COPD-HRRP,181,,1.0363,0.1666,0.1608,30,07/01/2020,06/30/2023
SAMPLE HOSPITAL 11,100010,ND,READM-30-CABG-HRRP,600,,0.9966,0.1546,0.1551,93,07/01/2020,06/30/2023
SAMPLE HOSPITAL 11,100010,ND,READM-30-PN-HRRP,156,,1.0588,0.2358,0.2227,37,07/01/2020,06/30/2023
SAMPLE HOSPITAL 12,100011,WA,READM-30-AMI-HRRP,779,,0.9877,0.1631,0.1651,127,07/01/2020,06/30/2023
SAMPLE HOSPITAL 12,100011,WA,READM-30-PN-HRRP,180,,1.0866,0.1558,0.1434,28,07/01/2020,06/30/2023
SAMPLE HOSPITAL 12,100011,WA,READM-30-CABG-HRRP,42,,0.9522,0.13,0.1365,5,07/01/2020,06/30/2023
SAMPLE HOSPITAL 12,100011,WA,READM-30-HF-HRRP,74,,1.0028,0.133,0.1326,10,07/01/2020,06/30/2023
SAMPLE HOSPITAL 13,100012,MS,READM-30-AMI-HRRP,157,,0.9899,0.2415,0.244,38,07/01/2020,06/30/2023
SAMPLE HOSPITAL 13,100012,MS,READM-30-HF-HRRP,229,,1.0111,0.1466,0.145,34,07/01/2020,06/30/2023
SAMPLE HOSPITAL 13,100012,MS,READM-30-COPD-HRRP,64,,1.0628,0.2337,0.2199,15,07/01/2020,06/30/2023
SAMPLE HOSPITAL 13,100012,MS,READM-30-HIP-KNEE-HRRP,952,,1.0283,0.1897,0.1845,181,07/01/2020,06/30/2023
SAMPLE HOSPITAL 14,100013,MD,READM-30-COPD-HRRP,327,,1.1086,0.2268,0.2046,74,07/01/2020,06/30/2023
SAMPLE HOSPITAL 14,100013,MD,READM-30-CABG-HRRP,118,,1.0502,0.2267,0.2159,27,07/01/2020,06/30/2023
SAMPLE HOSPITAL 14,100013,MD,READM-30-HIP-KNEE-HRRP,800,,0.9997,0.1287,0.1287,103,07/01/2020,06/30/2023
SAMPLE HOSPITAL 14,100013,MD,READM-30-HF-HRRP,471,,0.9909,0.245,0.2472,115,07/01/2020,06/30/2023
SAMPLE HOSPITAL 14,100013,MD,READM-30-PN-HRRP,334,,0.9937,0.1772,0.1783,59,07/01/2020,06/30/2023
SAMPLE HOSPITAL 14,100013,MD,READM-30-AMI-HRRP,48,,0.9532,0.2128,0.2233,10,07/01/2020,06/30/2023
SAMPLE HOSPITAL 15,100014,OK,READM-30-PN-HRRP,409,,1.0148,0.2495,0.2459,102,07/01/2020,06/30/2023
SAMPLE HOSPITAL 15,100014,OK,READM-30-AMI-HRRP,529,,1.0453,0.2423,0.2318,128,07/01/2020,06/30/2023
SAMPLE HOSPITAL 15,100014,OK,READM-30-HF-HRRP,92,,1.0246,0.224,0.2186,21,07/01/2020,06/30/2023
SAMPLE HOSPITAL 16,100015,MT,READM-30-HF-HRRP,138,,0.9856,0.1628,0.1652,22,07/01/2020,06/30/2023
SAMPLE HOSPITAL 16,100015,MT,READM-30-COPD-HRRP,103,,0.9388,0.1899,0.2023,20,07/01/2020,06/30/2023
SAMPLE HOSPITAL 16,100015,MT,READM-30-PN-HRRP,339,,0.9427,0.1823,0.1934,62,07/01/2020,06/30/2023
SAMPLE HOSPITAL 16,100015,MT,READM-30-CABG-HRRP,269,,0.9349,0.1351,0.1445,36,07/01/2020,06/30/2023
SAMPLE HOSPITAL 16,100015,MT,READM-30-AMI-HRRP,167,,1.0347,0.2122,0.2051,35,07/01/2020,06/30/2023
SAMPLE HOSPITAL 17,100016,IA,READM-30-HF-HRRP,229,,1.0092,0.2364,0.2342,54,07/01/2020,06/30/2023
SAMPLE HOSPITAL 17,100016,IA,READM-30-COPD-HRRP,81,,0.9885,0.2107,0.2132,17,07/01/2020,06/30/2023
SAMPLE HOSPITAL 17,100016,IA,READM-30-PN-HRRP,54,,0.8965,0.1435,0.1601,8,07/01/2020,06/30/2023
SAMPLE HOSPITAL 17,100016,IA,READM-30-CABG-HRRP,123,,0.9789,0.1798,0.1837,22,07/01/2020,06/30/2023
SAMPLE HOSPITAL 18,100017,KS,READM-30-COPD-HRRP,410,,0.8982,0.191,0.2126,78,07/01/2020,06/30/2023
SAMPLE HOSPITAL 18,100017,KS,READM-30-PN-HRRP,90,,0.9452,0.134,0.1418,12,07/01/2020,06/30/2023
SAMPLE HOSPITAL 18,100017,KS,READM-30-HIP-KNEE-HRRP,155,,0.9756,0.2115,0.2168,33,07/01/2020,06/30/2023
SAMPLE HOSPITAL 18,100017,KS,READM-30-AMI-HRRP,73,,0.9407,0.2038,0.2166,15,07/01/2020,06/30/2023
SAMPLE HOSPITAL 19,100018,AR,READM-30-HIP-KNEE-HRRP,84,,0.9262,0.2262,0.2442,19,07/01/2020,06/30/2023
SAMPLE HOSPITAL 19,100018,AR,READM-30-COPD-HRRP,75,,0.9768,0.156,0.1597,12,07/01/2020,06/30/2023
SAMPLE HOSPITAL 19,100018,AR,READM-30-HF-HRRP,102,,0.9673,0.2358,0.2438,24,07/01/2020,06/30/2023
SAMPLE HOSPITAL 19,100018,AR,READM-30-PN-HRRP,Too Few to Report,1,Too Few to Report,,,,07/01/2020,06/30/2023
SAMPLE HOSPITAL 19,100018,AR,READM-30-AMI-HRRP,88,,0.8915,0.1278,0.1433,11,07/01/2020,06/30/2023
SAMPLE HOSPITAL 20,100019,NH,READM-30-HIP-KNEE-HRRP,48,,0.9482,0.1284,0.1354,6,07/01/2020,06/30/2023
SAMPLE HOSPITAL 20,100019,NH,READM-30-CABG-HRRP,141,,1.0039,0.1361,0.1356,19,07/01/2020,06/30/2023
SAMPLE HOSPITAL 20,100019,NH,READM-30-COPD-HRRP,631,,0.9632,0.139,0.1443,88,07/01/2020,06/30/2023
SAMPLE HOSPITAL 21,100020,NY,READM-30-HIP-KNEE-HRRP,73,,0.9427,0.1401,0.1486,10,07/01/2020,06/30/2023
SAMPLE HOSPITAL 21,100020,NY,READM-30-PN-HRRP,854,,0.9677,0.2262,0.2337,193,07/01/2020,06/30/2023
SAMPLE HOSPITAL 21,100020,NY,READM-30-COPD-HRRP,41,,1.0899,0.1402,0.1286,6,07/01/2020,06/30/2023
SAMPLE HOSPITAL 21,100020,NY,READM-30-AMI-HRRP,131,,0.931,0.1215,0.1305,16,07/01/2020,06/30/2023
SAMPLE HOSPITAL 21,100020,NY,READM-30-HF-HRRP,247,,1.1345,0.2124,0.1872,52,07/01/2020,06/30/2023
SAMPLE HOSPITAL 22,100021,GA,READM-30-HIP-KNEE-HRRP,204,,0.9718,0.1201,0.1236,25,07/01/2020,06/30/2023
SAMPLE HOSPITAL 22,100021,GA,READM-30-HF-HRRP,182,,0.7764,0.1371,0.1766,25,07/01/2020,06/30/2023
SAMPLE HOSPITAL 22,100021,GA,READM-30-AMI-HRRP,405,,0.9145,0.2301,0.2516,93,07/01/2020,06/30/2023
SAMPLE HOSPITAL 22,100021,GA,READM-30-CABG-HRRP,56,,0.8341,0.2154,0.2583,12,07/01/2020,06/30/2023
SAMPLE HOSPITAL 23,100022,NC,READM-30-COPD-HRRP,117,,0.9773,0.1209,0.1237,14,07/01/2020,06/30/2023
SAMPLE HOSPITAL 23,100022,NC,READM-30-PN-HRRP,588,,0.9863,0.1755,0.1779,103,07/01/2020,06/30/2023
SAMPLE HOSPITAL 23,100022,NC,READM-30-AMI-HRRP,727,,1.0737,0.1384,0.1289,101,07/01/2020,06/30/2023
SAMPLE HOSPITAL 24,100023,NE,READM-30-CABG-HRRP,156,,1.0784,0.1308,0.1213,20,07/01/2020,06/30/2023
SAMPLE HOSPITAL 24,100023,NE,READM-30-AMI-HRRP,87,,1.0804,0.1585,0.1467,14,07/01/2020,06/30/2023
SAMPLE HOSPITAL 24,100023,NE,READM-30-PN-HRRP,121,,0.9851,0.2438,0.2475,29,07/01/2020,06/30/2023
SAMPLE HOSPITAL 24,100023,NE,READM-30-HF-HRRP,169,,1.0119,0.2332,0.2305,39,07/01/2020,06/30/2023
SAMPLE HOSPITAL 24,100023,NE,READM-30-HIP-KNEE-HRRP,781,,0.9143,0.1388,0.1518,108,07/01/2020,06/30/2023
SAMPLE HOSPITAL 24,100023,NE,READM-30-COPD-HRRP,59,,1.071,0.2211,0.2064,13,07/01/2020,06/30/2023
SAMPLE HOSPITAL 25,100024,TX,READM-30-HF-HRRP,524,,1.0701,0.2504,0.234,131,07/01/2020,06/30/2023
SAMPLE HOSPITAL 25,100024,TX,READM-30-COPD-HRRP,369,,1.0476,0.2623,0.2504,97,07/01/2020,06/30/2023
SAMPLE HOSPITAL 25,100024,TX,READM-30-AMI-HRRP,249,,0.9968,0.1585,0.159,39,07/01/2020,06/30/2023
SAMPLE HOSPITAL 25,100024,TX,READM-30-HIP-KNEE-HRRP,112,,1.0901,0.2593,0.2379,29,07/01/2020,06/30/2023
SAMPLE HOSPITAL 25,100024,TX,READM-30-CABG-HRRP,32,,1.0281,0.2002,0.1947,6,07/01/2020,06/30/2023
SAMPLE HOSPITAL 26,100025,CA,READM-30-AMI-HRRP,164,,0.914,0.2243,0.2454,37,07/01/2020,06/30/2023
SAMPLE HOSPITAL 26,100025,CA,READM-30-COPD-HRRP,221,,0.989,0.1504,0.1521,33,07/01/2020,06/30/2023
SAMPLE HOSPITAL 26,100025,CA,READM-30-CABG-HRRP,110,,0.8986,0.1834,0.2041,20,07/01/2020,06/30/2023
SAMPLE HOSPITAL 26,100025,CA,READM-30-HIP-KNEE-HRRP,249,,0.9373,0.1637,0.1746,41,07/01/2020,06/30/2023
SAMPLE HOSPITAL 26,100025,CA,READM-30-HF-HRRP,149,,0.972,0.1669,0.1717,25,07/01/2020,06/30/2023
SAMPLE HOSPITAL 26,100025,CA,READM-30-PN-HRRP,99,,0.9502,0.2035,0.2142,20,07/01/2020,06/30/2023
SAMPLE HOSPITAL 27,100026,OH,READM-30-COPD-HRRP,342,,0.9896,0.2535,0.2562,87,07/01/2020,06/30/2023
SAMPLE HOSPITAL 27,100026,OH,READM-30-AMI-HRRP,163,,0.9633,0.1336,0.1387,22,07/01/2020,06/30/2023
SAMPLE HOSPITAL 27,100026,OH,READM-30-HIP-KNEE-HRRP,110,,0.8765,0.1522,0.1736,17,07/01/2020,06/30/2023
SAMPLE HOSPITAL 28,100027,WV,READM-30-CABG-HRRP,91,,1.0481,0.2589,0.247,24,07/01/2020,06/30/2023
SAMPLE HOSPITAL 28,100027,WV,READM-30-PN-HRRP,30,,0.991,0.1427,0.144,4,07/01/2020,06/30/2023
SAMPLE HOSPITAL 28,100027,WV,READM-30-HF-HRRP,46,,1.0245,0.1415,0.1381,7,07/01/2020,06/30/2023
SAMPLE HOSPITAL 29,100028,KY,READM-30-HIP-KNEE-HRRP,376,,0.9656,0.222,0.2299,83,07/01/2020,06/30/2023
SAMPLE HOSPITAL 29,100028,KY,READM-30-HF-HRRP,418,,0.9631,0.1552,0.1611,65,07/01/2020,06/30/2023
SAMPLE HOSPITAL 29,100028,KY,READM-30-PN-HRRP,211,,0.9209,0.1627,0.1767,34,07/01/2020,06/30/2023
SAMPLE HOSPITAL 29,100028,KY,READM-30-CABG-HRRP,112,,0.928,0.1473,0.1587,16,07/01/2020,06/30/2023
SAMPLE HOSPITAL 30,100029,OK,READM-30-PN-HRRP,1094,,0.8893,0.1519,0.1708,166,07/01/2020,06/30/2023
SAMPLE HOSPITAL 30,100029,OK,READM-30-HIP-KNEE-HRRP,396,,1.0132,0.1533,0.1513,61,07/01/2020,06/30/2023
SAMPLE HOSPITAL 30,100029,OK,READM-30-COPD-HRRP,393,,1.0092,0.171,0.1694,67,07/01/2020,06/30/2023
SAMPLE HOSPITAL 30,100029,OK,READM-30-AMI-HRRP,43,,0.8688,0.1712,0.1971,7,07/01/2020,06/30/2023
SAMPLE HOSPITAL 31,100030,PA,READM-30-PN-HRRP,1445,,1.0348,0.2095,0.2025,303,07/01/2020,06/30/2023
SAMPLE HOSPITAL 31,100030,PA,READM-30-HIP-KNEE-HRRP,233,,0.8706,0.1378,0.1583,32,07/01/2020,06/30/2023
SAMPLE HOSPITAL 31,100030,PA,READM-30-AMI-HRRP,1187,,0.854,0.1275,0.1493,151,07/01/2020,06/30/2023
SAMPLE HOSPITAL 31,100030,PA,READM-30-CABG-HRRP,265,,1.0183,0.2189,0.215,58,07/01/2020,06/30/2023
SAMPLE HOSPITAL 31,100030,PA,READM-30-HF-HRRP,1383,,0.9399,0.2207,0.2348,305,07/01/2020,06/30/2023
SAMPLE HOSPITAL 32,100031,MN,READM-30-COPD-HRRP,266,,0.9591,0.161,0.1679,43,07/01/2020,06/30/2023
SAMPLE HOSPITAL 32,100031,MN,READM-30-AMI-HRRP,102,,0.9769,0.161,0.1648,16,07/01/2020,06/30/2023
SAMPLE HOSPITAL 32,100031,MN,READM-30-PN-HRRP,566,,0.9138,0.1185,0.1297,67,07/01/2020,06/30/2023
SAMPLE HOSPITAL 32,100031,MN,READM-30-CABG-HRRP,250,,0.9663,0.1992,0.2061,50,07/01/2020,06/30/2023
SAMPLE HOSPITAL 32,100031,MN,READM-30-HIP-KNEE-HRRP,150,,0.9293,0.2056,0.2212,31,07/01/2020,06/30/2023
SAMPLE HOSPITAL 33,100032,NE,READM-30-AMI-HRRP,143,,1.0424,0.2542,0.2439,36,07/01/2020,06/30/2023
SAMPLE HOSPITAL 33,100032,NE,READM-30-COPD-HRRP,45,,0.9928,0.1883,0.1897,8,07/01/2020,06/30/2023
SAMPLE HOSPITAL 33,100032,NE,READM-30-HIP-KNEE-HRRP,179,,0.9459,0.233,0.2463,42,07/01/2020,06/30/2023
SAMPLE HOSPITAL 33,100032,NE,READM-30-CABG-HRRP,97,,1.0205,0.195,0.1911,19,07/01/2020,06/30/2023
SAMPLE HOSPITAL 34,100033,MO,READM-30-AMI-HRRP,71,,1.0639,0.2285,0.2148,16,07/01/2020,06/30/2023
SAMPLE HOSPITAL 34,100033,MO,READM-30-CABG-HRRP,127,,0.9571,0.2019,0.211,26,07/01/2020,06/30/2023
SAMPLE HOSPITAL 34,100033,MO,READM-30-HIP-KNEE-HRRP,59,,0.9793,0.1423,0.1453,8,07/01/2020,06/30/2023
SAMPLE HOSPITAL 34,100033,MO,READM-30-HF-HRRP,99,,0.9511,0.2354,0.2475,23,07/01/2020,06/30/2023
SAMPLE HOSPITAL 34,100033,MO,READM-30-PN-HRRP,228,,0.9571,0.1926,0.2012,44,07/01/2020,06/30/2023
SAMPLE HOSPITAL 35,100034,IA,READM-30-PN-HRRP,91,,0.9945,0.2259,0.2271,21,07/01/2020,06/30/2023
SAMPLE HOSPITAL 35,100034,IA,READM-30-HIP-KNEE-HRRP,164,,0.9837,0.24,0.244,39,07/01/2020,06/30/2023
SAMPLE HOSPITAL 35,100034,IA,READM-30-CABG-HRRP,184,,1.0587,0.2465,0.2328,45,07/01/2020,06/30/2023
SAMPLE HOSPITAL 35,100034,IA,READM-30-HF-HRRP,264,,1.0278,0.1389,0.1351,37,07/01/2020,06/30/2023
SAMPLE HOSPITAL 35,100034,IA,READM-30-COPD-HRRP,58,,0.9198,0.1367,0.1486,8,07/01/2020,06/30/2023
SAMPLE HOSPITAL 35,100034,IA,READM-30-AMI-HRRP,126,,1.0477,0.233,0.2224,29,07/01/2020,06/30/2023
SAMPLE HOSPITAL 36,100035,PA,READM-30-HF-HRRP,80,,0.9663,0.1254,0.1298,10,07/01/2020,06/30/2023
SAMPLE HOSPITAL 36,100035,PA,READM-30-HIP-KNEE-HRRP,832,,0.9788,0.1811,0.185,151,07/01/2020,06/30/2023
SAMPLE HOSPITAL 36,100035,PA,READM-30-CABG-HRRP,86,,1.1234,0.2028,0.1805,17,07/01/2020,06/30/2023
SAMPLE HOSPITAL 36,100035,PA,READM-30-COPD-HRRP,404,,0.9965,0.1344,0.1349,54,07/01/2020,06/30/2023
SAMPLE HOSPITAL 37,100036,KY,READM-30-HIP-KNEE-HRRP,459,,1.0658,0.1513,0.142,69,07/01/2020,06/30/2023
SAMPLE HOSPITAL 37,100036,KY,READM-30-COPD-HRRP,152,,1.131,0.1761,0.1557,27,07/01/2020,06/30/2023
SAMPLE HOSPITAL 37,100036,KY,READM-30-CABG-HRRP,28,,1.0239,0.2426,0.2369,7,07/01/2020,06/30/2023
SAMPLE HOSPITAL 38,100037,SC,READM-30-HF-HRRP,156,,0.9834,0.1411,0.1435,22,07/01/2020,06/30/2023
SAMPLE HOSPITAL 38,100037,SC,READM-30-AMI-HRRP,183,,1.0246,0.1892,0.1847,35,07/01/2020,06/30/2023
SAMPLE HOSPITAL 38,100037,SC,READM-30-HIP-KNEE-HRRP,69,,1.0394,0.2683,0.2581,19,07/01/2020,06/30/2023
SAMPLE HOSPITAL 38,100037,SC,READM-30-COPD-HRRP,430,,1.0622,0.2154,0.2028,93,07/01/2020,06/30/2023
SAMPLE HOSPITAL 38,100037,SC,READM-30-PN-HRRP,493,,0.9019,0.1568,0.1738,77,07/01/2020,06/30/2023
SAMPLE HOSPITAL 38,100037,SC,READM-30-CABG-HRRP,458,,0.9303,0.1204,0.1294,55,07/01/2020,06/30/2023
SAMPLE HOSPITAL 39,100038,OK,READM-30-COPD-HRRP,102,,1.0478,0.1301,0.1242,13,07/01/2020,06/30/2023
SAMPLE HOSPITAL 39,100038,OK,READM-30-PN-HRRP,63,,1.1212,0.1821,0.1624,11,07/01/2020,06/30/2023
SAMPLE HOSPITAL 39,100038,OK,READM-30-HIP-KNEE-HRRP,574,,0.9848,0.1534,0.1558,88,07/01/2020,06/30/2023
SAMPLE HOSPITAL 39,100038,OK,READM-30-HF-HRRP,182,,1.0436,0.1965,0.1883,36,07/01/2020,06/30/2023
SAMPLE HOSPITAL 39,100038,OK,READM-30-CABG-HRRP,619,,1.1065,0.191,0.1726,118,07/01/2020,06/30/2023
SAMPLE HOSPITAL 40,100039,NJ,READM-30-HIP-KNEE-HRRP,157,,1.0677,0.224,0.2098,35,07/01/2020,06/30/2023
SAMPLE HOSPITAL 40,100039,NJ,READM-30-CABG-HRRP,140,,1.0524,0.1304,0.1239,18,07/01/2020,06/30/2023
SAMPLE HOSPITAL 40,100039,NJ,READM-30-HF-HRRP,352,,1.0544,0.1378,0.1307,49,07/01/2020,06/30/2023
SAMPLE HOSPITAL 41,100040,NC,READM-30-HIP-KNEE-HRRP,70,,0.9317,0.1507,0.1617,11,07/01/2020,06/30/2023
SAMPLE HOSPITAL 41,100040,NC,READM-30-AMI-HRRP,456,,0.99,0.1365,0.1379,62,07/01/2020,06/30/2023
SAMPLE HOSPITAL 41,100040,NC,READM-30-PN-HRRP,248,,1.0099,0.1669,0.1653,41,07/01/2020,06/30/2023
SAMPLE HOSPITAL 41,100040,NC,READM-30-CABG-HRRP,84,,0.9313,0.1962,0.2107,16,07/01/2020,06/30/2023
SAMPLE HOSPITAL 41,100040,NC,READM-30-HF-HRRP,581,,0.948,0.1304,0.1376,76,07/01/2020,06/30/2023
SAMPLE HOSPITAL 41,100040,NC,READM-30-COPD-HRRP,212,,0.9333,0.2018,0.2162,43,07/01/2020,06/30/2023
SAMPLE HOSPITAL 42,100041,SC,READM-30-AMI-HRRP,193,,0.9307,0.126,0.1354,24,07/01/2020,06/30/2023
SAMPLE HOSPITAL 42,100041,SC,READM-30-COPD-HRRP,34,,1.0685,0.2295,0.2148,8,07/01/2020,06/30/2023
SAMPLE HOSPITAL 42,100041,SC,READM-30-HIP-KNEE-HRRP,59,,0.9138,0.1482,0.1622,9,07/01/2020,06/30/2023
SAMPLE HOSPITAL 42,100041,SC,READM-30-HF-HRRP,71,,0.9585,0.2404,0.2508,17,07/01/2020,06/30/2023
SAMPLE HOSPITAL 42,100041,SC,READM-30-CABG-HRRP,105,,0.9524,0.232,0.2436,24,07/01/2020,06/30/2023
SAMPLE HOSPITAL 43,100042,WI,READM-30-AMI-HRRP,91,,0.9514,0.2453,0.2578,22,07/01/2020,06/30/2023
SAMPLE HOSPITAL 43,100042,WI,READM-30-PN-HRRP,94,,0.9771,0.1376,0.1408,13,07/01/2020,06/30/2023
SAMPLE HOSPITAL 43,100042,WI,READM-30-HIP-KNEE-HRRP,138,,1.0105,0.2052,0.2031,28,07/01/2020,06/30/2023
SAMPLE HOSPITAL 43,100042,WI,READM-30-CABG-HRRP,135,,0.9499,0.2071,0.218,28,07/01/2020,06/30/2023
SAMPLE HOSPITAL 43,100042,WI,READM-30-COPD-HRRP,129,,1.0997,0.1788,0.1626,23,07/01/2020,06/30/2023
SAMPLE HOSPITAL 44,100043,NJ,READM-30-CABG-HRRP,874,,1.0558,0.2194,0.2078,192,07/01/2020,06/30/2023
SAMPLE HOSPITAL 44,100043,NJ,READM-30-HIP-KNEE-HRRP,113,,1.0353,0.207,0.1999,23,07/01/2020,06/30/2023
SAMPLE HOSPITAL 44,100043,NJ,READM-30-PN-HRRP,338,,1.0307,0.2292,0.2224,77,07/01/2020,06/30/2023
SAMPLE HOSPITAL 44,100043,NJ,READM-30-COPD-HRRP,157,,0.9128,0.1101,0.1206,17,07/01/2020,06/30/2023
SAMPLE HOSPITAL 44,100043,NJ,READM-30-AMI-HRRP,58,,0.9117,0.2072,0.2273,12,07/01/2020,06/30/2023
SAMPLE HOSPITAL 44,100043,NJ,READM-30-HF-HRRP,67,,1.0974,0.2812,0.2562,19,07/01/2020,06/30/2023
SAMPLE HOSPITAL 45,100044,OK,READM-30-CABG-HRRP,760,,0.987,0.2307,0.2337,175,07/01/2020,06/30/2023
SAMPLE HOSPITAL 45,100044,OK,READM-30-HIP-KNEE-HRRP,79,,1.0649,0.1586,0.1489,13,07/01/2020,06/30/2023
SAMPLE HOSPITAL 45,100044,OK,READM-30-PN-HRRP,371,,0.9644,0.1548,0.1605,57,07/01/2020,06/30/2023
SAMPLE HOSPITAL 46,100045,LA,READM-30-AMI-HRRP,32,,1.0486,0.1946,0.1856,6,07/01/2020,06/30/2023
SAMPLE HOSPITAL 46,100045,LA,READM-30-HIP-KNEE-HRRP,97,,0.9762,0.2121,0.2173,21,07/01/2020,06/30/2023
SAMPLE HOSPITAL 46,100045,LA,READM-30-COPD-HRRP,87,,0.9396,0.1555,0.1655,14,07/01/2020,06/30/2023
SAMPLE HOSPITAL 46,100045,LA,READM-30-CABG-HRRP,261,,0.9554,0.1301,0.1362,34,07/01/2020,06/30/2023
SAMPLE HOSPITAL 46,100045,LA,READM-30-PN-HRRP,198,,1.0411,0.1268,0.1218,25,07/01/2020,06/30/2023
SAMPLE HOSPITAL 47,100046,VT,READM-30-CABG-HRRP,384,,0.842,0.215,0.2553,83,07/01/2020,06/30/2023
SAMPLE HOSPITAL 47,100046,VT,READM-30-AMI-HRRP,320,,1.0096,0.1494,0.148,48,07/01/2020,06/30/2023
SAMPLE HOSPITAL 47,100046,VT,READM-30-PN-HRRP,360,,1.0414,0.2206,0.2118,79,07/01/2020,06/30/2023
SAMPLE HOSPITAL 47,100046,VT,READM-30-COPD-HRRP,140,,1.0267,0.1275,0.1242,18,07/01/2020,06/30/2023
SAMPLE HOSPITAL 48,100047,WI,READM-30-HIP-KNEE-HRRP,138,,0.9757,0.1827,0.1872,25,07/01/2020,06/30/2023
SAMPLE HOSPITAL 48,100047,WI,READM-30-PN-HRRP,187,,0.9096,0.1293,0.1422,24,07/01/2020,06/30/2023
SAMPLE HOSPITAL 48,100047,WI,READM-30-CABG-HRRP,510,,0.9372,0.1377,0.1469,70,07/01/2020,06/30/2023
SAMPLE HOSPITAL 48,100047,WI,READM-30-HF-HRRP,771,,0.986,0.1251,0.1269,96,07/01/2020,06/30/2023
SAMPLE HOSPITAL 49,100048,NY,READM-30-HIP-KNEE-HRRP,496,,0.9916,0.1465,0.1477,73,07/01/2020,06/30/2023
SAMPLE HOSPITAL 49,100048,NY,READM-30-CABG-HRRP,544,,1.0583,0.15,0.1417,82,07/01/2020,06/30/2023
SAMPLE HOSPITAL 49,100048,NY,READM-30-COPD-HRRP,100,,1.0119,0.219,0.2164,22,07/01/2020,06/30/2023
SAMPLE HOSPITAL 49,100048,NY,READM-30-AMI-HRRP,83,,0.921,0.1856,0.2015,15,07/01/2020,06/30/2023
SAMPLE HOSPITAL 50,100049,MT,READM-30-AMI-HRRP,182,,0.9484,0.2068,0.2181,38,07/01/2020,06/30/2023
SAMPLE HOSPITAL 50,100049,MT,READM-30-HF-HRRP,339,,0.976,0.156,0.1598,53,07/01/2020,06/30/2023
SAMPLE HOSPITAL 50,100049,MT,READM-30-HIP-KNEE-HRRP,392,,0.9474,0.1609,0.1698,63,07/01/2020,06/30/2023
SAMPLE HOSPITAL 50,100049,MT,READM-30-CABG-HRRP,574,,0.9638,0.1838,0.1907,106,07/01/2020,06/30/2023
SAMPLE HOSPITAL 50,100049,MT,READM-30-COPD-HRRP,203,,1.08,0.1407,0.1303,29,07/01/2020,06/30/2023
SAMPLE HOSPITAL 51,100050,IN,READM-30-COPD-HRRP,155,,0.9499,0.1904,0.2004,30,07/01/2020,06/30/2023
SAMPLE HOSPITAL 51,100050,IN,READM-30-CABG-HRRP,43,,0.9736,0.1733,0.178,7,07/01/2020,06/30/2023
SAMPLE HOSPITAL 51,100050,IN,READM-30-PN-HRRP,111,,1.0509,0.2725,0.2593,30,07/01/2020,06/30/2023
SAMPLE HOSPITAL 52,100051,WI,READM-30-HIP-KNEE-HRRP,364,,1.0284,0.2406,0.234,88,07/01/2020,06/30/2023
SAMPLE HOSPITAL 52,100051,WI,READM-30-PN-HRRP,226,,0.9737,0.1528,0.1569,35,07/01/2020,06/30/2023
SAMPLE HOSPITAL 52,100051,WI,READM-30-AMI-HRRP,308,,1.1144,0.2492,0.2236,77,07/01/2020,06/30/2023
SAMPLE HOSPITAL 52,100051,WI,READM-30-COPD-HRRP,106,,0.9603,0.2239,0.2332,24,07/01/2020,06/30/2023
SAMPLE HOSPITAL 53,100052,NJ,READM-30-PN-HRRP,220,,0.9627,0.1201,0.1248,26,07/01/2020,06/30/2023
SAMPLE HOSPITAL 53,100052,NJ,READM-30-AMI-HRRP,384,,0.8494,0.1875,0.2208,72,07/01/2020,06/30/2023
SAMPLE HOSPITAL 53,100052,NJ,READM-30-HF-HRRP,395,,0.9988,0.2173,0.2176,86,07/01/2020,06/30/2023
SAMPLE HOSPITAL 53,100052,NJ,READM-30-COPD-HRRP,215,,1.0048,0.2341,0.233,50,07/01/2020,06/30/2023
SAMPLE HOSPITAL 53,100052,NJ,READM-30-HIP-KNEE-HRRP,857,,0.9654,0.178,0.1844,153,07/01/2020,06/30/2023
SAMPLE HOSPITAL 53,100052,NJ,READM-30-CABG-HRRP,156,,1.0068,0.2301,0.2285,36,07/01/2020,06/30/2023
SAMPLE HOSPITAL 54,100053,MD,READM-30-PN-HRRP,33,,1.1071,0.1675,0.1513,6,07/01/2020,06/30/2023
SAMPLE HOSPITAL 54,100053,MD,READM-30-AMI-HRRP,235,,1.0121,0.2546,0.2516,60,07/01/2020,06/30/2023
SAMPLE HOSPITAL 54,100053,MD,READM-30-HIP-KNEE-HRRP,244,,0.8261,0.1504,0.182,37,07/01/2020,06/30/2023
SAMPLE HOSPITAL 54,100053,MD,READM-30-COPD-HRRP,160,,1.0148,0.1573,0.155,25,07/01/2020,06/30/2023
SAMPLE HOSPITAL 55,100054,CT,READM-30-PN-HRRP,271,,0.9487,0.1571,0.1656,43,07/01/2020,06/30/2023
SAMPLE HOSPITAL 55,100054,CT,READM-30-COPD-HRRP,666,,1.0713,0.2019,0.1885,134,07/01/2020,06/30/2023
SAMPLE HOSPITAL 55,100054,CT,READM-30-HIP-KNEE-HRRP,68,,1.0161,0.1567,0.1542,11,07/01/2020,06/30/2023
SAMPLE HOSPITAL 55,100054,CT,READM-30-HF-HRRP,98,,0.9628,0.1163,0.1208,11,07/01/2020,06/30/2023
SAMPLE HOSPITAL 56,100055,NC,READM-30-COPD-HRRP,258,,0.9051,0.1629,0.18,42,07/01/2020,06/30/2023
SAMPLE HOSPITAL 56,100055,NC,READM-30-PN-HRRP,46,,1.1258,0.1629,0.1447,7,07/01/2020,06/30/2023
SAMPLE HOSPITAL 56,100055,NC,READM-30-CABG-HRRP,446,,0.9307,0.2129,0.2288,95,07/01/2020,06/30/2023
SAMPLE HOSPITAL 56,100055,NC,READM-30-HIP-KNEE-HRRP,221,,1.159,0.1887,0.1628,42,07/01/2020,06/30/2023
SAMPLE HOSPITAL 56,100055,NC,READM-30-AMI-HRRP,63,,0.9484,0.2112,0.2227,13,07/01/2020,06/30/2023
SAMPLE HOSPITAL 57,100056,WA,READM-30-AMI-HRRP,154,,0.9621,0.2418,0.2513,37,07/01/2020,06/30/2023
SAMPLE HOSPITAL 57,100056,WA,READM-30-HIP-KNEE-HRRP,92,,1.0068,0.1644,0.1633,15,07/01/2020,06/30/2023
SAMPLE HOSPITAL 57,100056,WA,READM-30-CABG-HRRP,179,,0.961,0.1694,0.1763,30,07/01/2020,06/30/2023
SAMPLE HOSPITAL 58,100057,CO,READM-30-CABG-HRRP,63,,0.9905,0.1879,0.1897,12,07/01/2020,06/30/2023
SAMPLE HOSPITAL 58,100057,CO,READM-30-AMI-HRRP,189,,1.0945,0.1622,0.1482,31,07/01/2020,06/30/2023
SAMPLE HOSPITAL 58,100057,CO,READM-30-COPD-HRRP,777,,1.021,0.1475,0.1445,115,07/01/2020,06/30/2023
SAMPLE HOSPITAL 58,100057,CO,READM-30-HIP-KNEE-HRRP,226,,1.1295,0.2884,0.2553,65,07/01/2020,06/30/2023
SAMPLE HOSPITAL 59,100058,ID,READM-30-HF-HRRP,70,,0.9655,0.1582,0.1639,11,07/01/2020,06/30/2023
SAMPLE HOSPITAL 59,100058,ID,READM-30-COPD-HRRP,146,,1.0982,0.258,0.2349,38,07/01/2020,06/30/2023
SAMPLE HOSPITAL 59,100058,ID,READM-30-CABG-HRRP,289,,0.9002,0.1936,0.2151,56,07/01/2020,06/30/2023
SAMPLE HOSPITAL 60,100059,WA,READM-30-PN-HRRP,548,,0.9575,0.2406,0.2513,132,07/01/2020,06/30/2023
SAMPLE HOSPITAL 60,100059,WA,READM-30-HIP-KNEE-HRRP,57,,1.0658,0.2075,0.1947,12,07/01/2020,06/30/2023
SAMPLE HOSPITAL 60,100059,WA,READM-30-AMI-HRRP,67,,0.9786,0.2068,0.2113,14,07/01/2020,06/30/2023
SAMPLE HOSPITAL 60,100059,WA,READM-30-COPD-HRRP,97,,0.9627,0.1431,0.1486,14,07/01/2020,06/30/2023
SAMPLE HOSPITAL 60,100059,WA,READM-30-HF-HRRP,331,,0.9186,0.1678,0.1827,56,07/01/2020,06/30/2023
SAMPLE HOSPITAL 60,100059,WA,READM-30-CABG-HRRP,52,,0.9382,0.2278,0.2428,12,07/01/2020,06/30/2023
SAMPLE HOSPITAL 61,100060,IA,READM-30-AMI-HRRP,84,,1.0608,0.2561,0.2414,22,07/01/2020,06/30/2023
SAMPLE HOSPITAL 61,100060,IA,READM-30-COPD-HRRP,52,,0.9652,0.2279,0.2361,12,07/01/2020,06/30/2023
SAMPLE HOSPITAL 61,100060,IA,READM-30-CABG-HRRP,139,,1.0402,0.1352,0.13,19,07/01/2020,06/30/2023
SAMPLE HOSPITAL 61,100060,IA,READM-30-PN-HRRP,27,,1.0746,0.2121,0.1974,6,07/01/2020,06/30/2023
SAMPLE HOSPITAL 61,100060,IA,READM-30-HIP-KNEE-HRRP,2740,,0.9491,0.1728,0.1821,473,07/01/2020,06/30/2023
SAMPLE HOSPITAL 61,100060,IA,READM-30-HF-HRRP,344,,0.9598,0.2372,0.2471,82,07/01/2020,06/30/2023
SAMPLE HOSPITAL 62,100061,LA,READM-30-HIP-KNEE-HRRP,47,,1.0855,0.2108,0.1942,10,07/01/2020,06/30/2023
SAMPLE HOSPITAL 62,100061,LA,READM-30-AMI-HRRP,Too Few to Report,1,Too Few to Report,,,,07/01/2020,06/30/2023
SAMPLE HOSPITAL 62,100061,LA,READM-30-HF-HRRP,99,,0.9805,0.2386,0.2433,24,07/01/2020,06/30/2023
SAMPLE HOSPITAL 62,100061,LA,READM-30-PN-HRRP,Too Few to Report,1,Too Few to Report,,,,07/01/2020,06/30/2023
SAMPLE HOSPITAL 63,100062,IN,READM-30-COPD-HRRP,94,,1.0302,0.1493,0.1449,14,07/01/2020,06/30/2023
SAMPLE HOSPITAL 63,100062,IN,READM-30-HIP-KNEE-HRRP,159,,1.0237,0.2589,0.2529,41,07/01/2020,06/30/2023
SAMPLE HOSPITAL 63,100062,IN,READM-30-AMI-HRRP,187,,0.9075,0.2176,0.2398,41,07/01/2020,06/30/2023
SAMPLE HOSPITAL 63,100062,IN,READM-30-CABG-HRRP,69,,1.0374,0.265,0.2554,18,07/01/2020,06/30/2023
SAMPLE HOSPITAL 63,100062,IN,READM-30-HF-HRRP,1034,,0.9242,0.1581,0.1711,163,07/01/2020,06/30/2023
SAMPLE HOSPITAL 63,100062,IN,READM-30-PN-HRRP,371,,0.8764,0.2017,0.2302,75,07/01/2020,06/30/2023
SAMPLE HOSPITAL 64,100063,AL,READM-30-AMI-HRRP,372,,1.0319,0.1292,0.1252,48,07/01/2020,06/30/2023
SAMPLE HOSPITAL 64,100063,AL,READM-30-COPD-HRRP,99,,0.9806,0.1907,0.1945,19,07/01/2020,06/30/2023
SAMPLE HOSPITAL 64,100063,AL,READM-30-PN-HRRP,893,,0.8638,0.1646,0.1906,147,07/01/2020,06/30/2023
SAMPLE HOSPITAL 64,100063,AL,READM-30-HF-HRRP,215,,0.9705,0.2196,0.2263,47,07/01/2020,06/30/2023
SAMPLE HOSPITAL 64,100063,AL,READM-30-CABG-HRRP,53,,0.9989,0.168,0.1682,9,07/01/2020,06/30/2023
SAMPLE HOSPITAL 65,100064,OR,READM-30-HIP-KNEE-HRRP,212,,0.914,0.1274,0.1394,27,07/01/2020,06/30/2023
SAMPLE HOSPITAL 65,100064,OR,READM-30-HF-HRRP,387,,0.9154,0.1533,0.1675,59,07/01/2020,06/30/2023
SAMPLE HOSPITAL 65,100064,OR,READM-30-CABG-HRRP,Too Few to Report,1,Too Few to Report,,,,07/01/2020,06/30/2023
SAMPLE HOSPITAL 65,100064,OR,READM-30-COPD-HRRP,112,,0.8576,0.1189,0.1387,13,07/01/2020,06/30/2023
SAMPLE HOSPITAL 66,100065,GA,READM-30-CABG-HRRP,104,,0.9824,0.1549,0.1577,16,07/01/2020,06/30/2023
SAMPLE HOSPITAL 66,100065,GA,READM-30-HIP-KNEE-HRRP,1586,,1.0264,0.139,0.1354,220,07/01/2020,06/30/2023
SAMPLE HOSPITAL 66,100065,GA,READM-30-AMI-HRRP,204,,1.031,0.2353,0.2282,48,07/01/2020,06/30/2023
SAMPLE HOSPITAL 66,100065,GA,READM-30-COPD-HRRP,525,,1.0598,0.266,0.251,140,07/01/2020,06/30/2023
SAMPLE HOSPITAL 67,100066,WY,READM-30-PN-HRRP,149,,0.9647,0.2173,0.2253,32,07/01/2020,06/30/2023
SAMPLE HOSPITAL 67,100066,WY,READM-30-HIP-KNEE-HRRP,302,,1.1477,0.1681,0.1465,51,07/01/2020,06/30/2023
SAMPLE HOSPITAL 67,100066,WY,READM-30-HF-HRRP,40,,1.1006,0.1596,0.145,6,07/01/2020,06/30/2023
SAMPLE HOSPITAL 67,100066,WY,READM-30-AMI-HRRP,211,,1.0093,0.1459,0.1446,31,07/01/2020,06/30/2023
SAMPLE HOSPITAL 67,100066,WY,READM-30-CABG-HRRP,191,,0.9024,0.2178,0.2414,42,07/01/2020,06/30/2023
SAMPLE HOSPITAL 68,100067,SD,READM-30-HF-HRRP,489,,0.9694,0.2308,0.2381,113,07/01/2020,06/30/2023
SAMPLE HOSPITAL 68,100067,SD,READM-30-COPD-HRRP,234,,1.0364,0.2546,0.2457,60,07/01/2020,06/30/2023
SAMPLE HOSPITAL 68,100067,SD,READM-30-HIP-KNEE-HRRP,73,,0.9841,0.2427,0.2466,18,07/01/2020,06/30/2023
SAMPLE HOSPITAL 68,100067,SD,READM-30-CABG-HRRP,97,,1.004,0.1872,0.1865,18,07/01/2020,06/30/2023
SAMPLE HOSPITAL 68,100067,SD,READM-30-PN-HRRP,123,,0.9566,0.1746,0.1825,21,07/01/2020,06/30/2023
SAMPLE HOSPITAL 68,100067,SD,READM-30-AMI-HRRP,526,,0.9624,0.1667,0.1732,88,07/01/2020,06/30/2023
SAMPLE HOSPITAL 69,100068,ME,READM-30-AMI-HRRP,Too Few to Report,1,Too Few to Report,,,,07/01/2020,06/30/2023
SAMPLE HOSPITAL 69,100068,ME,READM-30-PN-HRRP,77,,0.9649,0.1679,0.174,13,07/01/2020,06/30/2023
SAMPLE HOSPITAL 69,100068,ME,READM-30-CABG-HRRP,163,,1.0679,0.2298,0.2152,37,07/01/2020,06/30/2023
SAMPLE HOSPITAL 69,100068,ME,READM-30-COPD-HRRP,81,,0.9596,0.2215,0.2308,18,07/01/2020,06/30/2023
SAMPLE HOSPITAL 69,100068,ME,READM-30-HIP-KNEE-HRRP,259,,1.0542,0.2642,0.2506,68,07/01/2020,06/30/2023
SAMPLE HOSPITAL 69,100068,ME,READM-30-HF-HRRP,275,,1.0628,0.13,0.1223,36,07/01/2020,06/30/2023
SAMPLE HOSPITAL 70,100069,NV,READM-30-PN-HRRP,108,,1.0225,0.2502,0.2447,27,07/01/2020,06/30/2023
SAMPLE HOSPITAL 70,100069,NV,READM-30-AMI-HRRP,133,,1.0259,0.2504,0.2441,33,07/01/2020,06/30/2023
SAMPLE HOSPITAL 70,100069,NV,READM-30-CABG-HRRP,181,,0.9599,0.2,0.2084,36,07/01/2020,06/30/2023
SAMPLE HOSPITAL 70,100069,NV,READM-30-HF-HRRP,60,,1.0388,0.1296,0.1248,8,07/01/2020,06/30/2023
SAMPLE HOSPITAL 70,100069,NV,READM-30-HIP-KNEE-HRRP,100,,1.2063,0.2176,0.1804,22,07/01/2020,06/30/2023
SAMPLE HOSPITAL 71,100070,NH,READM-30-CABG-HRRP,118,,1.1157,0.2047,0.1835,24,07/01/2020,06/30/2023
SAMPLE HOSPITAL 71,100070,NH,READM-30-COPD-HRRP,144,,1.0319,0.2069,0.2005,30,07/01/2020,06/30/2023
SAMPLE HOSPITAL 71,100070,NH,READM-30-HIP-KNEE-HRRP,276,,1.0063,0.1747,0.1736,48,07/01/2020,06/30/2023
SAMPLE HOSPITAL 71,100070,NH,READM-30-HF-HRRP,646,,1.0263,0.1294,0.1261,84,07/01/2020,06/30/2023
SAMPLE HOSPITAL 72,100071,RI,READM-30-HF-HRRP,83,,0.9738,0.2003,0.2057,17,07/01/2020,06/30/2023
SAMPLE HOSPITAL 72,100071,RI,READM-30-PN-HRRP,107,,0.9668,0.2019,0.2088,22,07/01/2020,06/30/2023
SAMPLE HOSPITAL 72,100071,RI,READM-30-AMI-HRRP,64,,1.0554,0.2691,0.255,17,07/01/2020,06/30/2023
SAMPLE HOSPITAL 73,100072,WI,READM-30-PN-HRRP,340,,0.966,0.1263,0.1307,43,07/01/2020,06/30/2023
SAMPLE HOSPITAL 73,100072,WI,READM-30-HIP-KNEE-HRRP,28,,1.0348,0.2541,0.2456,7,07/01/2020,06/30/2023
SAMPLE HOSPITAL 73,100072,WI,READM-30-COPD-HRRP,487,,0.9687,0.1632,0.1685,79,07/01/2020,06/30/2023
SAMPLE HOSPITAL 73,100072,WI,READM-30-HF-HRRP,2100,,1.0179,0.1318,0.1295,277,07/01/2020,06/30/2023
SAMPLE HOSPITAL 73,100072,WI,READM-30-CABG-HRRP,508,,0.9962,0.1718,0.1725,87,07/01/2020,06/30/2023
SAMPLE HOSPITAL 73,100072,WI,READM-30-AMI-HRRP,40,,1.0487,0.2624,0.2502,10,07/01/2020,06/30/2023
SAMPLE HOSPITAL 74,100073,NE,READM-30-PN-HRRP,46,,1.0363,0.1583,0.1528,7,07/01/2020,06/30/2023
SAMPLE HOSPITAL 74,100073,NE,READM-30-HIP-KNEE-HRRP,106,,1.1009,0.1714,0.1557,18,07/01/2020,06/30/2023
SAMPLE HOSPITAL 74,100073,NE,READM-30-CABG-HRRP,214,,1.0982,0.1711,0.1558,37,07/01/2020,06/30/2023
SAMPLE HOSPITAL 75,100074,NJ,READM-30-HF-HRRP,48,,1.0064,0.2311,0.2296,11,07/01/2020,06/30/2023
SAMPLE HOSPITAL 75,100074,NJ,READM-30-CABG-HRRP,187,,1.0094,0.1986,0.1968,37,07/01/2020,06/30/2023
SAMPLE HOSPITAL 75,100074,NJ,READM-30-HIP-KNEE-HRRP,95,,1.0798,0.2806,0.2599,27,07/01/2020,06/30/2023
SAMPLE HOSPITAL 76,100075,IL,READM-30-HF-HRRP,144,,1.0225,0.1706,0.1668,25,07/01/2020,06/30/2023
SAMPLE HOSPITAL 76,100075,IL,READM-30-AMI-HRRP,63,,1.0909,0.2817,0.2582,18,07/01/2020,06/30/2023
SAMPLE HOSPITAL 76,100075,IL,READM-30-PN-HRRP,221,,1.0335,0.2109,0.2041,47,07/01/2020,06/30/2023
SAMPLE HOSPITAL 76,100075,IL,READM-30-HIP-KNEE-HRRP,106,,1.0965,0.1877,0.1712,20,07/01/2020,06/30/2023
SAMPLE HOSPITAL 76,100075,IL,READM-30-CABG-HRRP,284,,0.9768,0.1515,0.1551,43,07/01/2020,06/30/2023
SAMPLE HOSPITAL 77,100076,NH,READM-30-HF-HRRP,498,,0.913,0.1858,0.2035,93,07/01/2020,06/30/2023
SAMPLE HOSPITAL 77,100076,NH,READM-30-HIP-KNEE-HRRP,214,,0.978,0.2175,0.2224,47,07/01/2020,06/30/2023
SAMPLE HOSPITAL 77,100076,NH,READM-30-CABG-HRRP,823,,0.9917,0.1227,0.1237,101,07/01/2020,06/30/2023
SAMPLE HOSPITAL 77,100076,NH,READM-30-COPD-HRRP,150,,0.9543,0.1273,0.1334,19,07/01/2020,06/30/2023
SAMPLE HOSPITAL 77,100076,NH,READM-30-PN-HRRP,233,,0.9876,0.125,0.1266,29,07/01/2020,06/30/2023
SAMPLE HOSPITAL 77,100076,NH,READM-30-AMI-HRRP,62,,0.8788,0.2106,0.2397,13,07/01/2020,06/30/2023
SAMPLE HOSPITAL 78,100077,OK,READM-30-COPD-HRRP,326,,1.0139,0.191,0.1884,62,07/01/2020,06/30/2023
SAMPLE HOSPITAL 78,100077,OK,READM-30-CABG-HRRP,37,,1.014,0.1903,0.1877,7,07/01/2020,06/30/2023
SAMPLE HOSPITAL 78,100077,OK,READM-30-AMI-HRRP,97,,0.9565,0.2075,0.2169,20,07/01/2020,06/30/2023
SAMPLE HOSPITAL 79,100078,OK,READM-30-AMI-HRRP,97,,0.9519,0.1668,0.1752,16,07/01/2020,06/30/2023
SAMPLE HOSPITAL 79,100078,OK,READM-30-PN-HRRP,317,,0.9997,0.1754,0.1755,56,07/01/2020,06/30/2023
SAMPLE HOSPITAL 79,100078,OK,READM-30-COPD-HRRP,306,,1.1682,0.1742,0.1491,53,07/01/2020,06/30/2023
SAMPLE HOSPITAL 79,100078,OK,READM-30-CABG-HRRP,116,,0.9822,0.1186,0.1207,14,07/01/2020,06/30/2023
SAMPLE HOSPITAL 79,100078,OK,READM-30-HIP-KNEE-HRRP,71,,1.0648,0.2365,0.2221,17,07/01/2020,06/30/2023
SAMPLE HOSPITAL 79,100078,OK,READM-30-HF-HRRP,336,,1.0702,0.2099,0.1961,71,07/01/2020,06/30/2023
SAMPLE HOSPITAL 80,100079,MI,READM-30-PN-HRRP,253,,1.0351,0.2485,0.2401,63,07/01/2020,06/30/2023
SAMPLE HOSPITAL 80,100079,MI,READM-30-CABG-HRRP,731,,0.9317,0.1518,0.1629,111,07/01/2020,06/30/2023
SAMPLE HOSPITAL 80,100079,MI,READM-30-HF-HRRP,314,,0.9486,0.1294,0.1364,41,07/01/2020,06/30/2023
SAMPLE HOSPITAL 80,100079,MI,READM-30-COPD-HRRP,52,,0.9818,0.2517,0.2564,13,07/01/2020,06/30/2023
SAMPLE HOSPITAL 81,100080,NJ,READM-30-HF-HRRP,33,,0.9137,0.1643,0.1798,5,07/01/2020,06/30/2023
SAMPLE HOSPITAL 81,100080,NJ,READM-30-PN-HRRP,131,,0.9336,0.2211,0.2368,29,07/01/2020,06/30/2023
SAMPLE HOSPITAL 81,100080,NJ,READM-30-CABG-HRRP,202,,0.9752,0.1504,0.1542,30,07/01/2020,06/30/2023
SAMPLE HOSPITAL 81,100080,NJ,READM-30-COPD-HRRP,142,,0.8715,0.1674,0.1921,24,07/01/2020,06/30/2023
SAMPLE HOSPITAL 81,100080,NJ,READM-30-HIP-KNEE-HRRP,300,,0.8881,0.1326,0.1493,40,07/01/2020,06/30/2023
SAMPLE HOSPITAL 82,100081,MO,READM-30-HF-HRRP,257,,0.9261,0.2025,0.2187,52,07/01/2020,06/30/2023
SAMPLE HOSPITAL 82,100081,MO,READM-30-CABG-HRRP,288,,0.9781,0.2318,0.237,67,07/01/2020,06/30/2023
SAMPLE HOSPITAL 82,100081,MO,READM-30-COPD-HRRP,91,,0.9281,0.2227,0.2399,20,07/01/2020,06/30/2023
SAMPLE HOSPITAL 82,100081,MO,READM-30-AMI-HRRP,718,,0.8922,0.1155,0.1295,83,07/01/2020,06/30/2023
SAMPLE HOSPITAL 82,100081,MO,READM-30-HIP-KNEE-HRRP,34,,0.8779,0.176,0.2005,6,07/01/2020,06/30/2023
SAMPLE HOSPITAL 83,100082,CA,READM-30-HF-HRRP,318,,1.0699,0.1797,0.168,57,07/01/2020,06/30/2023
SAMPLE HOSPITAL 83,100082,CA,READM-30-CABG-HRRP,276,,0.8749,0.1685,0.1926,47,07/01/2020,06/30/2023
SAMPLE HOSPITAL 83,100082,CA,READM-30-PN-HRRP,310,,0.9278,0.1255,0.1353,39,07/01/2020,06/30/2023
SAMPLE HOSPITAL 83,100082,CA,READM-30-AMI-HRRP,84,,0.9864,0.1838,0.1863,15,07/01/2020,06/30/2023
SAMPLE HOSPITAL 83,100082,CA,READM-30-COPD-HRRP,268,,1.0347,0.1393,0.1346,37,07/01/2020,06/30/2023
SAMPLE HOSPITAL 83,100082,CA,READM-30-HIP-KNEE-HRRP,419,,0.9054,0.2103,0.2323,88,07/01/2020,06/30/2023
SAMPLE HOSPITAL 84,100083,MA,READM-30-CABG-HRRP,78,,0.9899,0.1615,0.1631,13,07/01/2020,06/30/2023
SAMPLE HOSPITAL 84,100083,MA,READM-30-HIP-KNEE-HRRP,197,,1.1273,0.2014,0.1787,40,07/01/2020,06/30/2023
SAMPLE HOSPITAL 84,100083,MA,READM-30-AMI-HRRP,80,,0.9907,0.1851,0.1868,15,07/01/2020,06/30/2023
SAMPLE HOSPITAL 84,100083,MA,READM-30-HF-HRRP,199,,1.0079,0.1444,0.1433,29,07/01/2020,06/30/2023
SAMPLE HOSPITAL 84,100083,MA,READM-30-COPD-HRRP,175,,0.8795,0.1845,0.2098,32,07/01/2020,06/30/2023
SAMPLE HOSPITAL 84,100083,MA,READM-30-PN-HRRP,196,,0.9658,0.245,0.2537,48,07/01/2020,06/30/2023
SAMPLE HOSPITAL 85,100084,NV,READM-30-CABG-HRRP,245,,0.9354,0.2064,0.2207,51,07/01/2020,06/30/2023
SAMPLE HOSPITAL 85,100084,NV,READM-30-PN-HRRP,34,,1.0715,0.1607,0.15,5,07/01/2020,06/30/2023
SAMPLE HOSPITAL 85,100084,NV,READM-30-AMI-HRRP,392,,1.013,0.1966,0.1941,77,07/01/2020,06/30/2023
SAMPLE HOSPITAL 86,100085,MS,READM-30-CABG-HRRP,436,,0.966,0.1899,0.1966,83,07/01/2020,06/30/2023
SAMPLE HOSPITAL 86,100085,MS,READM-30-PN-HRRP,49,,0.9671,0.1716,0.1774,8,07/01/2020,06/30/2023
SAMPLE HOSPITAL 86,100085,MS,READM-30-HIP-KNEE-HRRP,220,,0.9155,0.1325,0.1447,29,07/01/2020,06/30/2023
SAMPLE HOSPITAL 86,100085,MS,READM-30-AMI-HRRP,240,,1.0513,0.1747,0.1662,42,07/01/2020,06/30/2023
SAMPLE HOSPITAL 86,100085,MS,READM-30-HF-HRRP,308,,1.0869,0.1698,0.1562,52,07/01/2020,06/30/2023
SAMPLE HOSPITAL 87,100086,SC,READM-30-CABG-HRRP,863,,0.9495,0.1682,0.1771,145,07/01/2020,06/30/2023
SAMPLE HOSPITAL 87,100086,SC,READM-30-HIP-KNEE-HRRP,378,,0.9792,0.1677,0.1713,63,07/01/2020,06/30/2023
SAMPLE HOSPITAL 87,100086,SC,READM-30-HF-HRRP,572,,1.0912,0.2165,0.1984,124,07/01/2020,06/30/2023
SAMPLE HOSPITAL 87,100086,SC,READM-30-PN-HRRP,176,,1.0817,0.1583,0.1463,28,07/01/2020,06/30/2023
SAMPLE HOSPITAL 87,100086,SC,READM-30-AMI-HRRP,281,,1.0292,0.1746,0.1696,49,07/01/2020,06/30/2023
SAMPLE HOSPITAL 87,100086,SC,READM-30-COPD-HRRP,257,,0.8965,0.1652,0.1843,42,07/01/2020,06/30/2023
SAMPLE HOSPITAL 88,100087,UT,READM-30-HF-HRRP,106,,1.0754,0.2345,0.2181,25,07/01/2020,06/30/2023
SAMPLE HOSPITAL 88,100087,UT,READM-30-PN-HRRP,77,,1.0341,0.1416,0.1369,11,07/01/2020,06/30/2023
SAMPLE HOSPITAL 88,100087,UT,READM-30-AMI-HRRP,515,,1.0113,0.1776,0.1756,91,07/01/2020,06/30/2023
SAMPLE HOSPITAL 88,100087,UT,READM-30-COPD-HRRP,178,,0.7912,0.1434,0.1813,26,07/01/2020,06/30/2023
SAMPLE HOSPITAL 88,100087,UT,READM-30-CABG-HRRP,269,,1.0588,0.2291,0.2164,62,07/01/2020,06/30/2023
SAMPLE HOSPITAL 89,100088,MD,READM-30-PN-HRRP,314,,0.9246,0.1492,0.1614,47,07/01/2020,06/30/2023
SAMPLE HOSPITAL 89,100088,MD,READM-30-HIP-KNEE-HRRP,238,,1.0723,0.1322,0.1233,31,07/01/2020,06/30/2023
SAMPLE HOSPITAL 89,100088,MD,READM-30-HF-HRRP,94,,0.9674,0.2135,0.2207,20,07/01/2020,06/30/2023
SAMPLE HOSPITAL 90,100089,LA,READM-30-PN-HRRP,309,,1.0034,0.254,0.2531,78,07/01/2020,06/30/2023
SAMPLE HOSPITAL 90,100089,LA,READM-30-HF-HRRP,116,,0.8563,0.1355,0.1582,16,07/01/2020,06/30/2023
SAMPLE HOSPITAL 90,100089,LA,READM-30-CABG-HRRP,174,,1.0409,0.1328,0.1276,23,07/01/2020,06/30/2023
SAMPLE HOSPITAL 90,100089,LA,READM-30-HIP-KNEE-HRRP,31,,1.1254,0.2897,0.2574,9,07/01/2020,06/30/2023
SAMPLE HOSPITAL 90,100089,LA,READM-30-AMI-HRRP,245,,1.0486,0.2591,0.2471,63,07/01/2020,06/30/2023
SAMPLE HOSPITAL 90,100089,LA,READM-30-COPD-HRRP,46,,1.0012,0.1461,0.1459,7,07/01/2020,06/30/2023
SAMPLE HOSPITAL 91,100090,WY,READM-30-HF-HRRP,2017,,1.0489,0.1951,0.186,394,07/01/2020,06/30/2023
SAMPLE HOSPITAL 91,100090,WY,READM-30-COPD-HRRP,719,,1.0155,0.1764,0.1737,127,07/01/2020,06/30/2023
SAMPLE HOSPITAL 91,100090,WY,READM-30-AMI-HRRP,Too Few to Report,1,Too Few to Report,,,,07/01/2020,06/30/2023
SAMPLE HOSPITAL 92,100091,SD,READM-30-HIP-KNEE-HRRP,72,,0.9035,0.1909,0.2113,14,07/01/2020,06/30/2023
SAMPLE HOSPITAL 92,100091,SD,READM-30-AMI-HRRP,299,,0.9513,0.1439,0.1513,43,07/01/2020,06/30/2023
SAMPLE HOSPITAL 92,100091,SD,READM-30-COPD-HRRP,155,,0.9734,0.1666,0.1712,26,07/01/2020,06/30/2023
SAMPLE HOSPITAL 92,100091,SD,READM-30-CABG-HRRP,399,,1.0052,0.1675,0.1666,67,07/01/2020,06/30/2023
SAMPLE HOSPITAL 92,100091,SD,READM-30-PN-HRRP,112,,0.9871,0.1707,0.1729,19,07/01/2020,06/30/2023
SAMPLE HOSPITAL 93,100092,ID,READM-30-CABG-HRRP,327,,1.0392,0.1888,0.1817,62,07/01/2020,06/30/2023
SAMPLE HOSPITAL 93,100092,ID,READM-30-HIP-KNEE-HRRP,582,,1.0352,0.1772,0.1712,103,07/01/2020,06/30/2023
SAMPLE HOSPITAL 93,100092,ID,READM-30-PN-HRRP,180,,1.0967,0.189,0.1723,34,07/01/2020,06/30/2023
SAMPLE HOSPITAL 93,100092,ID,READM-30-HF-HRRP,222,,0.9935,0.2429,0.2445,54,07/01/2020,06/30/2023
SAMPLE HOSPITAL 93,100092,ID,READM-30-COPD-HRRP,121,,1.0237,0.2194,0.2143,27,07/01/2020,06/30/2023
SAMPLE HOSPITAL 93,100092,ID,READM-30-AMI-HRRP,426,,0.9614,0.2094,0.2178,89,07/01/2020,06/30/2023
SAMPLE HOSPITAL 94,100093,DE,READM-30-HIP-KNEE-HRRP,390,,0.9998,0.2107,0.2107,82,07/01/2020,06/30/2023
SAMPLE HOSPITAL 94,100093,DE,READM-30-HF-HRRP,122,,1.0211,0.1749,0.1713,21,07/01/2020,06/30/2023
SAMPLE HOSPITAL 94,100093,DE,READM-30-COPD-HRRP,161,,0.9285,0.2018,0.2173,32,07/01/2020,06/30/2023
SAMPLE HOSPITAL 94,100093,DE,READM-30-PN-HRRP,37,,0.9618,0.1424,0.1481,5,07/01/2020,06/30/2023
SAMPLE HOSPITAL 94,100093,DE,READM-30-CABG-HRRP,394,,1.003,0.2579,0.2571,102,07/01/2020,06/30/2023
SAMPLE HOSPITAL 94,100093,DE,READM-30-AMI-HRRP,166,,1.0336,0.2347,0.2271,39,07/01/2020,06/30/2023
SAMPLE HOSPITAL 95,100094,CO,READM-30-COPD-HRRP,264,,0.9955,0.2502,0.2513,66,07/01/2020,06/30/2023
SAMPLE HOSPITAL 95,100094,CO,READM-30-CABG-HRRP,157,,0.9796,0.1556,0.1588,24,07/01/2020,06/30/2023
SAMPLE HOSPITAL 95,100094,CO,READM-30-AMI-HRRP,137,,1.1071,0.1997,0.1804,27,07/01/2020,06/30/2023
SAMPLE HOSPITAL 95,100094,CO,READM-30-HIP-KNEE-HRRP,134,,0.9658,0.135,0.1398,18,07/01/2020,06/30/2023
SAMPLE HOSPITAL 95,100094,CO,READM-30-PN-HRRP,50,,1.0684,0.1944,0.182,10,07/01/2020,06/30/2023
SAMPLE HOSPITAL 96,100095,SC,READM-30-AMI-HRRP,257,,1.0038,0.2419,0.241,62,07/01/2020,06/30/2023
SAMPLE HOSPITAL 96,100095,SC,READM-30-CABG-HRRP,676,,0.9777,0.1724,0.1763,117,07/01/2020,06/30/2023
SAMPLE HOSPITAL 96,100095,SC,READM-30-COPD-HRRP,212,,0.9761,0.1191,0.122,25,07/01/2020,06/30/2023
SAMPLE HOSPITAL 96,100095,SC,READM-30-HIP-KNEE-HRRP,404,,0.8763,0.2122,0.2422,86,07/01/2020,06/30/2023
SAMPLE HOSPITAL 96,100095,SC,READM-30-HF-HRRP,84,,0.9331,0.2412,0.2585,20,07/01/2020,06/30/2023
SAMPLE HOSPITAL 97,100096,AZ,READM-30-CABG-HRRP,613,,1.0409,0.2678,0.2573,164,07/01/2020,06/30/2023
SAMPLE HOSPITAL 97,100096,AZ,READM-30-AMI-HRRP,296,,0.9642,0.2023,0.2098,60,07/01/2020,06/30/2023
SAMPLE HOSPITAL 97,100096,AZ,READM-30-COPD-HRRP,489,,1.0279,0.1288,0.1253,63,07/01/2020,06/30/2023
SAMPLE HOSPITAL 98,100097,TN,READM-30-AMI-HRRP,143,,0.9462,0.1538,0.1625,22,07/01/2020,06/30/2023
SAMPLE HOSPITAL 98,100097,TN,READM-30-HF-HRRP,232,,1.0686,0.1926,0.1802,45,07/01/2020,06/30/2023
SAMPLE HOSPITAL 98,100097,TN,READM-30-HIP-KNEE-HRRP,157,,1.0072,0.1573,0.1562,25,07/01/2020,06/30/2023
SAMPLE HOSPITAL 98,100097,TN,READM-30-PN-HRRP,183,,0.9826,0.1957,0.1992,36,07/01/2020,06/30/2023
SAMPLE HOSPITAL 99,100098,MS,READM-30-PN-HRRP,354,,0.9376,0.1794,0.1913,64,07/01/2020,06/30/2023
SAMPLE HOSPITAL 99,100098,MS,READM-30-HF-HRRP,322,,0.9473,0.1562,0.1649,50,07/01/2020,06/30/2023
SAMPLE HOSPITAL 99,100098,MS,READM-30-AMI-HRRP,289,,0.9798,0.177,0.1806,51,07/01/2020,06/30/2023
SAMPLE HOSPITAL 99,100098,MS,READM-30-CABG-HRRP,120,,0.8973,0.1228,0.1368,15,07/01/2020,06/30/2023
SAMPLE HOSPITAL 100,100099,NJ,READM-30-PN-HRRP,643,,1.0348,0.1681,0.1624,108,07/01/2020,06/30/2023
SAMPLE HOSPITAL 100,100099,NJ,READM-30-COPD-HRRP,839,,1.0323,0.1384,0.1341,116,07/01/2020,06/30/2023
SAMPLE HOSPITAL 100,100099,NJ,READM-30-HIP-KNEE-HRRP,43,,0.9814,0.2148,0.2189,9,07/01/2020,06/30/2023
SAMPLE HOSPITAL 100,100099,NJ,READM-30-CABG-HRRP,209,,1.0398,0.1433,0.1378,30,07/01/2020,06/30/2023
SAMPLE HOSPITAL 100,100099,NJ,READM-30-AMI-HRRP,81,,1.0006,0.1408,0.1407,11,07/01/2020,06/30/2023
SAMPLE HOSPITAL 100,100099,NJ,READM-30-HF-HRRP,49,,1.1643,0.2026,0.174,10,07/01/2020,06/30/2023
SAMPLE HOSPITAL 101,100100,CA,READM-30-HF-HRRP,1134,,0.9707,0.1938,0.1996,220,07/01/2020,06/30/2023
SAMPLE HOSPITAL 101,100100,CA,READM-30-PN-HRRP,136,,0.9568,0.2147,0.2244,29,07/01/2020,06/30/2023
SAMPLE HOSPITAL 101,100100,CA,READM-30-AMI-HRRP,1343,,0.9775,0.1447,0.148,194,07/01/2020,06/30/2023
SAMPLE HOSPITAL 102,100101,FL,READM-30-COPD-HRRP,26,,0.9688,0.203,0.2095,5,07/01/2020,06/30/2023
SAMPLE HOSPITAL 102,100101,FL,READM-30-AMI-HRRP,187,,1.0074,0.1979,0.1964,37,07/01/2020,06/30/2023
SAMPLE HOSPITAL 102,100101,FL,READM-30-HF-HRRP,188,,1.0571,0.182,0.1722,34,07/01/2020,06/30/2023
SAMPLE HOSPITAL 102,100101,FL,READM-30-PN-HRRP,224,,0.9827,0.2093,0.213,47,07/01/2020,06/30/2023
SAMPLE HOSPITAL 104,100103,SC,READM-30-HF-HRRP,75,,1.0797,0.1811,0.1677,14,07/01/2020,06/30/2023
SAMPLE HOSPITAL 104,100103,SC,READM-30-PN-HRRP,31,,1.066,0.2329,0.2185,7,07/01/2020,06/30/2023
SAMPLE HOSPITAL 104,100103,SC,READM-30-CABG-HRRP,268,,0.9551,0.2417,0.2531,65,07/01/2020,06/30/2023
SAMPLE HOSPITAL 104,100103,SC,READM-30-COPD-HRRP,56,,1.0103,0.1337,0.1323,7,07/01/2020,06/30/2023
SAMPLE HOSPITAL 104,100103,SC,READM-30-AMI-HRRP,167,,1.1093,0.2208,0.199,37,07/01/2020,06/30/2023
SAMPLE HOSPITAL 104,100103,SC,READM-30-HIP-KNEE-HRRP,Too Few to Report,1,Too Few to Report,,,,07/01/2020,06/30/2023
SAMPLE HOSPITAL 105,100104,MT,READM-30-HIP-KNEE-HRRP,132,,1.0033,0.2141,0.2134,28,07/01/2020,06/30/2023
SAMPLE HOSPITAL 105,100104,MT,READM-30-PN-HRRP,375,,1.0143,0.2272,0.224,85,07/01/2020,06/30/2023
SAMPLE HOSPITAL 105,100104,MT,READM-30-COPD-HRRP,95,,1.0373,0.2261,0.218,21,07/01/2020,06/30/2023
SAMPLE HOSPITAL 105,100104,MT,READM-30-HF-HRRP,440,,0.9809,0.1821,0.1856,80,07/01/2020,06/30/2023
SAMPLE HOSPITAL 106,100105,MO,READM-30-PN-HRRP,471,,0.9232,0.1731,0.1875,82,07/01/2020,06/30/2023
SAMPLE HOSPITAL 106,100105,MO,READM-30-HIP-KNEE-HRRP,418,,0.9709,0.2065,0.2127,86,07/01/2020,06/30/2023
SAMPLE HOSPITAL 106,100105,MO,READM-30-CABG-HRRP,104,,0.9508,0.2128,0.2238,22,07/01/2020,06/30/2023
SAMPLE HOSPITAL 107,100106,NV,READM-30-PN-HRRP,207,,0.9119,0.1536,0.1684,32,07/01/2020,06/30/2023
SAMPLE HOSPITAL 107,100106,NV,READM-30-AMI-HRRP,308,,1.0072,0.1397,0.1387,43,07/01/2020,06/30/2023
SAMPLE HOSPITAL 107,100106,NV,READM-30-CABG-HRRP,102,,0.9705,0.1338,0.1379,14,07/01/2020,06/30/2023
SAMPLE HOSPITAL 107,100106,NV,READM-30-COPD-HRRP,584,,0.9731,0.1782,0.1831,104,07/01/2020,06/30/2023
SAMPLE HOSPITAL 108,100107,UT,READM-30-PN-HRRP,159,,1.0529,0.2449,0.2326,39,07/01/2020,06/30/2023
SAMPLE HOSPITAL 108,100107,UT,READM-30-HIP-KNEE-HRRP,192,,1.0629,0.1415,0.1331,27,07/01/2020,06/30/2023
SAMPLE HOSPITAL 108,100107,UT,READM-30-COPD-HRRP,462,,0.9672,0.1468,0.1518,68,07/01/2020,06/30/2023
SAMPLE HOSPITAL 108,100107,UT,READM-30-HF-HRRP,121,,1.2214,0.2461,0.2015,30,07/01/2020,06/30/2023
SAMPLE HOSPITAL 109,100108,NE,READM-30-HIP-KNEE-HRRP,572,,0.8942,0.1856,0.2076,106,07/01/2020,06/30/2023
SAMPLE HOSPITAL 109,100108,NE,READM-30-CABG-HRRP,56,,1.0497,0.2423,0.2308,14,07/01/2020,06/30/2023
SAMPLE HOSPITAL 109,100108,NE,READM-30-PN-HRRP,55,,1.0747,0.2345,0.2182,13,07/01/2020,06/30/2023
SAMPLE HOSPITAL 109,100108,NE,READM-30-COPD-HRRP,285,,1.0397,0.2106,0.2026,60,07/01/2020,06/30/2023
SAMPLE HOSPITAL 109,100108,NE,READM-30-HF-HRRP,191,,1.0071,0.2605,0.2587,50,07/01/2020,06/30/2023
SAMPLE HOSPITAL 109,100108,NE,READM-30-AMI-HRRP,478,,1.0035,0.1319,0.1314,63,07/01/2020,06/30/2023
SAMPLE HOSPITAL 110,100109,GA,READM-30-HIP-KNEE-HRRP,219,,0.8691,0.1671,0.1923,37,07/01/2020,06/30/2023
SAMPLE HOSPITAL 110,100109,GA,READM-30-PN-HRRP,126,,0.9573,0.2149,0.2245,27,07/01/2020,06/30/2023
SAMPLE HOSPITAL 110,100109,GA,READM-30-COPD-HRRP,78,,0.8955,0.1439,0.1607,11,07/01/2020,06/30/2023
SAMPLE HOSPITAL 110,100109,GA,READM-30-HF-HRRP,283,,0.9325,0.1204,0.1291,34,07/01/2020,06/30/2023
SAMPLE HOSPITAL 110,100109,GA,READM-30-CABG-HRRP,296,,0.9298,0.194,0.2086,57,07/01/2020,06/30/2023
SAMPLE HOSPITAL 110,100109,GA,READM-30-AMI-HRRP,254,,0.9863,0.1866,0.1892,47,07/01/2020,06/30/2023
SAMPLE HOSPITAL 111,100110,OK,READM-30-HF-HRRP,344,,0.9387,0.1956,0.2084,67,07/01/2020,06/30/2023
SAMPLE HOSPITAL 111,100110,OK,READM-30-PN-HRRP,227,,0.885,0.1099,0.1242,25,07/01/2020,06/30/2023
SAMPLE HOSPITAL 111,100110,OK,READM-30-HIP-KNEE-HRRP,285,,0.995,0.2025,0.2035,58,07/01/2020,06/30/2023
SAMPLE HOSPITAL 111,100110,OK,READM-30-COPD-HRRP,142,,0.8773,0.1448,0.1651,21,07/01/2020,06/30/2023
SAMPLE HOSPITAL 111,100110,OK,READM-30-CABG-HRRP,119,,0.957,0.216,0.2257,26,07/01/2020,06/30/2023
SAMPLE HOSPITAL 111,100110,OK,READM-30-AMI-HRRP,144,,1.0379,0.2385,0.2298,34,07/01/2020,06/30/2023
SAMPLE HOSPITAL 112,100111,MN,READM-30-HIP-KNEE-HRRP,735,,1.0119,0.1436,0.1419,106,07/01/2020,06/30/2023
SAMPLE HOSPITAL 112,100111,MN,READM-30-CABG-HRRP,434,,1.0538,0.2704,0.2566,117,07/01/2020,06/30/2023
SAMPLE HOSPITAL 112,100111,MN,READM-30-AMI-HRRP,121,,1.0848,0.2086,0.1923,25,07/01/2020,06/30/2023
SAMPLE HOSPITAL 113,100112,MO,READM-30-COPD-HRRP,61,,1.034,0.2316,0.224,14,07/01/2020,06/30/2023
SAMPLE HOSPITAL 113,100112,MO,READM-30-AMI-HRRP,386,,1.0,0.1525,0.1525,59,07/01/2020,06/30/2023
SAMPLE HOSPITAL 113,100112,MO,READM-30-PN-HRRP,153,,0.9537,0.1741,0.1826,27,07/01/2020,06/30/2023
SAMPLE HOSPITAL 114,100113,UT,READM-30-PN-HRRP,1339,,0.9563,0.1212,0.1267,162,07/01/2020,06/30/2023
SAMPLE HOSPITAL 114,100113,UT,READM-30-HIP-KNEE-HRRP,398,,1.0099,0.2059,0.2039,82,07/01/2020,06/30/2023
SAMPLE HOSPITAL 114,100113,UT,READM-30-HF-HRRP,89,,0.94,0.203,0.216,18,07/01/2020,06/30/2023
SAMPLE HOSPITAL 114,100113,UT,READM-30-CABG-HRRP,66,,1.0357,0.2629,0.2538,17,07/01/2020,06/30/2023
SAMPLE HOSPITAL 114,100113,UT,READM-30-AMI-HRRP,Too Few to Report,1,Too Few to Report,,,,07/01/2020,06/30/2023
SAMPLE HOSPITAL 114,100113,UT,READM-30-COPD-HRRP,174,,0.9249,0.2378,0.2571,41,07/01/2020,06/30/2023
SAMPLE HOSPITAL 115,100114,NV,READM-30-HIP-KNEE-HRRP,118,,1.1045,0.1928,0.1746,23,07/01/2020,06/30/2023
SAMPLE HOSPITAL 115,100114,NV,READM-30-COPD-HRRP,181,,1.0471,0.1576,0.1505,29,07/01/2020,06/30/2023
SAMPLE HOSPITAL 115,100114,NV,READM-30-PN-HRRP,135,,0.9314,0.233,0.2502,31,07/01/2020,06/30/2023
SAMPLE HOSPITAL 115,100114,NV,READM-30-AMI-HRRP,636,,1.0001,0.1656,0.1656,105,07/01/2020,06/30/2023
SAMPLE HOSPITAL 115,100114,NV,READM-30-CABG-HRRP,131,,0.9057,0.1569,0.1732,21,07/01/2020,06/30/2023
SAMPLE HOSPITAL 115,100114,NV,READM-30-HF-HRRP,34,,0.9513,0.1266,0.1331,4,07/01/2020,06/30/2023
SAMPLE HOSPITAL 116,100115,WY,READM-30-HIP-KNEE-HRRP,189,,1.0252,0.2085,0.2034,39,07/01/2020,06/30/2023
SAMPLE HOSPITAL 116,100115,WY,READM-30-PN-HRRP,49,,1.0121,0.1317,0.1301,6,07/01/2020,06/30/2023
SAMPLE HOSPITAL 116,100115,WY,READM-30-HF-HRRP,245,,0.8575,0.176,0.2053,43,07/01/2020,06/30/2023
SAMPLE HOSPITAL 117,100116,NC,READM-30-HIP-KNEE-HRRP,361,,1.0759,0.1794,0.1667,65,07/01/2020,06/30/2023
SAMPLE HOSPITAL 117,100116,NC,READM-30-PN-HRRP,273,,0.8876,0.1786,0.2012,49,07/01/2020,06/30/2023
SAMPLE HOSPITAL 117,100116,NC,READM-30-HF-HRRP,478,,1.0656,0.1782,0.1672,85,07/01/2020,06/30/2023
SAMPLE HOSPITAL 117,100116,NC,READM-30-AMI-HRRP,493,,1.0221,0.2655,0.2598,131,07/01/2020,06/30/2023
SAMPLE HOSPITAL 118,100117,OR,READM-30-HIP-KNEE-HRRP,100,,1.1291,0.1922,0.1702,19,07/01/2020,06/30/2023
SAMPLE HOSPITAL 118,100117,OR,READM-30-PN-HRRP,75,,1.1179,0.2038,0.1823,15,07/01/2020,06/30/2023
SAMPLE HOSPITAL 118,100117,OR,READM-30-HF-HRRP,144,,1.0858,0.2288,0.2107,33,07/01/2020,06/30/2023
SAMPLE HOSPITAL 119,100118,VT,READM-30-CABG-HRRP,742,,0.9674,0.2507,0.2591,186,07/01/2020,06/30/2023
SAMPLE HOSPITAL 119,100118,VT,READM-30-AMI-HRRP,302,,0.9675,0.241,0.2491,73,07/01/2020,06/30/2023
SAMPLE HOSPITAL 119,100118,VT,READM-30-HIP-KNEE-HRRP,257,,1.0175,0.1996,0.1962,51,07/01/2020,06/30/2023
SAMPLE HOSPITAL 119,100118,VT,READM-30-PN-HRRP,152,,1.0435,0.2008,0.1924,31,07/01/2020,06/30/2023
SAMPLE HOSPITAL 119,100118,VT,READM-30-HF-HRRP,320,,1.0122,0.1887,0.1864,60,07/01/2020,06/30/2023
SAMPLE HOSPITAL 120,100119,WY,READM-30-HIP-KNEE-HRRP,73,,1.0694,0.2,0.187,15,07/01/2020,06/30/2023
SAMPLE HOSPITAL 120,100119,WY,READM-30-CABG-HRRP,31,,1.1256,0.2652,0.2356,8,07/01/2020,06/30/2023
SAMPLE HOSPITAL 120,100119,WY,READM-30-PN-HRRP,108,,0.9844,0.2305,0.2342,25,07/01/2020,06/30/2023
SAMPLE HOSPITAL 120,100119,WY,READM-30-COPD-HRRP,156,,1.0216,0.1583,0.155,25,07/01/2020,06/30/2023
SAMPLE HOSPITAL 121,100120,WI,READM-30-AMI-HRRP,575,,1.0786,0.1555,0.1442,89,07/01/2020,06/30/2023
SAMPLE HOSPITAL 121,100120,WI,READM-30-COPD-HRRP,247,,1.0012,0.2214,0.2211,55,07/01/2020,06/30/2023
SAMPLE HOSPITAL 121,100120,WI,READM-30-PN-HRRP,123,,1.0607,0.274,0.2583,34,07/01/2020,06/30/2023
SAMPLE HOSPITAL 121,100120,WI,READM-30-HF-HRRP,112,,1.0381,0.1473,0.1419,16,07/01/2020,06/30/2023
SAMPLE HOSPITAL 121,100120,WI,READM-30-HIP-KNEE-HRRP,91,,1.0736,0.1774,0.1652,16,07/01/2020,06/30/2023
SAMPLE HOSPITAL 122,100121,GA,READM-30-HIP-KNEE-HRRP,451,,0.9474,0.2291,0.2418,103,07/01/2020,06/30/2023
SAMPLE HOSPITAL 122,100121,GA,READM-30-AMI-HRRP,370,,1.0819,0.2097,0.1938,78,07/01/2020,06/30/2023
SAMPLE HOSPITAL 122,100121,GA,READM-30-PN-HRRP,180,,1.1014,0.27,0.2451,49,07/01/2020,06/30/2023
SAMPLE HOSPITAL 122,100121,GA,READM-30-CABG-HRRP,Too Few to Report,1,Too Few to Report,,,,07/01/2020,06/30/2023
SAMPLE HOSPITAL 122,100121,GA,READM-30-COPD-HRRP,251,,1.0669,0.2272,0.213,57,07/01/2020,06/30/2023
SAMPLE HOSPITAL 122,100121,GA,READM-30-HF-HRRP,533,,0.9875,0.1755,0.1777,94,07/01/2020,06/30/2023
SAMPLE HOSPITAL 123,100122,NH,READM-30-COPD-HRRP,408,,1.0329,0.1417,0.1372,58,07/01/2020,06/30/2023
SAMPLE HOSPITAL 123,100122,NH,READM-30-AMI-HRRP,204,,0.8901,0.1921,0.2158,39,07/01/2020,06/30/2023
SAMPLE HOSPITAL 123,100122,NH,READM-30-PN-HRRP,189,,0.9752,0.2181,0.2236,41,07/01/2020,06/30/2023
SAMPLE HOSPITAL 123,100122,NH,READM-30-HIP-KNEE-HRRP,835,,1.013,0.1696,0.1674,142,07/01/2020,06/30/2023
SAMPLE HOSPITAL 123,100122,NH,READM-30-CABG-HRRP,190,,0.9464,0.2315,0.2446,44,07/01/2020,06/30/2023
SAMPLE HOSPITAL 124,100123,NH,READM-30-PN-HRRP,142,,0.9284,0.1694,0.1825,24,07/01/2020,06/30/2023
SAMPLE HOSPITAL 124,100123,NH,READM-30-CABG-HRRP,1074,,1.0171,0.2402,0.2362,258,07/01/2020,06/30/2023
SAMPLE HOSPITAL 124,100123,NH,READM-30-HIP-KNEE-HRRP,339,,0.9447,0.2143,0.2268,73,07/01/2020,06/30/2023
SAMPLE HOSPITAL 124,100123,NH,READM-30-HF-HRRP,108,,0.9408,0.1493,0.1587,16,07/01/2020,06/30/2023
SAMPLE HOSPITAL 124,100123,NH,READM-30-COPD-HRRP,74,,1.0229,0.2508,0.2452,19,07/01/2020,06/30/2023
SAMPLE HOSPITAL 124,100123,NH,READM-30-AMI-HRRP,583,,1.0164,0.2097,0.2063,122,07/01/2020,06/30/2023
SAMPLE HOSPITAL 125,100124,VA,READM-30-COPD-HRRP,98,,0.9463,0.1863,0.1969,18,07/01/2020,06/30/2023
SAMPLE HOSPITAL 125,100124,VA,READM-30-AMI-HRRP,240,,1.0097,0.2574,0.2549,62,07/01/2020,06/30/2023
SAMPLE HOSPITAL 125,100124,VA,READM-30-HF-HRRP,78,,0.989,0.1629,0.1647,13,07/01/2020,06/30/2023
SAMPLE HOSPITAL 126,100125,NE,READM-30-COPD-HRRP,125,,0.9252,0.1208,0.1306,15,07/01/2020,06/30/2023
SAMPLE HOSPITAL 126,100125,NE,READM-30-PN-HRRP,105,,0.9442,0.1729,0.1831,18,07/01/2020,06/30/2023
SAMPLE HOSPITAL 126,100125,NE,READM-30-HF-HRRP,630,,1.0318,0.2309,0.2238,145,07/01/2020,06/30/2023
SAMPLE HOSPITAL 127,100126,ME,READM-30-CABG-HRRP,166,,1.0,0.1744,0.1744,29,07/01/2020,06/30/2023
SAMPLE HOSPITAL 127,100126,ME,READM-30-AMI-HRRP,105,,0.9477,0.1833,0.1934,19,07/01/2020,06/30/2023
SAMPLE HOSPITAL 127,100126,ME,READM-30-HIP-KNEE-HRRP,472,,0.9343,0.19,0.2034,90,07/01/2020,06/30/2023
SAMPLE HOSPITAL 127,100126,ME,READM-30-HF-HRRP,517,,0.9961,0.2049,0.2057,106,07/01/2020,06/30/2023
SAMPLE HOSPITAL 127,100126,ME,READM-30-COPD-HRRP,108,,1.1001,0.2795,0.2541,30,07/01/2020,06/30/2023
SAMPLE HOSPITAL 128,100127,RI,READM-30-AMI-HRRP,130,,0.9445,0.1713,0.1814,22,07/01/2020,06/30/2023
SAMPLE HOSPITAL 128,100127,RI,READM-30-PN-HRRP,97,,0.9995,0.191,0.1911,19,07/01/2020,06/30/2023
SAMPLE HOSPITAL 128,100127,RI,READM-30-HF-HRRP,189,,0.9105,0.2094,0.23,40,07/01/2020,06/30/2023
SAMPLE HOSPITAL 128,100127,RI,READM-30-COPD-HRRP,214,,1.0661,0.2054,0.1927,44,07/01/2020,06/30/2023
SAMPLE HOSPITAL 128,100127,RI,READM-30-CABG-HRRP,108,,1.0436,0.2675,0.2563,29,07/01/2020,06/30/2023
SAMPLE HOSPITAL 128,100127,RI,READM-30-HIP-KNEE-HRRP,89,,0.9382,0.1907,0.2033,17,07/01/2020,06/30/2023
SAMPLE HOSPITAL 129,100128,TN,READM-30-AMI-HRRP,118,,0.9871,0.163,0.1651,19,07/01/2020,06/30/2023
SAMPLE HOSPITAL 129,100128,TN,READM-30-COPD-HRRP,145,,0.9825,0.2182,0.2221,32,07/01/2020,06/30/2023
SAMPLE HOSPITAL 129,100128,TN,READM-30-HIP-KNEE-HRRP,76,,0.9417,0.1669,0.1772,13,07/01/2020,06/30/2023
SAMPLE HOSPITAL 130,100129,CA,READM-30-AMI-HRRP,1085,,1.0467,0.1749,0.1671,190,07/01/2020,06/30/2023
SAMPLE HOSPITAL 130,100129,CA,READM-30-HF-HRRP,34,,0.9588,0.2403,0.2506,8,07/01/2020,06/30/2023
SAMPLE HOSPITAL 130,100129,CA,READM-30-CABG-HRRP,816,,0.9663,0.1187,0.1228,97,07/01/2020,06/30/2023
SAMPLE HOSPITAL 130,100129,CA,READM-30-COPD-HRRP,77,,0.9133,0.1249,0.1368,10,07/01/2020,06/30/2023
SAMPLE HOSPITAL 130,100129,CA,READM-30-HIP-KNEE-HRRP,175,,1.0081,0.2098,0.2081,37,07/01/2020,06/30/2023
SAMPLE HOSPITAL 130,100129,CA,READM-30-PN-HRRP,274,,1.0318,0.2251,0.2182,62,07/01/2020,06/30/2023
SAMPLE HOSPITAL 132,100131,NH,READM-30-HF-HRRP,153,,0.9837,0.23,0.2338,35,07/01/2020,06/30/2023
SAMPLE HOSPITAL 132,100131,NH,READM-30-PN-HRRP,449,,0.9301,0.2413,0.2594,108,07/01/2020,06/30/2023
SAMPLE HOSPITAL 132,100131,NH,READM-30-CABG-HRRP,182,,0.9727,0.1623,0.1669,30,07/01/2020,06/30/2023
SAMPLE HOSPITAL 132,100131,NH,READM-30-AMI-HRRP,105,,1.0994,0.2244,0.2041,24,07/01/2020,06/30/2023
SAMPLE HOSPITAL 132,100131,NH,READM-30-COPD-HRRP,46,,1.0366,0.2656,0.2562,12,07/01/2020,06/30/2023
SAMPLE HOSPITAL 132,100131,NH,READM-30-HIP-KNEE-HRRP,1000,,0.9873,0.1389,0.1407,139,07/01/2020,06/30/2023
SAMPLE HOSPITAL 133,100132,MS,READM-30-HF-HRRP,151,,0.8996,0.1862,0.207,28,07/01/2020,06/30/2023
SAMPLE HOSPITAL 133,100132,MS,READM-30-PN-HRRP,495,,0.9614,0.1771,0.1842,88,07/01/2020,06/30/2023
SAMPLE HOSPITAL 133,100132,MS,READM-30-HIP-KNEE-HRRP,92,,1.0024,0.2382,0.2376,22,07/01/2020,06/30/2023
SAMPLE HOSPITAL 133,100132,MS,READM-30-CABG-HRRP,160,,0.9391,0.2069,0.2203,33,07/01/2020,06/30/2023
SAMPLE HOSPITAL 133,100132,MS,READM-30-COPD-HRRP,449,,0.9307,0.1837,0.1974,82,07/01/2020,06/30/2023
SAMPLE HOSPITAL 134,100133,KY,READM-30-CABG-HRRP,58,,1.0103,0.1991,0.1971,12,07/01/2020,06/30/2023
SAMPLE HOSPITAL 134,100133,KY,READM-30-HIP-KNEE-HRRP,117,,1.0631,0.1986,0.1868,23,07/01/2020,06/30/2023
SAMPLE HOSPITAL 134,100133,KY,READM-30-COPD-HRRP,160,,0.984,0.2241,0.2277,36,07/01/2020,06/30/2023
SAMPLE HOSPITAL 135,100134,WI,READM-30-COPD-HRRP,454,,0.9801,0.1747,0.1782,79,07/01/2020,06/30/2023
SAMPLE HOSPITAL 135,100134,WI,READM-30-AMI-HRRP,196,,0.9467,0.2172,0.2294,43,07/01/2020,06/30/2023
SAMPLE HOSPITAL 135,100134,WI,READM-30-HF-HRRP,336,,0.997,0.2404,0.2411,81,07/01/2020,06/30/2023
SAMPLE HOSPITAL 136,100135,AR,READM-30-HF-HRRP,167,,1.1246,0.2434,0.2164,41,07/01/2020,06/30/2023
SAMPLE HOSPITAL 136,100135,AR,READM-30-PN-HRRP,329,,1.0015,0.1944,0.1941,64,07/01/2020,06/30/2023
SAMPLE HOSPITAL 136,100135,AR,READM-30-HIP-KNEE-HRRP,190,,0.9147,0.1741,0.1903,33,07/01/2020,06/30/2023
SAMPLE HOSPITAL 136,100135,AR,READM-30-AMI-HRRP,653,,0.9664,0.2423,0.2507,158,07/01/2020,06/30/2023
SAMPLE HOSPITAL 136,100135,AR,READM-30-CABG-HRRP,186,,0.9621,0.1687,0.1753,31,07/01/2020,06/30/2023
SAMPLE HOSPITAL 138,100137,IN,READM-30-HIP-KNEE-HRRP,126,,1.0066,0.2314,0.2299,29,07/01/2020,06/30/2023
SAMPLE HOSPITAL 138,100137,IN,READM-30-PN-HRRP,789,,0.9797,0.118,0.1204,93,07/01/2020,06/30/2023
SAMPLE HOSPITAL 138,100137,IN,READM-30-AMI-HRRP,289,,1.017,0.2502,0.246,72,07/01/2020,06/30/2023
SAMPLE HOSPITAL 138,100137,IN,READM-30-HF-HRRP,122,,0.9518,0.1852,0.1946,23,07/01/2020,06/30/2023
SAMPLE HOSPITAL 138,100137,IN,READM-30-COPD-HRRP,258,,0.8924,0.1152,0.1291,30,07/01/2020,06/30/2023
SAMPLE HOSPITAL 139,100138,KS,READM-30-COPD-HRRP,111,,1.0058,0.2093,0.2081,23,07/01/2020,06/30/2023
SAMPLE HOSPITAL 139,100138,KS,READM-30-CABG-HRRP,125,,0.8968,0.2072,0.231,26,07/01/2020,06/30/2023
SAMPLE HOSPITAL 139,100138,KS,READM-30-PN-HRRP,65,,1.0081,0.1375,0.1364,9,07/01/2020,06/30/2023
SAMPLE HOSPITAL 139,100138,KS,READM-30-AMI-HRRP,122,,0.923,0.1261,0.1366,15,07/01/2020,06/30/2023
SAMPLE HOSPITAL 139,100138,KS,READM-30-HIP-KNEE-HRRP,1832,,1.0748,0.2238,0.2082,410,07/01/2020,06/30/2023
SAMPLE HOSPITAL 140,100139,ME,READM-30-AMI-HRRP,268,,1.0338,0.1302,0.1259,35,07/01/2020,06/30/2023
SAMPLE HOSPITAL 140,100139,ME,READM-30-HF-HRRP,417,,0.9751,0.2045,0.2097,85,07/01/2020,06/30/2023
SAMPLE HOSPITAL 140,100139,ME,READM-30-COPD-HRRP,211,,0.9849,0.1841,0.1869,39,07/01/2020,06/30/2023
SAMPLE HOSPITAL 140,100139,ME,READM-30-HIP-KNEE-HRRP,47,,0.9782,0.2065,0.2111,10,07/01/2020,06/30/2023
SAMPLE HOSPITAL 140,100139,ME,READM-30-CABG-HRRP,45,,0.9785,0.2028,0.2073,9,07/01/2020,06/30/2023
SAMPLE HOSPITAL 140,100139,ME,READM-30-PN-HRRP,86,,0.982,0.2071,0.2109,18,07/01/2020,06/30/2023
SAMPLE HOSPITAL 141,100140,ND,READM-30-HIP-KNEE-HRRP,102,,0.8812,0.1419,0.161,14,07/01/2020,06/30/2023
SAMPLE HOSPITAL 141,100140,ND,READM-30-HF-HRRP,93,,0.9312,0.2312,0.2483,22,07/01/2020,06/30/2023
SAMPLE HOSPITAL 141,100140,ND,READM-30-PN-HRRP,288,,1.0765,0.1389,0.129,40,07/01/2020,06/30/2023
SAMPLE HOSPITAL 142,100141,CA,READM-30-HIP-KNEE-HRRP,148,,0.9331,0.2072,0.2221,31,07/01/2020,06/30/2023
SAMPLE HOSPITAL 142,100141,CA,READM-30-HF-HRRP,113,,0.9491,0.2344,0.247,26,07/01/2020,06/30/2023
SAMPLE HOSPITAL 142,100141,CA,READM-30-COPD-HRRP,2098,,0.994,0.1949,0.1961,409,07/01/2020,06/30/2023
SAMPLE HOSPITAL 142,100141,CA,READM-30-CABG-HRRP,374,,0.8943,0.1281,0.1432,48,07/01/2020,06/30/2023
SAMPLE HOSPITAL 142,100141,CA,READM-30-PN-HRRP,120,,0.9911,0.2214,0.2234,27,07/01/2020,06/30/2023
SAMPLE HOSPITAL 143,100142,TN,READM-30-CABG-HRRP,74,,0.9623,0.1173,0.1219,9,07/01/2020,06/30/2023
SAMPLE HOSPITAL 143,100142,TN,READM-30-HIP-KNEE-HRRP,59,,0.9939,0.2138,0.2151,13,07/01/2020,06/30/2023
SAMPLE HOSPITAL 143,100142,TN,READM-30-PN-HRRP,204,,1.0946,0.1469,0.1342,30,07/01/2020,06/30/2023
SAMPLE HOSPITAL 144,100143,IL,READM-30-COPD-HRRP,139,,1.0308,0.1845,0.179,26,07/01/2020,06/30/2023
SAMPLE HOSPITAL 144,100143,IL,READM-30-HIP-KNEE-HRRP,69,,1.0454,0.1987,0.1901,14,07/01/2020,06/30/2023
SAMPLE HOSPITAL 144,100143,IL,READM-30-PN-HRRP,89,,1.0525,0.2569,0.2441,23,07/01/2020,06/30/2023
SAMPLE HOSPITAL 144,100143,IL,READM-30-HF-HRRP,115,,1.0851,0.2435,0.2244,28,07/01/2020,06/30/2023
SAMPLE HOSPITAL 144,100143,IL,READM-30-AMI-HRRP,218,,0.9964,0.1279,0.1284,28,07/01/2020,06/30/2023
SAMPLE HOSPITAL 145,100144,AZ,READM-30-AMI-HRRP,1059,,0.9968,0.1328,0.1332,141,07/01/2020,06/30/2023
SAMPLE HOSPITAL 145,100144,AZ,READM-30-PN-HRRP,60,,1.0468,0.2468,0.2358,15,07/01/2020,06/30/2023
SAMPLE HOSPITAL 145,100144,AZ,READM-30-HF-HRRP,119,,1.1056,0.1972,0.1784,23,07/01/2020,06/30/2023
SAMPLE HOSPITAL 145,100144,AZ,READM-30-COPD-HRRP,68,,0.9864,0.1777,0.1802,12,07/01/2020,06/30/2023
SAMPLE HOSPITAL 145,100144,AZ,READM-30-HIP-KNEE-HRRP,108,,0.9232,0.196,0.2123,21,07/01/2020,06/30/2023
SAMPLE HOSPITAL 145,100144,AZ,READM-30-CABG-HRRP,279,,1.0315,0.2098,0.2034,59,07/01/2020,06/30/2023
SAMPLE HOSPITAL 146,100145,MO,READM-30-COPD-HRRP,204,,0.9814,0.1873,0.1908,38,07/01/2020,06/30/2023
SAMPLE HOSPITAL 146,100145,MO,READM-30-AMI-HRRP,325,,0.9296,0.2167,0.2331,70,07/01/2020,06/30/2023
SAMPLE HOSPITAL 146,100145,MO,READM-30-CABG-HRRP,146,,0.9509,0.238,0.2503,35,07/01/2020,06/30/2023
SAMPLE HOSPITAL 146,100145,MO,READM-30-PN-HRRP,307,,1.0484,0.187,0.1784,57,07/01/2020,06/30/2023
SAMPLE HOSPITAL 146,100145,MO,READM-30-HF-HRRP,335,,1.0773,0.2288,0.2124,77,07/01/2020,06/30/2023
SAMPLE HOSPITAL 147,100146,CO,READM-30-COPD-HRRP,262,,0.9984,0.1692,0.1695,44,07/01/2020,06/30/2023
SAMPLE HOSPITAL 147,100146,CO,READM-30-PN-HRRP,121,,1.0183,0.1427,0.1401,17,07/01/2020,06/30/2023
SAMPLE HOSPITAL 147,100146,CO,READM-30-HIP-KNEE-HRRP,345,,0.9847,0.213,0.2163,73,07/01/2020,06/30/2023
SAMPLE HOSPITAL 148,100147,VT,READM-30-AMI-HRRP,845,,1.0446,0.2384,0.2282,201,07/01/2020,06/30/2023
SAMPLE HOSPITAL 148,100147,VT,READM-30-HIP-KNEE-HRRP,426,,0.9265,0.1765,0.1905,75,07/01/2020,06/30/2023
SAMPLE HOSPITAL 148,100147,VT,READM-30-COPD-HRRP,292,,1.1095,0.1599,0.1441,47,07/01/2020,06/30/2023
SAMPLE HOSPITAL 148,100147,VT,READM-30-HF-HRRP,61,,1.0181,0.2169,0.213,13,07/01/2020,06/30/2023
SAMPLE HOSPITAL 148,100147,VT,READM-30-CABG-HRRP,246,,1.0287,0.1997,0.1941,49,07/01/2020,06/30/2023
SAMPLE HOSPITAL 149,100148,CA,READM-30-HIP-KNEE-HRRP,152,,0.9929,0.176,0.1773,27,07/01/2020,06/30/2023
SAMPLE HOSPITAL 149,100148,CA,READM-30-HF-HRRP,70,,1.0271,0.185,0.1801,13,07/01/2020,06/30/2023
SAMPLE HOSPITAL 149,100148,CA,READM-30-CABG-HRRP,108,,0.9615,0.2008,0.2088,22,07/01/2020,06/30/2023
SAMPLE HOSPITAL 150,100149,CA,READM-30-PN-HRRP,462,,1.0054,0.1419,0.1411,66,07/01/2020,06/30/2023
SAMPLE HOSPITAL 150,100149,CA,READM-30-CABG-HRRP,212,,0.926,0.1372,0.1482,29,07/01/2020,06/30/2023
SAMPLE HOSPITAL 150,100149,CA,READM-30-HIP-KNEE-HRRP,172,,0.9395,0.1778,0.1893,31,07/01/2020,06/30/2023
SAMPLE HOSPITAL 150,100149,CA,READM-30-COPD-HRRP,346,,0.9128,0.1867,0.2045,65,07/01/2020,06/30/2023
SAMPLE HOSPITAL 150,100149,CA,READM-30-HF-HRRP,116,,1.0043,0.18,0.1792,21,07/01/2020,06/30/2023
SAMPLE HOSPITAL 151,100150,MS,READM-30-HIP-KNEE-HRRP,793,,1.0302,0.2097,0.2036,166,07/01/2020,06/30/2023
SAMPLE HOSPITAL 151,100150,MS,READM-30-CABG-HRRP,127,,0.9327,0.2314,0.2481,29,07/01/2020,06/30/2023
SAMPLE HOSPITAL 151,100150,MS,READM-30-HF-HRRP,217,,0.992,0.1633,0.1646,35,07/01/2020,06/30/2023
SAMPLE HOSPITAL 151,100150,MS,READM-30-AMI-HRRP,373,,1.0075,0.1358,0.1348,51,07/01/2020,06/30/2023
SAMPLE HOSPITAL 151,100150,MS,READM-30-COPD-HRRP,130,,1.027,0.1427,0.1389,19,07/01/2020,06/30/2023
SAMPLE HOSPITAL 151,100150,MS,READM-30-PN-HRRP,244,,0.9849,0.2335,0.2371,57,07/01/2020,06/30/2023
SAMPLE HOSPITAL 152,100151,WV,READM-30-HF-HRRP,651,,1.0336,0.2556,0.2473,166,07/01/2020,06/30/2023
SAMPLE HOSPITAL 152,100151,WV,READM-30-AMI-HRRP,135,,1.0986,0.2563,0.2333,35,07/01/2020,06/30/2023
SAMPLE HOSPITAL 152,100151,WV,READM-30-CABG-HRRP,681,,1.1071,0.253,0.2285,172,07/01/2020,06/30/2023
SAMPLE HOSPITAL 152,100151,WV,READM-30-HIP-KNEE-HRRP,49,,1.0751,0.1566,0.1457,8,07/01/2020,06/30/2023
SAMPLE HOSPITAL 152,100151,WV,READM-30-COPD-HRRP,303,,1.0255,0.1434,0.1398,43,07/01/2020,06/30/2023
SAMPLE HOSPITAL 153,100152,CA,READM-30-HF-HRRP,232,,1.0158,0.2546,0.2506,59,07/01/2020,06/30/2023
SAMPLE HOSPITAL 153,100152,CA,READM-30-COPD-HRRP,131,,1.0969,0.1834,0.1672,24,07/01/2020,06/30/2023
SAMPLE HOSPITAL 153,100152,CA,READM-30-PN-HRRP,69,,0.9631,0.126,0.1308,9,07/01/2020,06/30/2023
SAMPLE HOSPITAL 153,100152,CA,READM-30-CABG-HRRP,599,,0.9648,0.2116,0.2193,127,07/01/2020,06/30/2023
SAMPLE HOSPITAL 154,100153,VA,READM-30-AMI-HRRP,237,,0.9973,0.2531,0.2538,60,07/01/2020,06/30/2023
SAMPLE HOSPITAL 154,100153,VA,READM-30-CABG-HRRP,196,,0.9278,0.1392,0.15,27,07/01/2020,06/30/2023
SAMPLE HOSPITAL 154,100153,VA,READM-30-PN-HRRP,254,,1.1661,0.2309,0.198,59,07/01/2020,06/30/2023
SAMPLE HOSPITAL 155,100154,IL,READM-30-AMI-HRRP,681,,1.0088,0.2586,0.2563,176,07/01/2020,06/30/2023
SAMPLE HOSPITAL 155,100154,IL,READM-30-COPD-HRRP,74,,1.0535,0.1556,0.1477,12,07/01/2020,06/30/2023
SAMPLE HOSPITAL 155,100154,IL,READM-30-HIP-KNEE-HRRP,1398,,0.9375,0.1177,0.1255,165,07/01/2020,06/30/2023
SAMPLE HOSPITAL 155,100154,IL,READM-30-HF-HRRP,251,,1.0226,0.1636,0.16,41,07/01/2020,06/30/2023
SAMPLE HOSPITAL 156,100155,SC,READM-30-HIP-KNEE-HRRP,93,,1.0436,0.1507,0.1444,14,07/01/2020,06/30/2023
SAMPLE HOSPITAL 156,100155,SC,READM-30-PN-HRRP,425,,1.0399,0.15,0.1442,64,07/01/2020,06/30/2023
SAMPLE HOSPITAL 156,100155,SC,READM-30-HF-HRRP,257,,1.0508,0.1637,0.1558,42,07/01/2020,06/30/2023
SAMPLE HOSPITAL 156,100155,SC,READM-30-AMI-HRRP,41,,1.0955,0.2624,0.2395,11,07/01/2020,06/30/2023
SAMPLE HOSPITAL 156,100155,SC,READM-30-COPD-HRRP,53,,1.0323,0.2353,0.2279,12,07/01/2020,06/30/2023
SAMPLE HOSPITAL 157,100156,UT,READM-30-COPD-HRRP,363,,0.9758,0.1538,0.1576,56,07/01/2020,06/30/2023
SAMPLE HOSPITAL 157,100156,UT,READM-30-HF-HRRP,195,,1.0615,0.2127,0.2004,41,07/01/2020,06/30/2023
SAMPLE HOSPITAL 157,100156,UT,READM-30-AMI-HRRP,298,,0.9131,0.1644,0.18,49,07/01/2020,06/30/2023
SAMPLE HOSPITAL 157,100156,UT,READM-30-HIP-KNEE-HRRP,359,,1.0483,0.2195,0.2094,79,07/01/2020,06/30/2023
SAMPLE HOSPITAL 157,100156,UT,READM-30-CABG-HRRP,146,,0.9699,0.2293,0.2364,33,07/01/2020,06/30/2023
SAMPLE HOSPITAL 158,100157,DE,READM-30-CABG-HRRP,219,,1.0051,0.141,0.1403,31,07/01/2020,06/30/2023
SAMPLE HOSPITAL 158,100157,DE,READM-30-HF-HRRP,225,,1.0407,0.158,0.1518,36,07/01/2020,06/30/2023
SAMPLE HOSPITAL 158,100157,DE,READM-30-PN-HRRP,108,,0.9316,0.1391,0.1493,15,07/01/2020,06/30/2023
SAMPLE HOSPITAL 158,100157,DE,READM-30-HIP-KNEE-HRRP,343,,0.9804,0.1539,0.157,53,07/01/2020,06/30/2023
SAMPLE HOSPITAL 158,100157,DE,READM-30-AMI-HRRP,154,,0.951,0.2368,0.249,36,07/01/2020,06/30/2023
SAMPLE HOSPITAL 159,100158,SD,READM-30-COPD-HRRP,97,,0.9426,0.2413,0.256,23,07/01/2020,06/30/2023
SAMPLE HOSPITAL 159,100158,SD,READM-30-HF-HRRP,37,,1.0222,0.1622,0.1587,6,07/01/2020,06/30/2023
SAMPLE HOSPITAL 159,100158,SD,READM-30-AMI-HRRP,353,,0.9974,0.2505,0.2512,88,07/01/2020,06/30/2023
SAMPLE HOSPITAL 159,100158,SD,READM-30-CABG-HRRP,92,,0.9351,0.237,0.2535,22,07/01/2020,06/30/2023
SAMPLE HOSPITAL 160,100159,OR,READM-30-AMI-HRRP,56,,1.1336,0.2316,0.2043,13,07/01/2020,06/30/2023
SAMPLE HOSPITAL 160,100159,OR,READM-30-HIP-KNEE-HRRP,218,,1.0484,0.1749,0.1668,38,07/01/2020,06/30/2023
SAMPLE HOSPITAL 160,100159,OR,READM-30-CABG-HRRP,29,,0.9868,0.1976,0.2002,6,07/01/2020,06/30/2023
SAMPLE HOSPITAL 160,100159,OR,READM-30-HF-HRRP,58,,1.0213,0.1737,0.1701,10,07/01/2020,06/30/2023
SAMPLE HOSPITAL 161,100160,NY,READM-30-HF-HRRP,110,,0.9412,0.1273,0.1353,14,07/01/2020,06/30/2023
SAMPLE HOSPITAL 161,100160,NY,READM-30-COPD-HRRP,230,,0.9523,0.244,0.2562,56,07/01/2020,06/30/2023
SAMPLE HOSPITAL 161,100160,NY,READM-30-CABG-HRRP,365,,0.8786,0.2277,0.2592,83,07/01/2020,06/30/2023
SAMPLE HOSPITAL 161,100160,NY,READM-30-AMI-HRRP,55,,0.9823,0.1584,0.1613,9,07/01/2020,06/30/2023
SAMPLE HOSPITAL 161,100160,NY,READM-30-HIP-KNEE-HRRP,95,,0.9703,0.2365,0.2437,22,07/01/2020,06/30/2023
SAMPLE HOSPITAL 161,100160,NY,READM-30-PN-HRRP,159,,0.9424,0.1615,0.1714,26,07/01/2020,06/30/2023
SAMPLE HOSPITAL 162,100161,CA,READM-30-PN-HRRP,27,,0.9191,0.2214,0.2409,6,07/01/2020,06/30/2023
SAMPLE HOSPITAL 162,100161,CA,READM-30-COPD-HRRP,299,,1.0344,0.2223,0.2149,66,07/01/2020,06/30/2023
SAMPLE HOSPITAL 162,100161,CA,READM-30-HF-HRRP,123,,0.9077,0.1244,0.1371,15,07/01/2020,06/30/2023
SAMPLE HOSPITAL 163,100162,MT,READM-30-CABG-HRRP,174,,1.0435,0.1349,0.1293,23,07/01/2020,06/30/2023
SAMPLE HOSPITAL 163,100162,MT,READM-30-HIP-KNEE-HRRP,89,,1.002,0.1423,0.142,13,07/01/2020,06/30/2023
SAMPLE HOSPITAL 163,100162,MT,READM-30-AMI-HRRP,338,,1.1491,0.2934,0.2553,99,07/01/2020,06/30/2023
SAMPLE HOSPITAL 163,100162,MT,READM-30-HF-HRRP,163,,1.0193,0.2183,0.2142,36,07/01/2020,06/30/2023
SAMPLE HOSPITAL 163,100162,MT,READM-30-PN-HRRP,110,,1.0168,0.248,0.2439,27,07/01/2020,06/30/2023
SAMPLE HOSPITAL 163,100162,MT,READM-30-COPD-HRRP,77,,0.8966,0.2233,0.2491,17,07/01/2020,06/30/2023
SAMPLE HOSPITAL 164,100163,AR,READM-30-PN-HRRP,205,,1.0311,0.1248,0.121,26,07/01/2020,06/30/2023
SAMPLE HOSPITAL 164,100163,AR,READM-30-CABG-HRRP,52,,0.9796,0.2386,0.2436,12,07/01/2020,06/30/2023
SAMPLE HOSPITAL 164,100163,AR,READM-30-COPD-HRRP,31,,1.043,0.1435,0.1376,4,07/01/2020,06/30/2023
SAMPLE HOSPITAL 164,100163,AR,READM-30-HF-HRRP,102,,1.0221,0.1356,0.1327,14,07/01/2020,06/30/2023
SAMPLE HOSPITAL 164,100163,AR,READM-30-HIP-KNEE-HRRP,277,,1.0598,0.1743,0.1645,48,07/01/2020,06/30/2023
SAMPLE HOSPITAL 164,100163,AR,READM-30-AMI-HRRP,223,,1.024,0.2431,0.2374,54,07/01/2020,06/30/2023
SAMPLE HOSPITAL 165,100164,NY,READM-30-AMI-HRRP,1022,,1.0763,0.173,0.1607,177,07/01/2020,06/30/2023
SAMPLE HOSPITAL 165,100164,NY,READM-30-HIP-KNEE-HRRP,70,,0.9007,0.1153,0.128,8,07/01/2020,06/30/2023
SAMPLE HOSPITAL 165,100164,NY,READM-30-CABG-HRRP,535,,0.9715,0.1561,0.1607,84,07/01/2020,06/30/2023
SAMPLE HOSPITAL 165,100164,NY,READM-30-COPD-HRRP,26,,0.9262,0.1336,0.1442,3,07/01/2020,06/30/2023
SAMPLE HOSPITAL 165,100164,NY,READM-30-PN-HRRP,121,,0.906,0.1436,0.1585,17,07/01/2020,06/30/2023
SAMPLE HOSPITAL 166,100165,AR,READM-30-HF-HRRP,52,,1.0679,0.2472,0.2315,13,07/01/2020,06/30/2023
SAMPLE HOSPITAL 166,100165,AR,READM-30-HIP-KNEE-HRRP,142,,0.9941,0.2315,0.2329,33,07/01/2020,06/30/2023
SAMPLE HOSPITAL 166,100165,AR,READM-30-AMI-HRRP,228,,1.0538,0.2621,0.2487,60,07/01/2020,06/30/2023
SAMPLE HOSPITAL 166,100165,AR,READM-30-COPD-HRRP,152,,1.121,0.1795,0.1601,27,07/01/2020,06/30/2023
SAMPLE HOSPITAL 167,100166,WI,READM-30-COPD-HRRP,309,,1.0118,0.2337,0.231,72,07/01/2020,06/30/2023
SAMPLE HOSPITAL 167,100166,WI,READM-30-HF-HRRP,39,,1.0454,0.1566,0.1498,6,07/01/2020,06/30/2023
SAMPLE HOSPITAL 167,100166,WI,READM-30-CABG-HRRP,82,,1.0278,0.2204,0.2144,18,07/01/2020,06/30/2023
SAMPLE HOSPITAL 167,100166,WI,READM-30-AMI-HRRP,422,,0.9931,0.2244,0.226,95,07/01/2020,06/30/2023
SAMPLE HOSPITAL 167,100166,WI,READM-30-PN-HRRP,293,,0.8898,0.1864,0.2095,55,07/01/2020,06/30/2023
SAMPLE HOSPITAL 168,100167,WI,READM-30-CABG-HRRP,2398,,0.9895,0.1635,0.1652,392,07/01/2020,06/30/2023
SAMPLE HOSPITAL 168,100167,WI,READM-30-COPD-HRRP,390,,1.095,0.1749,0.1597,68,07/01/2020,06/30/2023
SAMPLE HOSPITAL 168,100167,WI,READM-30-PN-HRRP,99,,1.0105,0.1738,0.172,17,07/01/2020,06/30/2023
SAMPLE HOSPITAL 168,100167,WI,READM-30-HIP-KNEE-HRRP,360,,1.0967,0.225,0.2052,81,07/01/2020,06/30/2023
SAMPLE HOSPITAL 168,100167,WI,READM-30-HF-HRRP,36,,0.9772,0.1756,0.1797,6,07/01/2020,06/30/2023
SAMPLE HOSPITAL 168,100167,WI,READM-30-AMI-HRRP,298,,1.0072,0.255,0.2532,76,07/01/2020,06/30/2023
SAMPLE HOSPITAL 169,100168,WI,READM-30-AMI-HRRP,218,,1.1023,0.2123,0.1926,46,07/01/2020,06/30/2023
SAMPLE HOSPITAL 169,100168,WI,READM-30-PN-HRRP,276,,1.0652,0.2317,0.2175,64,07/01/2020,06/30/2023
SAMPLE HOSPITAL 169,100168,WI,READM-30-COPD-HRRP,226,,1.1113,0.2356,0.212,53,07/01/2020,06/30/2023
SAMPLE HOSPITAL 169,100168,WI,READM-30-HIP-KNEE-HRRP,103,,1.0286,0.193,0.1876,20,07/01/2020,06/30/2023
SAMPLE HOSPITAL 170,100169,GA,READM-30-CABG-HRRP,324,,0.9265,0.1379,0.1488,45,07/01/2020,06/30/2023
SAMPLE HOSPITAL 170,100169,GA,READM-30-AMI-HRRP,798,,0.9847,0.2411,0.2448,192,07/01/2020,06/30/2023
SAMPLE HOSPITAL 170,100169,GA,READM-30-COPD-HRRP,102,,0.9695,0.1634,0.1685,17,07/01/2020,06/30/2023
SAMPLE HOSPITAL 170,100169,GA,READM-30-HF-HRRP,27,,0.9671,0.2136,0.2209,6,07/01/2020,06/30/2023
SAMPLE HOSPITAL 171,100170,PA,READM-30-HF-HRRP,182,,1.012,0.2161,0.2135,39,07/01/2020,06/30/2023
SAMPLE HOSPITAL 171,100170,PA,READM-30-PN-HRRP,134,,0.9753,0.1927,0.1976,26,07/01/2020,06/30/2023
SAMPLE HOSPITAL 171,100170,PA,READM-30-AMI-HRRP,81,,0.9541,0.2246,0.2354,18,07/01/2020,06/30/2023
SAMPLE HOSPITAL 171,100170,PA,READM-30-COPD-HRRP,273,,1.0099,0.2416,0.2392,66,07/01/2020,06/30/2023
SAMPLE HOSPITAL 171,100170,PA,READM-30-CABG-HRRP,89,,0.9805,0.2501,0.2551,22,07/01/2020,06/30/2023
SAMPLE HOSPITAL 171,100170,PA,READM-30-HIP-KNEE-HRRP,75,,1.0167,0.1468,0.1444,11,07/01/2020,06/30/2023
SAMPLE HOSPITAL 172,100171,WA,READM-30-HF-HRRP,1715,,1.0274,0.2206,0.2147,378,07/01/2020,06/30/2023
SAMPLE HOSPITAL 172,100171,WA,READM-30-HIP-KNEE-HRRP,128,,1.0776,0.2212,0.2053,28,07/01/2020,06/30/2023
SAMPLE HOSPITAL 172,100171,WA,READM-30-CABG-HRRP,76,,0.9875,0.134,0.1357,10,07/01/2020,06/30/2023
SAMPLE HOSPITAL 172,100171,WA,READM-30-PN-HRRP,276,,1.0511,0.2171,0.2065,60,07/01/2020,06/30/2023
SAMPLE HOSPITAL 172,100171,WA,READM-30-COPD-HRRP,223,,1.0955,0.182,0.1661,41,07/01/2020,06/30/2023
SAMPLE HOSPITAL 172,100171,WA,READM-30-AMI-HRRP,245,,1.0196,0.2433,0.2386,60,07/01/2020,06/30/2023
SAMPLE HOSPITAL 173,100172,WA,READM-30-HF-HRRP,173,,1.0208,0.1648,0.1614,29,07/01/2020,06/30/2023
SAMPLE HOSPITAL 173,100172,WA,READM-30-AMI-HRRP,426,,0.9914,0.1828,0.1844,78,07/01/2020,06/30/2023
SAMPLE HOSPITAL 173,100172,WA,READM-30-COPD-HRRP,137,,0.9489,0.1699,0.1791,23,07/01/2020,06/30/2023
SAMPLE HOSPITAL 173,100172,WA,READM-30-HIP-KNEE-HRRP,92,,1.0216,0.1568,0.1535,14,07/01/2020,06/30/2023
SAMPLE HOSPITAL 173,100172,WA,READM-30-PN-HRRP,30,,1.0035,0.1495,0.149,4,07/01/2020,06/30/2023
SAMPLE HOSPITAL 174,100173,IL,READM-30-AMI-HRRP,252,,0.9912,0.155,0.1564,39,07/01/2020,06/30/2023
SAMPLE HOSPITAL 174,100173,IL,READM-30-PN-HRRP,500,,0.9223,0.1479,0.1604,74,07/01/2020,06/30/2023
SAMPLE HOSPITAL 174,100173,IL,READM-30-COPD-HRRP,270,,1.0084,0.1509,0.1496,41,07/01/2020,06/30/2023
SAMPLE HOSPITAL 175,100174,VA,READM-30-HF-HRRP,274,,0.9604,0.2098,0.2185,57,07/01/2020,06/30/2023
SAMPLE HOSPITAL 175,100174,VA,READM-30-HIP-KNEE-HRRP,1048,,1.0048,0.2016,0.2006,211,07/01/2020,06/30/2023
SAMPLE HOSPITAL 175,100174,VA,READM-30-CABG-HRRP,56,,1.1748,0.2334,0.1987,13,07/01/2020,06/30/2023
SAMPLE HOSPITAL 175,100174,VA,READM-30-AMI-HRRP,149,,0.9963,0.1865,0.1872,28,07/01/2020,06/30/2023
SAMPLE HOSPITAL 176,100175,UT,READM-30-AMI-HRRP,1187,,1.0155,0.1296,0.1276,154,07/01/2020,06/30/2023
SAMPLE HOSPITAL 176,100175,UT,READM-30-HF-HRRP,236,,1.0463,0.1801,0.1721,43,07/01/2020,06/30/2023
SAMPLE HOSPITAL 176,100175,UT,READM-30-HIP-KNEE-HRRP,223,,0.9213,0.1454,0.1578,32,07/01/2020,06/30/2023
SAMPLE HOSPITAL 176,100175,UT,READM-30-CABG-HRRP,256,,1.0163,0.2319,0.2282,59,07/01/2020,06/30/2023
SAMPLE HOSPITAL 177,100176,IA,READM-30-CABG-HRRP,125,,0.9858,0.1492,0.1513,19,07/01/2020,06/30/2023
SAMPLE HOSPITAL 177,100176,IA,READM-30-AMI-HRRP,107,,1.0127,0.1455,0.1437,16,07/01/2020,06/30/2023
SAMPLE HOSPITAL 177,100176,IA,READM-30-HF-HRRP,391,,1.0981,0.2674,0.2435,105,07/01/2020,06/30/2023
SAMPLE HOSPITAL 177,100176,IA,READM-30-PN-HRRP,60,,1.0052,0.1534,0.1526,9,07/01/2020,06/30/2023
SAMPLE HOSPITAL 178,100177,ME,READM-30-COPD-HRRP,198,,1.0679,0.228,0.2135,45,07/01/2020,06/30/2023
SAMPLE HOSPITAL 178,100177,ME,READM-30-CABG-HRRP,546,,1.0675,0.2395,0.2244,131,07/01/2020,06/30/2023
SAMPLE HOSPITAL 178,100177,ME,READM-30-HF-HRRP,188,,1.0282,0.2545,0.2475,48,07/01/2020,06/30/2023
SAMPLE HOSPITAL 178,100177,ME,READM-30-AMI-HRRP,94,,0.9865,0.253,0.2565,24,07/01/2020,06/30/2023
SAMPLE HOSPITAL 178,100177,ME,READM-30-PN-HRRP,198,,1.0214,0.1757,0.172,35,07/01/2020,06/30/2023
SAMPLE HOSPITAL 179,100178,AZ,READM-30-AMI-HRRP,166,,1.0256,0.182,0.1775,30,07/01/2020,06/30/2023
SAMPLE HOSPITAL 179,100178,AZ,READM-30-COPD-HRRP,314,,0.9488,0.1672,0.1762,53,07/01/2020,06/30/2023
SAMPLE HOSPITAL 179,100178,AZ,READM-30-HF-HRRP,309,,0.9334,0.1251,0.134,39,07/01/2020,06/30/2023
SAMPLE HOSPITAL 179,100178,AZ,READM-30-HIP-KNEE-HRRP,292,,0.9791,0.1318,0.1346,38,07/01/2020,06/30/2023
SAMPLE HOSPITAL 179,100178,AZ,READM-30-CABG-HRRP,528,,1.0144,0.2273,0.2241,120,07/01/2020,06/30/2023
SAMPLE HOSPITAL 180,100179,FL,READM-30-CABG-HRRP,108,,1.0443,0.159,0.1523,17,07/01/2020,06/30/2023
SAMPLE HOSPITAL 180,100179,FL,READM-30-HF-HRRP,179,,1.0958,0.2031,0.1853,36,07/01/2020,06/30/2023
SAMPLE HOSPITAL 180,100179,FL,READM-30-PN-HRRP,310,,0.9325,0.1154,0.1238,36,07/01/2020,06/30/2023
SAMPLE HOSPITAL 181,100180,NE,READM-30-CABG-HRRP,186,,0.9785,0.1371,0.1401,26,07/01/2020,06/30/2023
SAMPLE HOSPITAL 181,100180,NE,READM-30-HIP-KNEE-HRRP,84,,0.9962,0.1612,0.1618,14,07/01/2020,06/30/2023
SAMPLE HOSPITAL 181,100180,NE,READM-30-HF-HRRP,89,,1.1774,0.2948,0.2504,26,07/01/2020,06/30/2023
SAMPLE HOSPITAL 182,100181,NM,READM-30-HF-HRRP,611,,0.9399,0.2301,0.2448,141,07/01/2020,06/30/2023
SAMPLE HOSPITAL 182,100181,NM,READM-30-COPD-HRRP,Too Few to Report,1,Too Few to Report,,,,07/01/2020,06/30/2023
SAMPLE HOSPITAL 182,100181,NM,READM-30-CABG-HRRP,141,,0.949,0.1311,0.1381,18,07/01/2020,06/30/2023
SAMPLE HOSPITAL 182,100181,NM,READM-30-AMI-HRRP,60,,0.8983,0.1839,0.2047,11,07/01/2020,06/30/2023
SAMPLE HOSPITAL 183,100182,OH,READM-30-COPD-HRRP,37,,0.9304,0.2161,0.2323,8,07/01/2020,06/30/2023
SAMPLE HOSPITAL 183,100182,OH,READM-30-HIP-KNEE-HRRP,621,,1.0469,0.2351,0.2246,146,07/01/2020,06/30/2023
SAMPLE HOSPITAL 183,100182,OH,READM-30-AMI-HRRP,98,,0.848,0.2147,0.2532,21,07/01/2020,06/30/2023
SAMPLE HOSPITAL 183,100182,OH,READM-30-CABG-HRRP,350,,1.0422,0.1635,0.1569,57,07/01/2020,06/30/2023
SAMPLE HOSPITAL 184,100183,MT,READM-30-AMI-HRRP,1105,,1.0439,0.2574,0.2466,284,07/01/2020,06/30/2023
SAMPLE HOSPITAL 184,100183,MT,READM-30-COPD-HRRP,98,,0.9827,0.1419,0.1444,14,07/01/2020,06/30/2023
SAMPLE HOSPITAL 184,100183,MT,READM-30-CABG-HRRP,68,,1.0733,0.2037,0.1898,14,07/01/2020,06/30/2023
SAMPLE HOSPITAL 184,100183,MT,READM-30-HIP-KNEE-HRRP,61,,0.9905,0.2549,0.2573,16,07/01/2020,06/30/2023
SAMPLE HOSPITAL 185,100184,ME,READM-30-HF-HRRP,132,,0.9887,0.2208,0.2233,29,07/01/2020,06/30/2023
SAMPLE HOSPITAL 185,100184,ME,READM-30-COPD-HRRP,199,,0.9259,0.2204,0.238,44,07/01/2020,06/30/2023
SAMPLE HOSPITAL 185,100184,ME,READM-30-AMI-HRRP,330,,1.0137,0.1832,0.1807,60,07/01/2020,06/30/2023
SAMPLE HOSPITAL 186,100185,MI,READM-30-CABG-HRRP,66,,1.1006,0.1714,0.1557,11,07/01/2020,06/30/2023
SAMPLE HOSPITAL 186,100185,MI,READM-30-COPD-HRRP,101,,1.0201,0.1774,0.1739,18,07/01/2020,06/30/2023
SAMPLE HOSPITAL 186,100185,MI,READM-30-AMI-HRRP,343,,1.1138,0.1883,0.1691,65,07/01/2020,06/30/2023
SAMPLE HOSPITAL 186,100185,MI,READM-30-PN-HRRP,145,,0.9848,0.2552,0.2591,37,07/01/2020,06/30/2023
SAMPLE HOSPITAL 186,100185,MI,READM-30-HIP-KNEE-HRRP,221,,1.0451,0.1451,0.1388,32,07/01/2020,06/30/2023
SAMPLE HOSPITAL 187,100186,NV,READM-30-PN-HRRP,331,,0.961,0.1273,0.1325,42,07/01/2020,06/30/2023
SAMPLE HOSPITAL 187,100186,NV,READM-30-AMI-HRRP,183,,1.0905,0.1895,0.1738,35,07/01/2020,06/30/2023
SAMPLE HOSPITAL 187,100186,NV,READM-30-CABG-HRRP,42,,0.9409,0.1208,0.1284,5,07/01/2020,06/30/2023
SAMPLE HOSPITAL 187,100186,NV,READM-30-HIP-KNEE-HRRP,278,,1.0013,0.1538,0.1536,43,07/01/2020,06/30/2023
SAMPLE HOSPITAL 187,100186,NV,READM-30-COPD-HRRP,140,,1.0187,0.246,0.2415,34,07/01/2020,06/30/2023
SAMPLE HOSPITAL 187,100186,NV,READM-30-HF-HRRP,180,,0.9636,0.2437,0.2529,44,07/01/2020,06/30/2023
SAMPLE HOSPITAL 188,100187,MO,READM-30-HIP-KNEE-HRRP,300,,1.0402,0.1609,0.1547,48,07/01/2020,06/30/2023
SAMPLE HOSPITAL 188,100187,MO,READM-30-PN-HRRP,225,,1.0737,0.2737,0.2549,62,07/01/2020,06/30/2023
SAMPLE HOSPITAL 188,100187,MO,READM-30-HF-HRRP,51,,1.0408,0.2591,0.2489,13,07/01/2020,06/30/2023
SAMPLE HOSPITAL 188,100187,MO,READM-30-AMI-HRRP,77,,0.9997,0.21,0.2101,16,07/01/2020,06/30/2023
SAMPLE HOSPITAL 188,100187,MO,READM-30-COPD-HRRP,359,,1.1199,0.1738,0.1552,62,07/01/2020,06/30/2023
SAMPLE HOSPITAL 188,100187,MO,READM-30-CABG-HRRP,196,,1.0382,0.1374,0.1323,27,07/01/2020,06/30/2023
SAMPLE HOSPITAL 189,100188,UT,READM-30-PN-HRRP,268,,0.9961,0.1883,0.189,50,07/01/2020,06/30/2023
SAMPLE HOSPITAL 189,100188,UT,READM-30-HF-HRRP,1087,,1.0533,0.2367,0.2247,257,07/01/2020,06/30/2023
SAMPLE HOSPITAL 189,100188,UT,READM-30-COPD-HRRP,95,,1.0757,0.2372,0.2205,23,07/01/2020,06/30/2023
SAMPLE HOSPITAL 189,100188,UT,READM-30-HIP-KNEE-HRRP,Too Few to Report,1,Too Few to Report,,,,07/01/2020,06/30/2023
SAMPLE HOSPITAL 190,100189,NM,READM-30-AMI-HRRP,95,,1.1028,0.1563,0.1417,15,07/01/2020,06/30/2023
SAMPLE HOSPITAL 190,100189,NM,READM-30-HIP-KNEE-HRRP,434,,0.9517,0.2265,0.238,98,07/01/2020,06/30/2023
SAMPLE HOSPITAL 190,100189,NM,READM-30-COPD-HRRP,183,,0.9818,0.1513,0.1541,28,07/01/2020,06/30/2023
SAMPLE HOSPITAL 190,100189,NM,READM-30-HF-HRRP,116,,0.9703,0.2259,0.2328,26,07/01/2020,06/30/2023
SAMPLE HOSPITAL 190,100189,NM,READM-30-PN-HRRP,152,,0.9011,0.1653,0.1834,25,07/01/2020,06/30/2023
SAMPLE HOSPITAL 191,100190,WI,READM-30-COPD-HRRP,423,,0.9505,0.189,0.1988,80,07/01/2020,06/30/2023
SAMPLE HOSPITAL 191,100190,WI,READM-30-HF-HRRP,495,,0.9074,0.1815,0.2,90,07/01/2020,06/30/2023
SAMPLE HOSPITAL 191,100190,WI,READM-30-HIP-KNEE-HRRP,106,,1.0642,0.1959,0.1841,21,07/01/2020,06/30/2023
SAMPLE HOSPITAL 192,100191,OR,READM-30-HIP-KNEE-HRRP,795,,1.0776,0.1484,0.1377,118,07/01/2020,06/30/2023
SAMPLE HOSPITAL 192,100191,OR,READM-30-PN-HRRP,254,,1.1166,0.1669,0.1495,42,07/01/2020,06/30/2023
SAMPLE HOSPITAL 192,100191,OR,READM-30-AMI-HRRP,100,,0.8808,0.1076,0.1222,11,07/01/2020,06/30/2023
SAMPLE HOSPITAL 192,100191,OR,READM-30-COPD-HRRP,396,,1.0218,0.2452,0.24,97,07/01/2020,06/30/2023
SAMPLE HOSPITAL 192,100191,OR,READM-30-CABG-HRRP,132,,0.9382,0.1698,0.181,22,07/01/2020,06/30/2023
SAMPLE HOSPITAL 192,100191,OR,READM-30-HF-HRRP,1590,,0.9348,0.2082,0.2227,331,07/01/2020,06/30/2023
SAMPLE HOSPITAL 193,100192,NJ,READM-30-PN-HRRP,120,,1.1069,0.1415,0.1278,17,07/01/2020,06/30/2023
SAMPLE HOSPITAL 193,100192,NJ,READM-30-AMI-HRRP,648,,0.9058,0.1543,0.1704,100,07/01/2020,06/30/2023
SAMPLE HOSPITAL 193,100192,NJ,READM-30-COPD-HRRP,473,,1.0068,0.2314,0.2298,109,07/01/2020,06/30/2023
SAMPLE HOSPITAL 193,100192,NJ,READM-30-HF-HRRP,2060,,1.108,0.1827,0.1649,376,07/01/2020,06/30/2023
SAMPLE HOSPITAL 193,100192,NJ,READM-30-HIP-KNEE-HRRP,315,,0.959,0.181,0.1887,57,07/01/2020,06/30/2023
SAMPLE HOSPITAL 193,100192,NJ,READM-30-CABG-HRRP,467,,1.0781,0.242,0.2245,113,07/01/2020,06/30/2023
SAMPLE HOSPITAL 194,100193,AL,READM-30-COPD-HRRP,65,,0.9594,0.1477,0.1539,10,07/01/2020,06/30/2023
SAMPLE HOSPITAL 194,100193,AL,READM-30-HIP-KNEE-HRRP,128,,0.8966,0.1306,0.1457,17,07/01/2020,06/30/2023
SAMPLE HOSPITAL 194,100193,AL,READM-30-CABG-HRRP,132,,1.0237,0.1903,0.1859,25,07/01/2020,06/30/2023
SAMPLE HOSPITAL 194,100193,AL,READM-30-PN-HRRP,274,,0.9623,0.1997,0.2075,55,07/01/2020,06/30/2023
SAMPLE HOSPITAL 194,100193,AL,READM-30-HF-HRRP,257,,0.9173,0.1753,0.1911,45,07/01/2020,06/30/2023
SAMPLE HOSPITAL 195,100194,NM,READM-30-AMI-HRRP,52,,1.0796,0.1936,0.1793,10,07/01/2020,06/30/2023
SAMPLE HOSPITAL 195,100194,NM,READM-30-CABG-HRRP,216,,0.9771,0.1768,0.1809,38,07/01/2020,06/30/2023
SAMPLE HOSPITAL 195,100194,NM,READM-30-COPD-HRRP,398,,0.9667,0.1393,0.1441,55,07/01/2020,06/30/2023
SAMPLE HOSPITAL 195,100194,NM,READM-30-HIP-KNEE-HRRP,863,,1.1252,0.166,0.1475,143,07/01/2020,06/30/2023
SAMPLE HOSPITAL 195,100194,NM,READM-30-HF-HRRP,144,,0.8854,0.166,0.1875,24,07/01/2020,06/30/2023
SAMPLE HOSPITAL 195,100194,NM,READM-30-PN-HRRP,158,,0.9408,0.2026,0.2153,32,07/01/2020,06/30/2023
SAMPLE HOSPITAL 196,100195,MO,READM-30-HF-HRRP,41,,1.0088,0.2033,0.2015,8,07/01/2020,06/30/2023
SAMPLE HOSPITAL 196,100195,MO,READM-30-COPD-HRRP,171,,0.9629,0.1289,0.1339,22,07/01/2020,06/30/2023
SAMPLE HOSPITAL 196,100195,MO,READM-30-PN-HRRP,233,,0.9716,0.2,0.2058,47,07/01/2020,06/30/2023
SAMPLE HOSPITAL 196,100195,MO,READM-30-AMI-HRRP,198,,0.9651,0.1805,0.187,36,07/01/2020,06/30/2023
SAMPLE HOSPITAL 196,100195,MO,READM-30-HIP-KNEE-HRRP,41,,1.0035,0.148,0.1475,6,07/01/2020,06/30/2023
SAMPLE HOSPITAL 197,100196,UT,READM-30-HIP-KNEE-HRRP,683,,0.9966,0.1799,0.1805,123,07/01/2020,06/30/2023
SAMPLE HOSPITAL 197,100196,UT,READM-30-CABG-HRRP,356,,1.096,0.2512,0.2292,89,07/01/2020,06/30/2023
SAMPLE HOSPITAL 197,100196,UT,READM-30-AMI-HRRP,223,,1.0763,0.2305,0.2142,51,07/01/2020,06/30/2023
SAMPLE HOSPITAL 197,100196,UT,READM-30-PN-HRRP,1841,,0.9858,0.2029,0.2058,374,07/01/2020,06/30/2023
SAMPLE HOSPITAL 197,100196,UT,READM-30-COPD-HRRP,26,,0.938,0.2309,0.2462,6,07/01/2020,06/30/2023
SAMPLE HOSPITAL 198,100197,TX,READM-30-HF-HRRP,209,,0.9659,0.2503,0.2591,52,07/01/2020,06/30/2023
SAMPLE HOSPITAL 198,100197,TX,READM-30-AMI-HRRP,424,,1.0571,0.141,0.1334,60,07/01/2020,06/30/2023
SAMPLE HOSPITAL 198,100197,TX,READM-30-CABG-HRRP,508,,0.9473,0.2438,0.2574,124,07/01/2020,06/30/2023
SAMPLE HOSPITAL 199,100198,KS,READM-30-CABG-HRRP,245,,1.0052,0.1614,0.1606,40,07/01/2020,06/30/2023
SAMPLE HOSPITAL 199,100198,KS,READM-30-PN-HRRP,41,,1.1176,0.2469,0.2209,10,07/01/2020,06/30/2023
SAMPLE HOSPITAL 199,100198,KS,READM-30-HIP-KNEE-HRRP,36,,0.9697,0.2367,0.2441,9,07/01/2020,06/30/2023
SAMPLE HOSPITAL 199,100198,KS,READM-30-COPD-HRRP,193,,0.7677,0.1181,0.1539,23,07/01/2020,06/30/2023
SAMPLE HOSPITAL 199,100198,KS,READM-30-HF-HRRP,283,,0.9163,0.1516,0.1654,43,07/01/2020,06/30/2023
SAMPLE HOSPITAL 200,100199,IA,READM-30-AMI-HRRP,748,,0.9141,0.1198,0.1311,90,07/01/2020,06/30/2023
SAMPLE HOSPITAL 200,100199,IA,READM-30-HF-HRRP,165,,1.0064,0.1273,0.1265,21,07/01/2020,06/30/2023
SAMPLE HOSPITAL 200,100199,IA,READM-30-PN-HRRP,409,,0.9909,0.1408,0.1421,58,07/01/2020,06/30/2023
SAMPLE HOSPITAL 200,100199,IA,READM-30-CABG-HRRP,145,,0.9548,0.1993,0.2087,29,07/01/2020,06/30/2023
SAMPLE HOSPITAL 201,100200,NE,READM-30-HIP-KNEE-HRRP,399,,1.1524,0.2811,0.2439,112,07/01/2020,06/30/2023
SAMPLE HOSPITAL 201,100200,NE,READM-30-PN-HRRP,231,,1.0545,0.1518,0.144,35,07/01/2020,06/30/2023
SAMPLE HOSPITAL 201,100200,NE,READM-30-HF-HRRP,194,,1.0202,0.1461,0.1432,28,07/01/2020,06/30/2023
SAMPLE HOSPITAL 201,100200,NE,READM-30-CABG-HRRP,176,,1.053,0.2172,0.2063,38,07/01/2020,06/30/2023
SAMPLE HOSPITAL 202,100201,AR,READM-30-COPD-HRRP,42,,0.9258,0.2127,0.2298,9,07/01/2020,06/30/2023
SAMPLE HOSPITAL 202,100201,AR,READM-30-AMI-HRRP,553,,1.0398,0.1514,0.1456,84,07/01/2020,06/30/2023
SAMPLE HOSPITAL 202,100201,AR,READM-30-PN-HRRP,278,,0.9675,0.159,0.1643,44,07/01/2020,06/30/2023
SAMPLE HOSPITAL 203,100202,VA,READM-30-AMI-HRRP,169,,1.0615,0.2469,0.2326,42,07/01/2020,06/30/2023
SAMPLE HOSPITAL 203,100202,VA,READM-30-CABG-HRRP,52,,1.0222,0.188,0.1839,10,07/01/2020,06/30/2023
SAMPLE HOSPITAL 203,100202,VA,READM-30-HIP-KNEE-HRRP,116,,1.0559,0.1595,0.1511,19,07/01/2020,06/30/2023
SAMPLE HOSPITAL 203,100202,VA,READM-30-PN-HRRP,144,,1.0372,0.209,0.2015,30,07/01/2020,06/30/2023
SAMPLE HOSPITAL 204,100203,IN,READM-30-HF-HRRP,362,,0.9616,0.1457,0.1515,53,07/01/2020,06/30/2023
SAMPLE HOSPITAL 204,100203,IN,READM-30-AMI-HRRP,161,,1.0534,0.2331,0.2213,38,07/01/2020,06/30/2023
SAMPLE HOSPITAL 204,100203,IN,READM-30-CABG-HRRP,273,,1.0534,0.1929,0.1831,53,07/01/2020,06/30/2023
SAMPLE HOSPITAL 204,100203,IN,READM-30-PN-HRRP,158,,1.1271,0.2141,0.19,34,07/01/2020,06/30/2023
SAMPLE HOSPITAL 204,100203,IN,READM-30-COPD-HRRP,109,,1.1169,0.2902,0.2598,32,07/01/2020,06/30/2023
SAMPLE HOSPITAL 205,100204,CA,READM-30-HF-HRRP,878,,1.1115,0.1977,0.1779,174,07/01/2020,06/30/2023
SAMPLE HOSPITAL 205,100204,CA,READM-30-PN-HRRP,311,,1.0578,0.2344,0.2216,73,07/01/2020,06/30/2023
SAMPLE HOSPITAL 205,100204,CA,READM-30-HIP-KNEE-HRRP,191,,1.0097,0.2408,0.2385,46,07/01/2020,06/30/2023
SAMPLE HOSPITAL 205,100204,CA,READM-30-AMI-HRRP,1295,,1.1529,0.1888,0.1638,244,07/01/2020,06/30/2023
SAMPLE HOSPITAL 205,100204,CA,READM-30-CABG-HRRP,77,,1.0705,0.1347,0.1258,10,07/01/2020,06/30/2023
SAMPLE HOSPITAL 205,100204,CA,READM-30-COPD-HRRP,94,,1.0973,0.2628,0.2395,25,07/01/2020,06/30/2023
SAMPLE HOSPITAL 206,100205,IN,READM-30-COPD-HRRP,70,,0.9841,0.1515,0.1539,11,07/01/2020,06/30/2023
SAMPLE HOSPITAL 206,100205,IN,READM-30-HIP-KNEE-HRRP,408,,0.9707,0.1717,0.1769,70,07/01/2020,06/30/2023
SAMPLE HOSPITAL 206,100205,IN,READM-30-AMI-HRRP,1560,,0.924,0.2018,0.2184,315,07/01/2020,06/30/2023
SAMPLE HOSPITAL 207,100206,WY,READM-30-PN-HRRP,372,,0.8913,0.1538,0.1726,57,07/01/2020,06/30/2023
SAMPLE HOSPITAL 207,100206,WY,READM-30-HIP-KNEE-HRRP,117,,1.0157,0.2409,0.2372,28,07/01/2020,06/30/2023
SAMPLE HOSPITAL 207,100206,WY,READM-30-CABG-HRRP,86,,1.0843,0.1889,0.1742,16,07/01/2020,06/30/2023
SAMPLE HOSPITAL 207,100206,WY,READM-30-HF-HRRP,1018,,0.9419,0.2043,0.2169,208,07/01/2020,06/30/2023
SAMPLE HOSPITAL 207,100206,WY,READM-30-AMI-HRRP,156,,1.0084,0.2414,0.2394,38,07/01/2020,06/30/2023
SAMPLE HOSPITAL 209,100208,ME,READM-30-HIP-KNEE-HRRP,180,,0.9449,0.2184,0.2311,39,07/01/2020,06/30/2023
SAMPLE HOSPITAL 209,100208,ME,READM-30-CABG-HRRP,90,,1.0283,0.1766,0.1717,16,07/01/2020,06/30/2023
SAMPLE HOSPITAL 209,100208,ME,READM-30-HF-HRRP,942,,0.9569,0.1909,0.1995,180,07/01/2020,06/30/2023
SAMPLE HOSPITAL 210,100209,WI,READM-30-COPD-HRRP,101,,0.8782,0.2145,0.2443,22,07/01/2020,06/30/2023
SAMPLE HOSPITAL 210,100209,WI,READM-30-PN-HRRP,45,,1.0913,0.1449,0.1328,7,07/01/2020,06/30/2023
SAMPLE HOSPITAL 210,100209,WI,READM-30-AMI-HRRP,499,,1.08,0.2428,0.2248,121,07/01/2020,06/30/2023
SAMPLE HOSPITAL 210,100209,WI,READM-30-HIP-KNEE-HRRP,176,,0.9423,0.183,0.1942,32,07/01/2020,06/30/2023
SAMPLE HOSPITAL 210,100209,WI,READM-30-CABG-HRRP,64,,1.0406,0.1429,0.1373,9,07/01/2020,06/30/2023
SAMPLE HOSPITAL 211,100210,ND,READM-30-HIP-KNEE-HRRP,160,,1.0592,0.1649,0.1557,26,07/01/2020,06/30/2023
SAMPLE HOSPITAL 211,100210,ND,READM-30-CABG-HRRP,132,,0.9945,0.2411,0.2424,32,07/01/2020,06/30/2023
SAMPLE HOSPITAL 211,100210,ND,READM-30-PN-HRRP,594,,1.0431,0.181,0.1735,108,07/01/2020,06/30/2023
SAMPLE HOSPITAL 211,100210,ND,READM-30-AMI-HRRP,201,,1.1081,0.1451,0.1309,29,07/01/2020,06/30/2023
SAMPLE HOSPITAL 211,100210,ND,READM-30-HF-HRRP,96,,1.0489,0.2105,0.2007,20,07/01/2020,06/30/2023
SAMPLE HOSPITAL 211,100210,ND,READM-30-COPD-HRRP,277,,0.9842,0.1326,0.1347,37,07/01/2020,06/30/2023
SAMPLE HOSPITAL 212,100211,IN,READM-30-COPD-HRRP,136,,1.0178,0.1926,0.1892,26,07/01/2020,06/30/2023
SAMPLE HOSPITAL 212,100211,IN,READM-30-HIP-KNEE-HRRP,436,,1.097,0.2141,0.1952,93,07/01/2020,06/30/2023
SAMPLE HOSPITAL 212,100211,IN,READM-30-AMI-HRRP,755,,0.9827,0.1426,0.1451,108,07/01/2020,06/30/2023
SAMPLE HOSPITAL 213,100212,AK,READM-30-COPD-HRRP,196,,0.9086,0.1642,0.1807,32,07/01/2020,06/30/2023
SAMPLE HOSPITAL 213,100212,AK,READM-30-HIP-KNEE-HRRP,170,,1.0269,0.2101,0.2046,36,07/01/2020,06/30/2023
SAMPLE HOSPITAL 213,100212,AK,READM-30-PN-HRRP,201,,0.9898,0.1472,0.1487,30,07/01/2020,06/30/2023
SAMPLE HOSPITAL 213,100212,AK,READM-30-HF-HRRP,77,,1.0001,0.1833,0.1833,14,07/01/2020,06/30/2023
SAMPLE HOSPITAL 213,100212,AK,READM-30-AMI-HRRP,82,,0.9732,0.1744,0.1792,14,07/01/2020,06/30/2023
SAMPLE HOSPITAL 214,100213,ND,READM-30-COPD-HRRP,383,,1.0248,0.2389,0.2331,91,07/01/2020,06/30/2023
SAMPLE HOSPITAL 214,100213,ND,READM-30-AMI-HRRP,395,,1.0326,0.2464,0.2386,97,07/01/2020,06/30/2023
SAMPLE HOSPITAL 214,100213,ND,READM-30-CABG-HRRP,Too Few to Report,1,Too Few to Report,,,,07/01/2020,06/30/2023
SAMPLE HOSPITAL 214,100213,ND,READM-30-PN-HRRP,111,,0.9416,0.1149,0.122,13,07/01/2020,06/30/2023
SAMPLE HOSPITAL 214,100213,ND,READM-30-HIP-KNEE-HRRP,199,,0.9509,0.1192,0.1254,24,07/01/2020,06/30/2023
SAMPLE HOSPITAL 214,100213,ND,READM-30-HF-HRRP,59,,1.1081,0.2337,0.2109,14,07/01/2020,06/30/2023
SAMPLE HOSPITAL 215,100214,MD,READM-30-HIP-KNEE-HRRP,166,,0.9608,0.1626,0.1692,27,07/01/2020,06/30/2023
SAMPLE HOSPITAL 215,100214,MD,READM-30-PN-HRRP,64,,1.0377,0.1795,0.173,11,07/01/2020,06/30/2023
SAMPLE HOSPITAL 215,100214,MD,READM-30-HF-HRRP,51,,1.1105,0.2174,0.1958,11,07/01/2020,06/30/2023
SAMPLE HOSPITAL 216,100215,AR,READM-30-HIP-KNEE-HRRP,185,,0.8572,0.1202,0.1402,22,07/01/2020,06/30/2023
SAMPLE HOSPITAL 216,100215,AR,READM-30-HF-HRRP,125,,1.0406,0.2625,0.2523,33,07/01/2020,06/30/2023
SAMPLE HOSPITAL 216,100215,AR,READM-30-PN-HRRP,48,,0.9895,0.2297,0.2321,11,07/01/2020,06/30/2023
SAMPLE HOSPITAL 216,100215,AR,READM-30-AMI-HRRP,168,,1.0519,0.2085,0.1982,35,07/01/2020,06/30/2023
SAMPLE HOSPITAL 216,100215,AR,READM-30-COPD-HRRP,194,,0.9456,0.2311,0.2444,45,07/01/2020,06/30/2023
SAMPLE HOSPITAL 216,100215,AR,READM-30-CABG-HRRP,157,,0.9548,0.2429,0.2544,38,07/01/2020,06/30/2023
SAMPLE HOSPITAL 217,100216,IA,READM-30-HIP-KNEE-HRRP,313,,1.0833,0.1394,0.1287,44,07/01/2020,06/30/2023
SAMPLE HOSPITAL 217,100216,IA,READM-30-CABG-HRRP,285,,0.9993,0.219,0.2192,62,07/01/2020,06/30/2023
SAMPLE HOSPITAL 217,100216,IA,READM-30-HF-HRRP,569,,0.9855,0.205,0.208,117,07/01/2020,06/30/2023
SAMPLE HOSPITAL 217,100216,IA,READM-30-AMI-HRRP,478,,0.9287,0.1433,0.1543,68,07/01/2020,06/30/2023
SAMPLE HOSPITAL 218,100217,ID,READM-30-CABG-HRRP,1541,,0.9361,0.1199,0.1281,185,07/01/2020,06/30/2023
SAMPLE HOSPITAL 218,100217,ID,READM-30-AMI-HRRP,171,,0.9383,0.1336,0.1424,23,07/01/2020,06/30/2023
SAMPLE HOSPITAL 218,100217,ID,READM-30-COPD-HRRP,165,,0.9175,0.1247,0.1359,21,07/01/2020,06/30/2023
SAMPLE HOSPITAL 218,100217,ID,READM-30-HF-HRRP,39,,0.9885,0.2059,0.2083,8,07/01/2020,06/30/2023
SAMPLE HOSPITAL 218,100217,ID,READM-30-PN-HRRP,693,,0.9302,0.2354,0.2531,163,07/01/2020,06/30/2023
SAMPLE HOSPITAL 219,100218,UT,READM-30-COPD-HRRP,88,,0.9339,0.1776,0.1902,16,07/01/2020,06/30/2023
SAMPLE HOSPITAL 219,100218,UT,READM-30-HIP-KNEE-HRRP,399,,1.0352,0.1741,0.1682,69,07/01/2020,06/30/2023
SAMPLE HOSPITAL 219,100218,UT,READM-30-PN-HRRP,132,,0.9731,0.1425,0.1464,19,07/01/2020,06/30/2023
SAMPLE HOSPITAL 219,100218,UT,READM-30-AMI-HRRP,66,,1.0019,0.1332,0.1329,9,07/01/2020,06/30/2023
SAMPLE HOSPITAL 219,100218,UT,READM-30-CABG-HRRP,148,,0.9083,0.153,0.1684,23,07/01/2020,06/30/2023
SAMPLE HOSPITAL 219,100218,UT,READM-30-HF-HRRP,266,,0.8384,0.2161,0.2577,57,07/01/2020,06/30/2023
SAMPLE HOSPITAL 220,100219,RI,READM-30-CABG-HRRP,186,,1.023,0.141,0.1378,26,07/01/2020,06/30/2023
SAMPLE HOSPITAL 220,100219,RI,READM-30-COPD-HRRP,323,,1.0088,0.1679,0.1664,54,07/01/2020,06/30/2023
SAMPLE HOSPITAL 220,100219,RI,READM-30-AMI-HRRP,771,,1.0065,0.1425,0.1416,110,07/01/2020,06/30/2023
SAMPLE HOSPITAL 221,100220,IA,READM-30-HIP-KNEE-HRRP,82,,1.1088,0.228,0.2056,19,07/01/2020,06/30/2023
SAMPLE HOSPITAL 221,100220,IA,READM-30-CABG-HRRP,251,,1.0091,0.2593,0.257,65,07/01/2020,06/30/2023
SAMPLE HOSPITAL 221,100220,IA,READM-30-HF-HRRP,140,,1.0218,0.2387,0.2336,33,07/01/2020,06/30/2023
SAMPLE HOSPITAL 221,100220,IA,READM-30-PN-HRRP,162,,1.0594,0.1573,0.1485,25,07/01/2020,06/30/2023
SAMPLE HOSPITAL 221,100220,IA,READM-30-COPD-HRRP,222,,0.9015,0.1477,0.1638,33,07/01/2020,06/30/2023
SAMPLE HOSPITAL 221,100220,IA,READM-30-AMI-HRRP,85,,0.8971,0.1617,0.1803,14,07/01/2020,06/30/2023
SAMPLE HOSPITAL 222,100221,LA,READM-30-PN-HRRP,2130,,0.9677,0.2473,0.2556,527,07/01/2020,06/30/2023
SAMPLE HOSPITAL 222,100221,LA,READM-30-COPD-HRRP,379,,1.0403,0.1861,0.1789,71,07/01/2020,06/30/2023
SAMPLE HOSPITAL 222,100221,LA,READM-30-HF-HRRP,342,,0.9692,0.2187,0.2256,75,07/01/2020,06/30/2023
SAMPLE HOSPITAL 222,100221,LA,READM-30-AMI-HRRP,512,,1.0346,0.2659,0.257,136,07/01/2020,06/30/2023
SAMPLE HOSPITAL 223,100222,NH,READM-30-CABG-HRRP,108,,1.0718,0.2063,0.1925,22,07/01/2020,06/30/2023
SAMPLE HOSPITAL 223,100222,NH,READM-30-HIP-KNEE-HRRP,236,,0.9537,0.2171,0.2276,51,07/01/2020,06/30/2023
SAMPLE HOSPITAL 223,100222,NH,READM-30-PN-HRRP,90,,0.9347,0.2055,0.2199,18,07/01/2020,06/30/2023
SAMPLE HOSPITAL 223,100222,NH,READM-30-HF-HRRP,Too Few to Report,1,Too Few to Report,,,,07/01/2020,06/30/2023
SAMPLE HOSPITAL 223,100222,NH,READM-30-AMI-HRRP,154,,1.0534,0.149,0.1414,23,07/01/2020,06/30/2023
SAMPLE HOSPITAL 223,100222,NH,READM-30-COPD-HRRP,61,,1.0026,0.2053,0.2048,13,07/01/2020,06/30/2023
SAMPLE HOSPITAL 224,100223,RI,READM-30-HF-HRRP,216,,1.029,0.2507,0.2436,54,07/01/2020,06/30/2023
SAMPLE HOSPITAL 224,100223,RI,READM-30-PN-HRRP,49,,0.9802,0.1305,0.1331,6,07/01/2020,06/30/2023
SAMPLE HOSPITAL 224,100223,RI,READM-30-AMI-HRRP,541,,1.0224,0.1299,0.1271,70,07/01/2020,06/30/2023
SAMPLE HOSPITAL 224,100223,RI,READM-30-HIP-KNEE-HRRP,285,,1.0487,0.2027,0.1933,58,07/01/2020,06/30/2023
SAMPLE HOSPITAL 224,100223,RI,READM-30-CABG-HRRP,468,,1.0197,0.1492,0.1463,70,07/01/2020,06/30/2023
SAMPLE HOSPITAL 224,100223,RI,READM-30-COPD-HRRP,71,,0.9355,0.2021,0.216,14,07/01/2020,06/30/2023
SAMPLE HOSPITAL 225,100224,OR,READM-30-PN-HRRP,53,,1.0262,0.2371,0.231,13,07/01/2020,06/30/2023
SAMPLE HOSPITAL 225,100224,OR,READM-30-CABG-HRRP,325,,0.9407,0.2281,0.2425,74,07/01/2020,06/30/2023
SAMPLE HOSPITAL 225,100224,OR,READM-30-HIP-KNEE-HRRP,50,,0.9356,0.1606,0.1717,8,07/01/2020,06/30/2023
SAMPLE HOSPITAL 226,100225,MS,READM-30-PN-HRRP,357,,1.1296,0.1603,0.1419,57,07/01/2020,06/30/2023
SAMPLE HOSPITAL 226,100225,MS,READM-30-COPD-HRRP,67,,0.9671,0.1979,0.2046,13,07/01/2020,06/30/2023
SAMPLE HOSPITAL 226,100225,MS,READM-30-AMI-HRRP,219,,0.9761,0.1532,0.157,34,07/01/2020,06/30/2023
SAMPLE HOSPITAL 226,100225,MS,READM-30-HF-HRRP,449,,1.0657,0.2362,0.2216,106,07/01/2020,06/30/2023
SAMPLE HOSPITAL 226,100225,MS,READM-30-HIP-KNEE-HRRP,81,,0.9898,0.1819,0.1838,15,07/01/2020,06/30/2023
SAMPLE HOSPITAL 227,100226,MI,READM-30-COPD-HRRP,80,,1.0232,0.2543,0.2485,20,07/01/2020,06/30/2023
SAMPLE HOSPITAL 227,100226,MI,READM-30-CABG-HRRP,141,,0.9303,0.1293,0.139,18,07/01/2020,06/30/2023
SAMPLE HOSPITAL 227,100226,MI,READM-30-HF-HRRP,299,,0.9164,0.1482,0.1617,44,07/01/2020,06/30/2023
SAMPLE HOSPITAL 228,100227,NM,READM-30-HIP-KNEE-HRRP,180,,1.0635,0.253,0.2379,46,07/01/2020,06/30/2023
SAMPLE HOSPITAL 228,100227,NM,READM-30-CABG-HRRP,71,,1.0943,0.1825,0.1668,13,07/01/2020,06/30/2023
SAMPLE HOSPITAL 228,100227,NM,READM-30-PN-HRRP,427,,0.9779,0.132,0.135,56,07/01/2020,06/30/2023
SAMPLE HOSPITAL 228,100227,NM,READM-30-COPD-HRRP,65,,0.9489,0.152,0.1602,10,07/01/2020,06/30/2023
SAMPLE HOSPITAL 228,100227,NM,READM-30-HF-HRRP,453,,1.0069,0.2555,0.2537,116,07/01/2020,06/30/2023
SAMPLE HOSPITAL 229,100228,MS,READM-30-CABG-HRRP,287,,1.1061,0.2629,0.2377,75,07/01/2020,06/30/2023
SAMPLE HOSPITAL 229,100228,MS,READM-30-AMI-HRRP,277,,1.165,0.1623,0.1393,45,07/01/2020,06/30/2023
SAMPLE HOSPITAL 229,100228,MS,READM-30-HF-HRRP,168,,1.0715,0.158,0.1475,27,07/01/2020,06/30/2023
SAMPLE HOSPITAL 229,100228,MS,READM-30-COPD-HRRP,91,,1.017,0.237,0.233,22,07/01/2020,06/30/2023
SAMPLE HOSPITAL 229,100228,MS,READM-30-PN-HRRP,33,,0.9634,0.1199,0.1245,4,07/01/2020,06/30/2023
SAMPLE HOSPITAL 229,100228,MS,READM-30-HIP-KNEE-HRRP,680,,1.0358,0.228,0.2201,155,07/01/2020,06/30/2023
SAMPLE HOSPITAL 230,100229,ME,READM-30-COPD-HRRP,44,,0.9654,0.1586,0.1643,7,07/01/2020,06/30/2023
SAMPLE HOSPITAL 230,100229,ME,READM-30-AMI-HRRP,133,,0.9205,0.1512,0.1643,20,07/01/2020,06/30/2023
SAMPLE HOSPITAL 230,100229,ME,READM-30-CABG-HRRP,34,,1.0204,0.2351,0.2304,8,07/01/2020,06/30/2023
SAMPLE HOSPITAL 230,100229,ME,READM-30-HF-HRRP,150,,1.0322,0.1497,0.145,22,07/01/2020,06/30/2023
SAMPLE HOSPITAL 230,100229,ME,READM-30-HIP-KNEE-HRRP,131,,1.074,0.1437,0.1338,19,07/01/2020,06/30/2023
SAMPLE HOSPITAL 230,100229,ME,READM-30-PN-HRRP,109,,1.0126,0.2232,0.2204,24,07/01/2020,06/30/2023
SAMPLE HOSPITAL 231,100230,MO,READM-30-CABG-HRRP,451,,1.072,0.2195,0.2048,99,07/01/2020,06/30/2023
SAMPLE HOSPITAL 231,100230,MO,READM-30-PN-HRRP,148,,0.9503,0.2001,0.2106,30,07/01/2020,06/30/2023
SAMPLE HOSPITAL 231,100230,MO,READM-30-HF-HRRP,61,,1.0245,0.1821,0.1777,11,07/01/2020,06/30/2023
SAMPLE HOSPITAL 231,100230,MO,READM-30-AMI-HRRP,161,,0.9885,0.15,0.1517,24,07/01/2020,06/30/2023
SAMPLE HOSPITAL 232,100231,VT,READM-30-COPD-HRRP,48,,1.027,0.2343,0.2281,11,07/01/2020,06/30/2023
SAMPLE HOSPITAL 232,100231,VT,READM-30-PN-HRRP,98,,1.0064,0.1535,0.1525,15,07/01/2020,06/30/2023
SAMPLE HOSPITAL 232,100231,VT,READM-30-HIP-KNEE-HRRP,100,,1.0771,0.1517,0.1408,15,07/01/2020,06/30/2023
SAMPLE HOSPITAL 232,100231,VT,READM-30-CABG-HRRP,81,,1.001,0.2399,0.2397,19,07/01/2020,06/30/2023
SAMPLE HOSPITAL 232,100231,VT,READM-30-AMI-HRRP,225,,0.9892,0.2025,0.2047,46,07/01/2020,06/30/2023
SAMPLE HOSPITAL 232,100231,VT,READM-30-HF-HRRP,66,,0.9593,0.2272,0.2368,15,07/01/2020,06/30/2023
SAMPLE HOSPITAL 233,100232,OR,READM-30-COPD-HRRP,339,,0.9988,0.1615,0.1617,55,07/01/2020,06/30/2023
SAMPLE HOSPITAL 233,100232,OR,READM-30-HIP-KNEE-HRRP,662,,0.9358,0.2177,0.2326,144,07/01/2020,06/30/2023
SAMPLE HOSPITAL 233,100232,OR,READM-30-CABG-HRRP,32,,0.9571,0.1913,0.1999,6,07/01/2020,06/30/2023
SAMPLE HOSPITAL 233,100232,OR,READM-30-PN-HRRP,623,,1.0812,0.2706,0.2503,169,07/01/2020,06/30/2023
SAMPLE HOSPITAL 233,100232,OR,READM-30-AMI-HRRP,71,,1.0392,0.1846,0.1776,13,07/01/2020,06/30/2023
SAMPLE HOSPITAL 234,100233,MN,READM-30-COPD-HRRP,334,,0.9738,0.172,0.1766,57,07/01/2020,06/30/2023
SAMPLE HOSPITAL 234,100233,MN,READM-30-PN-HRRP,309,,0.9606,0.2012,0.2095,62,07/01/2020,06/30/2023
SAMPLE HOSPITAL 234,100233,MN,READM-30-AMI-HRRP,152,,0.9429,0.2423,0.257,37,07/01/2020,06/30/2023
SAMPLE HOSPITAL 234,100233,MN,READM-30-CABG-HRRP,105,,0.9372,0.2006,0.214,21,07/01/2020,06/30/2023
SAMPLE HOSPITAL 234,100233,MN,READM-30-HF-HRRP,66,,0.9595,0.141,0.1469,9,07/01/2020,06/30/2023
SAMPLE HOSPITAL 234,100233,MN,READM-30-HIP-KNEE-HRRP,180,,0.9972,0.2587,0.2594,47,07/01/2020,06/30/2023
SAMPLE HOSPITAL 235,100234,ND,READM-30-HF-HRRP,2273,,0.9781,0.1437,0.1469,327,07/01/2020,06/30/2023
SAMPLE HOSPITAL 235,100234,ND,READM-30-CABG-HRRP,238,,0.953,0.2344,0.246,56,07/01/2020,06/30/2023
SAMPLE HOSPITAL 235,100234,ND,READM-30-COPD-HRRP,178,,1.0655,0.2669,0.2505,48,07/01/2020,06/30/2023
SAMPLE HOSPITAL 236,100235,UT,READM-30-AMI-HRRP,127,,1.1467,0.2561,0.2233,33,07/01/2020,06/30/2023
SAMPLE HOSPITAL 236,100235,UT,READM-30-COPD-HRRP,340,,0.9597,0.1459,0.152,50,07/01/2020,06/30/2023
SAMPLE HOSPITAL 236,100235,UT,READM-30-HIP-KNEE-HRRP,306,,1.0386,0.1582,0.1523,48,07/01/2020,06/30/2023
SAMPLE HOSPITAL 236,100235,UT,READM-30-CABG-HRRP,420,,0.9739,0.2486,0.2553,104,07/01/2020,06/30/2023
SAMPLE HOSPITAL 237,100236,IA,READM-30-CABG-HRRP,69,,0.9591,0.2115,0.2205,15,07/01/2020,06/30/2023
SAMPLE HOSPITAL 237,100236,IA,READM-30-PN-HRRP,28,,1.0111,0.1702,0.1683,5,07/01/2020,06/30/2023
SAMPLE HOSPITAL 237,100236,IA,READM-30-HIP-KNEE-HRRP,161,,1.0307,0.2166,0.2101,35,07/01/2020,06/30/2023
SAMPLE HOSPITAL 237,100236,IA,READM-30-COPD-HRRP,57,,0.9347,0.1508,0.1613,9,07/01/2020,06/30/2023
SAMPLE HOSPITAL 238,100237,VA,READM-30-PN-HRRP,620,,1.0486,0.2441,0.2328,151,07/01/2020,06/30/2023
SAMPLE HOSPITAL 238,100237,VA,READM-30-HF-HRRP,25,,0.9212,0.1238,0.1344,3,07/01/2020,06/30/2023
SAMPLE HOSPITAL 238,100237,VA,READM-30-COPD-HRRP,392,,0.9503,0.2298,0.2418,90,07/01/2020,06/30/2023
SAMPLE HOSPITAL 238,100237,VA,READM-30-HIP-KNEE-HRRP,159,,0.9476,0.2443,0.2578,39,07/01/2020,06/30/2023
SAMPLE HOSPITAL 238,100237,VA,READM-30-CABG-HRRP,223,,1.0041,0.2099,0.209,47,07/01/2020,06/30/2023
SAMPLE HOSPITAL 238,100237,VA,READM-30-AMI-HRRP,94,,1.0147,0.1397,0.1377,13,07/01/2020,06/30/2023
SAMPLE HOSPITAL 239,100238,MA,READM-30-CABG-HRRP,80,,1.1099,0.2061,0.1857,16,07/01/2020,06/30/2023
SAMPLE HOSPITAL 239,100238,MA,READM-30-COPD-HRRP,205,,1.0247,0.233,0.2274,48,07/01/2020,06/30/2023
SAMPLE HOSPITAL 239,100238,MA,READM-30-PN-HRRP,1312,,1.0358,0.1752,0.1691,230,07/01/2020,06/30/2023
SAMPLE HOSPITAL 239,100238,MA,READM-30-AMI-HRRP,105,,1.1133,0.1749,0.1571,18,07/01/2020,06/30/2023
SAMPLE HOSPITAL 239,100238,MA,READM-30-HIP-KNEE-HRRP,333,,1.1403,0.1714,0.1503,57,07/01/2020,06/30/2023
SAMPLE HOSPITAL 240,100239,NJ,READM-30-CABG-HRRP,110,,1.0194,0.2293,0.2249,25,07/01/2020,06/30/2023
SAMPLE HOSPITAL 240,100239,NJ,READM-30-COPD-HRRP,251,,0.999,0.186,0.1862,47,07/01/2020,06/30/2023
SAMPLE HOSPITAL 240,100239,NJ,READM-30-HIP-KNEE-HRRP,53,,1.0155,0.1323,0.1303,7,07/01/2020,06/30/2023
SAMPLE HOSPITAL 240,100239,NJ,READM-30-AMI-HRRP,115,,1.0776,0.1412,0.131,16,07/01/2020,06/30/2023
SAMPLE HOSPITAL 241,100240,KS,READM-30-COPD-HRRP,486,,1.068,0.2211,0.207,107,07/01/2020,06/30/2023
SAMPLE HOSPITAL 241,100240,KS,READM-30-PN-HRRP,144,,0.9833,0.1532,0.1558,22,07/01/2020,06/30/2023
SAMPLE HOSPITAL 241,100240,KS,READM-30-HF-HRRP,503,,1.0317,0.2665,0.2583,134,07/01/2020,06/30/2023
SAMPLE HOSPITAL 241,100240,KS,READM-30-CABG-HRRP,76,,1.1051,0.2093,0.1894,16,07/01/2020,06/30/2023
SAMPLE HOSPITAL 241,100240,KS,READM-30-HIP-KNEE-HRRP,191,,1.1424,0.2157,0.1888,41,07/01/2020,06/30/2023
SAMPLE HOSPITAL 242,100241,OK,READM-30-CABG-HRRP,245,,1.04,0.2105,0.2024,52,07/01/2020,06/30/2023
SAMPLE HOSPITAL 242,100241,OK,READM-30-HIP-KNEE-HRRP,98,,0.9944,0.1734,0.1744,17,07/01/2020,06/30/2023
SAMPLE HOSPITAL 242,100241,OK,READM-30-HF-HRRP,118,,1.0722,0.2167,0.2021,26,07/01/2020,06/30/2023
SAMPLE HOSPITAL 242,100241,OK,READM-30-PN-HRRP,583,,1.0582,0.2334,0.2206,136,07/01/2020,06/30/2023
SAMPLE HOSPITAL 242,100241,OK,READM-30-COPD-HRRP,226,,0.9743,0.1994,0.2047,45,07/01/2020,06/30/2023
SAMPLE HOSPITAL 242,100241,OK,READM-30-AMI-HRRP,129,,1.0215,0.2261,0.2213,29,07/01/2020,06/30/2023
SAMPLE HOSPITAL 243,100242,FL,READM-30-HF-HRRP,547,,0.998,0.2541,0.2546,139,07/01/2020,06/30/2023
SAMPLE HOSPITAL 243,100242,FL,READM-30-PN-HRRP,300,,1.0562,0.1373,0.13,41,07/01/2020,06/30/2023
SAMPLE HOSPITAL 243,100242,FL,READM-30-COPD-HRRP,368,,1.0409,0.1807,0.1736,66,07/01/2020,06/30/2023
SAMPLE HOSPITAL 243,100242,FL,READM-30-HIP-KNEE-HRRP,109,,0.97,0.1357,0.1399,15,07/01/2020,06/30/2023
SAMPLE HOSPITAL 243,100242,FL,READM-30-CABG-HRRP,308,,0.9683,0.199,0.2055,61,07/01/2020,06/30/2023
SAMPLE HOSPITAL 244,100243,WI,READM-30-CABG-HRRP,104,,0.9912,0.2094,0.2113,22,07/01/2020,06/30/2023
SAMPLE HOSPITAL 244,100243,WI,READM-30-PN-HRRP,53,,1.1291,0.2757,0.2442,15,07/01/2020,06/30/2023
SAMPLE HOSPITAL 244,100243,WI,READM-30-AMI-HRRP,418,,1.0026,0.2042,0.2037,85,07/01/2020,06/30/2023
SAMPLE HOSPITAL 244,100243,WI,READM-30-HIP-KNEE-HRRP,57,,0.913,0.1969,0.2157,11,07/01/2020,06/30/2023
SAMPLE HOSPITAL 244,100243,WI,READM-30-HF-HRRP,179,,0.9029,0.2087,0.2311,37,07/01/2020,06/30/2023
SAMPLE HOSPITAL 245,100244,OK,READM-30-HF-HRRP,366,,0.9811,0.1918,0.1955,70,07/01/2020,06/30/2023
SAMPLE HOSPITAL 245,100244,OK,READM-30-PN-HRRP,35,,1.0942,0.1994,0.1822,7,07/01/2020,06/30/2023
SAMPLE HOSPITAL 245,100244,OK,READM-30-CABG-HRRP,163,,1.0856,0.1759,0.162,29,07/01/2020,06/30/2023
SAMPLE HOSPITAL 245,100244,OK,READM-30-HIP-KNEE-HRRP,250,,1.0562,0.2425,0.2296,61,07/01/2020,06/30/2023
SAMPLE HOSPITAL 246,100245,NV,READM-30-CABG-HRRP,259,,0.9655,0.2186,0.2264,57,07/01/2020,06/30/2023
SAMPLE HOSPITAL 246,100245,NV,READM-30-HIP-KNEE-HRRP,240,,0.8909,0.1397,0.1568,34,07/01/2020,06/30/2023
SAMPLE HOSPITAL 246,100245,NV,READM-30-PN-HRRP,95,,1.1773,0.2594,0.2203,25,07/01/2020,06/30/2023
SAMPLE HOSPITAL 247,100246,NH,READM-30-PN-HRRP,66,,0.964,0.2055,0.2132,14,07/01/2020,06/30/2023
SAMPLE HOSPITAL 247,100246,NH,READM-30-HIP-KNEE-HRRP,148,,0.9824,0.2105,0.2143,31,07/01/2020,06/30/2023
SAMPLE HOSPITAL 247,100246,NH,READM-30-AMI-HRRP,373,,0.9783,0.1295,0.1324,48,07/01/2020,06/30/2023
SAMPLE HOSPITAL 247,100246,NH,READM-30-HF-HRRP,197,,1.0633,0.2138,0.2011,42,07/01/2020,06/30/2023
SAMPLE HOSPITAL 248,100247,AR,READM-30-COPD-HRRP,468,,1.0001,0.2219,0.2219,104,07/01/2020,06/30/2023
SAMPLE HOSPITAL 248,100247,AR,READM-30-HIP-KNEE-HRRP,743,,1.0952,0.1397,0.1276,104,07/01/2020,06/30/2023
SAMPLE HOSPITAL 248,100247,AR,READM-30-PN-HRRP,111,,0.9825,0.1181,0.1202,13,07/01/2020,06/30/2023
SAMPLE HOSPITAL 248,100247,AR,READM-30-HF-HRRP,139,,0.9128,0.1685,0.1846,23,07/01/2020,06/30/2023
SAMPLE HOSPITAL 248,100247,AR,READM-30-AMI-HRRP,127,,1.0278,0.2341,0.2278,30,07/01/2020,06/30/2023
SAMPLE HOSPITAL 249,100248,FL,READM-30-COPD-HRRP,173,,0.9876,0.1785,0.1807,31,07/01/2020,06/30/2023
SAMPLE HOSPITAL 249,100248,FL,READM-30-PN-HRRP,753,,0.9284,0.1428,0.1538,108,07/01/2020,06/30/2023
SAMPLE HOSPITAL 249,100248,FL,READM-30-HF-HRRP,519,,0.9738,0.2127,0.2184,110,07/01/2020,06/30/2023
SAMPLE HOSPITAL 249,100248,FL,READM-30-HIP-KNEE-HRRP,851,,0.9539,0.2264,0.2373,193,07/01/2020,06/30/2023
SAMPLE HOSPITAL 249,100248,FL,READM-30-AMI-HRRP,33,,1.0164,0.2408,0.2369,8,07/01/2020,06/30/2023
SAMPLE HOSPITAL 249,100248,FL,READM-30-CABG-HRRP,412,,0.9572,0.1876,0.196,77,07/01/2020,06/30/2023
SAMPLE HOSPITAL 250,100249,MO,READM-30-PN-HRRP,627,,1.0269,0.2575,0.2508,161,07/01/2020,06/30/2023
SAMPLE HOSPITAL 250,100249,MO,READM-30-CABG-HRRP,384,,1.0355,0.1752,0.1692,67,07/01/2020,06/30/2023
SAMPLE HOSPITAL 250,100249,MO,READM-30-AMI-HRRP,459,,1.0619,0.1601,0.1508,73,07/01/2020,06/30/2023
SAMPLE HOSPITAL 251,100250,PA,READM-30-AMI-HRRP,123,,1.1142,0.2335,0.2096,29,07/01/2020,06/30/2023
SAMPLE HOSPITAL 251,100250,PA,READM-30-COPD-HRRP,299,,1.021,0.2075,0.2032,62,07/01/2020,06/30/2023
SAMPLE HOSPITAL 251,100250,PA,READM-30-HIP-KNEE-HRRP,637,,1.0747,0.1338,0.1245,85,07/01/2020,06/30/2023
SAMPLE HOSPITAL 251,100250,PA,READM-30-HF-HRRP,535,,1.1213,0.2312,0.2062,124,07/01/2020,06/30/2023
SAMPLE HOSPITAL 251,100250,PA,READM-30-PN-HRRP,184,,1.0778,0.2303,0.2137,42,07/01/2020,06/30/2023
SAMPLE HOSPITAL 251,100250,PA,READM-30-CABG-HRRP,175,,1.0421,0.2072,0.1988,36,07/01/2020,06/30/2023
SAMPLE HOSPITAL 252,100251,NV,READM-30-COPD-HRRP,405,,0.9105,0.1642,0.1803,67,07/01/2020,06/30/2023
SAMPLE HOSPITAL 252,100251,NV,READM-30-HF-HRRP,403,,0.9714,0.2225,0.2291,90,07/01/2020,06/30/2023
SAMPLE HOSPITAL 252,100251,NV,READM-30-PN-HRRP,67,,0.9656,0.1818,0.1883,12,07/01/2020,06/30/2023
SAMPLE HOSPITAL 252,100251,NV,READM-30-CABG-HRRP,25,,1.0296,0.2472,0.2401,6,07/01/2020,06/30/2023
SAMPLE HOSPITAL 253,100252,UT,READM-30-AMI-HRRP,132,,0.9334,0.2384,0.2554,31,07/01/2020,06/30/2023
SAMPLE HOSPITAL 253,100252,UT,READM-30-COPD-HRRP,86,,0.9864,0.1589,0.1611,14,07/01/2020,06/30/2023
SAMPLE HOSPITAL 253,100252,UT,READM-30-PN-HRRP,380,,0.9336,0.1917,0.2053,73,07/01/2020,06/30/2023
SAMPLE HOSPITAL 254,100253,TN,READM-30-HIP-KNEE-HRRP,70,,0.9466,0.2173,0.2296,15,07/01/2020,06/30/2023
SAMPLE HOSPITAL 254,100253,TN,READM-30-HF-HRRP,269,,0.9349,0.1868,0.1998,50,07/01/2020,06/30/2023
SAMPLE HOSPITAL 254,100253,TN,READM-30-PN-HRRP,271,,0.8992,0.1227,0.1365,33,07/01/2020,06/30/2023
SAMPLE HOSPITAL 255,100254,WA,READM-30-COPD-HRRP,305,,0.9719,0.1955,0.2012,60,07/01/2020,06/30/2023
SAMPLE HOSPITAL 255,100254,WA,READM-30-AMI-HRRP,65,,0.9801,0.1769,0.1805,11,07/01/2020,06/30/2023
SAMPLE HOSPITAL 255,100254,WA,READM-30-CABG-HRRP,85,,1.0046,0.129,0.1284,11,07/01/2020,06/30/2023
SAMPLE HOSPITAL 256,100255,ND,READM-30-HIP-KNEE-HRRP,223,,0.9693,0.1923,0.1984,43,07/01/2020,06/30/2023
SAMPLE HOSPITAL 256,100255,ND,READM-30-CABG-HRRP,330,,1.0053,0.1818,0.1808,60,07/01/2020,06/30/2023
SAMPLE HOSPITAL 256,100255,ND,READM-30-AMI-HRRP,670,,1.0405,0.2696,0.2591,181,07/01/2020,06/30/2023
SAMPLE HOSPITAL 256,100255,ND,READM-30-HF-HRRP,39,,0.9797,0.1276,0.1302,5,07/01/2020,06/30/2023
SAMPLE HOSPITAL 256,100255,ND,READM-30-PN-HRRP,495,,1.0109,0.2117,0.2094,105,07/01/2020,06/30/2023
SAMPLE HOSPITAL 257,100256,MO,READM-30-AMI-HRRP,560,,0.9178,0.1817,0.198,102,07/01/2020,06/30/2023
SAMPLE HOSPITAL 257,100256,MO,READM-30-HIP-KNEE-HRRP,322,,1.0931,0.1329,0.1216,43,07/01/2020,06/30/2023
SAMPLE HOSPITAL 257,100256,MO,READM-30-PN-HRRP,261,,1.1491,0.2523,0.2196,66,07/01/2020,06/30/2023
SAMPLE HOSPITAL 257,100256,MO,READM-30-HF-HRRP,288,,0.9555,0.2482,0.2598,71,07/01/2020,06/30/2023
SAMPLE HOSPITAL 257,100256,MO,READM-30-CABG-HRRP,69,,0.931,0.1845,0.1982,13,07/01/2020,06/30/2023
SAMPLE HOSPITAL 257,100256,MO,READM-30-COPD-HRRP,116,,0.9346,0.1951,0.2087,23,07/01/2020,06/30/2023
SAMPLE HOSPITAL 258,100257,NH,READM-30-PN-HRRP,83,,0.9435,0.1924,0.2039,16,07/01/2020,06/30/2023
SAMPLE HOSPITAL 258,100257,NH,READM-30-COPD-HRRP,103,,0.9963,0.1398,0.1403,14,07/01/2020,06/30/2023
SAMPLE HOSPITAL 258,100257,NH,READM-30-AMI-HRRP,639,,0.9969,0.2257,0.2264,144,07/01/2020,06/30/2023
SAMPLE HOSPITAL 258,100257,NH,READM-30-CABG-HRRP,65,,0.9882,0.1771,0.1792,12,07/01/2020,06/30/2023
SAMPLE HOSPITAL 258,100257,NH,READM-30-HF-HRRP,48,,1.1043,0.2475,0.2241,12,07/01/2020,06/30/2023
SAMPLE HOSPITAL 258,100257,NH,READM-30-HIP-KNEE-HRRP,300,,1.0035,0.2311,0.2303,69,07/01/2020,06/30/2023
SAMPLE HOSPITAL 259,100258,PA,READM-30-HF-HRRP,76,,0.942,0.2262,0.2401,17,07/01/2020,06/30/2023
SAMPLE HOSPITAL 259,100258,PA,READM-30-CABG-HRRP,165,,1.0014,0.1721,0.1719,28,07/01/2020,06/30/2023
SAMPLE HOSPITAL 259,100258,PA,READM-30-AMI-HRRP,350,,0.8971,0.2311,0.2576,81,07/01/2020,06/30/2023
SAMPLE HOSPITAL 260,100259,WY,READM-30-HF-HRRP,226,,0.8425,0.1973,0.2342,45,07/01/2020,06/30/2023
SAMPLE HOSPITAL 260,100259,WY,READM-30-HIP-KNEE-HRRP,99,,0.9967,0.1547,0.1552,15,07/01/2020,06/30/2023
SAMPLE HOSPITAL 260,100259,WY,READM-30-PN-HRRP,306,,0.8889,0.1604,0.1805,49,07/01/2020,06/30/2023
SAMPLE HOSPITAL 260,100259,WY,READM-30-CABG-HRRP,153,,0.9757,0.2114,0.2167,32,07/01/2020,06/30/2023
SAMPLE HOSPITAL 261,100260,NY,READM-30-HIP-KNEE-HRRP,232,,0.9225,0.1313,0.1423,30,07/01/2020,06/30/2023
SAMPLE HOSPITAL 261,100260,NY,READM-30-CABG-HRRP,135,,1.0256,0.1729,0.1686,23,07/01/2020,06/30/2023
SAMPLE HOSPITAL 261,100260,NY,READM-30-AMI-HRRP,162,,1.0482,0.1921,0.1833,31,07/01/2020,06/30/2023
SAMPLE HOSPITAL 261,100260,NY,READM-30-HF-HRRP,41,,1.1024,0.2665,0.2417,11,07/01/2020,06/30/2023
SAMPLE HOSPITAL 261,100260,NY,READM-30-PN-HRRP,123,,0.9618,0.2267,0.2357,28,07/01/2020,06/30/2023
SAMPLE HOSPITAL 262,100261,FL,READM-30-PN-HRRP,611,,1.0569,0.1298,0.1228,79,07/01/2020,06/30/2023
SAMPLE HOSPITAL 262,100261,FL,READM-30-HF-HRRP,81,,1.0956,0.2461,0.2246,20,07/01/2020,06/30/2023
SAMPLE HOSPITAL 262,100261,FL,READM-30-CABG-HRRP,129,,1.1092,0.2735,0.2466,35,07/01/2020,06/30/2023
SAMPLE HOSPITAL 262,100261,FL,READM-30-COPD-HRRP,171,,0.9341,0.1787,0.1913,31,07/01/2020,06/30/2023
SAMPLE HOSPITAL 263,100262,KY,READM-30-HF-HRRP,107,,1.0681,0.2088,0.1955,22,07/01/2020,06/30/2023
SAMPLE HOSPITAL 263,100262,KY,READM-30-PN-HRRP,296,,1.0376,0.1463,0.141,43,07/01/2020,06/30/2023
SAMPLE HOSPITAL 263,100262,KY,READM-30-AMI-HRRP,317,,1.0214,0.2168,0.2123,69,07/01/2020,06/30/2023
SAMPLE HOSPITAL 263,100262,KY,READM-30-CABG-HRRP,431,,0.9602,0.1641,0.1709,71,07/01/2020,06/30/2023
SAMPLE HOSPITAL 263,100262,KY,READM-30-HIP-KNEE-HRRP,48,,1.0846,0.2504,0.2309,12,07/01/2020,06/30/2023
SAMPLE HOSPITAL 263,100262,KY,READM-30-COPD-HRRP,74,,0.987,0.1637,0.1659,12,07/01/2020,06/30/2023
SAMPLE HOSPITAL 264,100263,LA,READM-30-HF-HRRP,708,,1.0775,0.1491,0.1384,106,07/01/2020,06/30/2023
SAMPLE HOSPITAL 264,100263,LA,READM-30-HIP-KNEE-HRRP,265,,1.099,0.2008,0.1827,53,07/01/2020,06/30/2023
SAMPLE HOSPITAL 264,100263,LA,READM-30-CABG-HRRP,393,,1.0971,0.1895,0.1727,74,07/01/2020,06/30/2023
SAMPLE HOSPITAL 264,100263,LA,READM-30-AMI-HRRP,561,,0.974,0.1994,0.2047,112,07/01/2020,06/30/2023
SAMPLE HOSPITAL 264,100263,LA,READM-30-COPD-HRRP,122,,0.9989,0.2529,0.2532,31,07/01/2020,06/30/2023
SAMPLE HOSPITAL 264,100263,LA,READM-30-PN-HRRP,304,,1.0126,0.1415,0.1397,43,07/01/2020,06/30/2023
SAMPLE HOSPITAL 265,100264,MD,READM-30-HF-HRRP,174,,0.9618,0.1822,0.1894,32,07/01/2020,06/30/2023
SAMPLE HOSPITAL 265,100264,MD,READM-30-CABG-HRRP,1148,,0.9683,0.2022,0.2088,232,07/01/2020,06/30/2023
SAMPLE HOSPITAL 265,100264,MD,READM-30-PN-HRRP,105,,1.0528,0.2224,0.2112,23,07/01/2020,06/30/2023
SAMPLE HOSPITAL 265,100264,MD,READM-30-AMI-HRRP,269,,1.0035,0.2169,0.2161,58,07/01/2020,06/30/2023
SAMPLE HOSPITAL 265,100264,MD,READM-30-HIP-KNEE-HRRP,140,,1.0412,0.1454,0.1396,20,07/01/2020,06/30/2023
SAMPLE HOSPITAL 265,100264,MD,READM-30-COPD-HRRP,97,,0.8899,0.2057,0.2311,20,07/01/2020,06/30/2023
SAMPLE HOSPITAL 266,100265,DE,READM-30-HIP-KNEE-HRRP,425,,1.0167,0.135,0.1328,57,07/01/2020,06/30/2023
SAMPLE HOSPITAL 266,100265,DE,READM-30-CABG-HRRP,562,,1.0195,0.2528,0.248,142,07/01/2020,06/30/2023
SAMPLE HOSPITAL 266,100265,DE,READM-30-PN-HRRP,84,,1.1366,0.1753,0.1542,15,07/01/2020,06/30/2023
SAMPLE HOSPITAL 267,100266,WY,READM-30-CABG-HRRP,329,,1.0137,0.2322,0.2291,76,07/01/2020,06/30/2023
SAMPLE HOSPITAL 267,100266,WY,READM-30-AMI-HRRP,342,,0.9256,0.2223,0.2402,76,07/01/2020,06/30/2023
SAMPLE HOSPITAL 267,100266,WY,READM-30-COPD-HRRP,348,,0.9291,0.2239,0.241,78,07/01/2020,06/30/2023
SAMPLE HOSPITAL 267,100266,WY,READM-30-PN-HRRP,317,,0.993,0.2502,0.252,79,07/01/2020,06/30/2023
SAMPLE HOSPITAL 267,100266,WY,READM-30-HF-HRRP,259,,1.0091,0.1641,0.1626,43,07/01/2020,06/30/2023
SAMPLE HOSPITAL 267,100266,WY,READM-30-HIP-KNEE-HRRP,186,,0.9819,0.1509,0.1537,28,07/01/2020,06/30/2023
SAMPLE HOSPITAL 268,100267,NY,READM-30-CABG-HRRP,167,,0.962,0.2088,0.217,35,07/01/2020,06/30/2023
SAMPLE HOSPITAL 268,100267,NY,READM-30-PN-HRRP,112,,0.9844,0.251,0.255,28,07/01/2020,06/30/2023
SAMPLE HOSPITAL 268,100267,NY,READM-30-COPD-HRRP,88,,1.0367,0.1327,0.128,12,07/01/2020,06/30/2023
SAMPLE HOSPITAL 268,100267,NY,READM-30-HF-HRRP,250,,1.0461,0.1361,0.1301,34,07/01/2020,06/30/2023
SAMPLE HOSPITAL 268,100267,NY,READM-30-HIP-KNEE-HRRP,195,,1.0397,0.2272,0.2185,44,07/01/2020,06/30/2023
SAMPLE HOSPITAL 268,100267,NY,READM-30-AMI-HRRP,558,,0.9878,0.1621,0.1641,90,07/01/2020,06/30/2023
SAMPLE HOSPITAL 269,100268,NM,READM-30-AMI-HRRP,222,,0.9774,0.1531,0.1566,34,07/01/2020,06/30/2023
SAMPLE HOSPITAL 269,100268,NM,READM-30-CABG-HRRP,146,,0.9956,0.1827,0.1835,27,07/01/2020,06/30/2023
SAMPLE HOSPITAL 269,100268,NM,READM-30-COPD-HRRP,210,,0.9995,0.2457,0.2458,52,07/01/2020,06/30/2023
SAMPLE HOSPITAL 270,100269,IA,READM-30-PN-HRRP,277,,1.0146,0.1782,0.1756,49,07/01/2020,06/30/2023
SAMPLE HOSPITAL 270,100269,IA,READM-30-CABG-HRRP,233,,1.0082,0.1513,0.1501,35,07/01/2020,06/30/2023
SAMPLE HOSPITAL 270,100269,IA,READM-30-HF-HRRP,167,,1.0162,0.1262,0.1242,21,07/01/2020,06/30/2023
SAMPLE HOSPITAL 271,100270,ID,READM-30-CABG-HRRP,73,,1.0612,0.2485,0.2342,18,07/01/2020,06/30/2023
SAMPLE HOSPITAL 271,100270,ID,READM-30-COPD-HRRP,47,,1.0261,0.1437,0.14,7,07/01/2020,06/30/2023
SAMPLE HOSPITAL 271,100270,ID,READM-30-AMI-HRRP,178,,0.9772,0.2125,0.2175,38,07/01/2020,06/30/2023
SAMPLE HOSPITAL 272,100271,MA,READM-30-PN-HRRP,142,,0.9636,0.1699,0.1763,24,07/01/2020,06/30/2023
SAMPLE HOSPITAL 272,100271,MA,READM-30-HF-HRRP,103,,1.0366,0.2467,0.238,25,07/01/2020,06/30/2023
SAMPLE HOSPITAL 272,100271,MA,READM-30-COPD-HRRP,219,,1.018,0.1392,0.1367,30,07/01/2020,06/30/2023
SAMPLE HOSPITAL 273,100272,WA,READM-30-AMI-HRRP,110,,0.9173,0.1171,0.1277,13,07/01/2020,06/30/2023
SAMPLE HOSPITAL 273,100272,WA,READM-30-COPD-HRRP,707,,0.9364,0.2352,0.2512,166,07/01/2020,06/30/2023
SAMPLE HOSPITAL 273,100272,WA,READM-30-HIP-KNEE-HRRP,343,,1.0234,0.2142,0.2093,73,07/01/2020,06/30/2023
SAMPLE HOSPITAL 273,100272,WA,READM-30-CABG-HRRP,62,,0.9718,0.2091,0.2152,13,07/01/2020,06/30/2023
SAMPLE HOSPITAL 274,100273,AL,READM-30-COPD-HRRP,326,,1.1475,0.1959,0.1707,64,07/01/2020,06/30/2023
SAMPLE HOSPITAL 274,100273,AL,READM-30-HF-HRRP,116,,0.9802,0.1315,0.1342,15,07/01/2020,06/30/2023
SAMPLE HOSPITAL 274,100273,AL,READM-30-CABG-HRRP,103,,0.9945,0.1963,0.1974,20,07/01/2020,06/30/2023
SAMPLE HOSPITAL 274,100273,AL,READM-30-HIP-KNEE-HRRP,134,,0.9851,0.131,0.133,18,07/01/2020,06/30/2023
SAMPLE HOSPITAL 274,100273,AL,READM-30-AMI-HRRP,98,,0.9705,0.1658,0.1708,16,07/01/2020,06/30/2023
SAMPLE HOSPITAL 274,100273,AL,READM-30-PN-HRRP,102,,0.9607,0.2004,0.2086,20,07/01/2020,06/30/2023
SAMPLE HOSPITAL 275,100274,VA,READM-30-COPD-HRRP,229,,0.8953,0.2221,0.2481,51,07/01/2020,06/30/2023
SAMPLE HOSPITAL 275,100274,VA,READM-30-CABG-HRRP,52,,0.9957,0.168,0.1687,9,07/01/2020,06/30/2023
SAMPLE HOSPITAL 275,100274,VA,READM-30-HIP-KNEE-HRRP,255,,0.9484,0.1159,0.1222,30,07/01/2020,06/30/2023
SAMPLE HOSPITAL 275,100274,VA,READM-30-HF-HRRP,481,,0.9598,0.2181,0.2272,105,07/01/2020,06/30/2023
SAMPLE HOSPITAL 275,100274,VA,READM-30-PN-HRRP,209,,1.0234,0.2137,0.2088,45,07/01/2020,06/30/2023
SAMPLE HOSPITAL 276,100275,PA,READM-30-COPD-HRRP,980,,0.9665,0.2056,0.2127,201,07/01/2020,06/30/2023
SAMPLE HOSPITAL 276,100275,PA,READM-30-PN-HRRP,238,,1.0548,0.1903,0.1804,45,07/01/2020,06/30/2023
SAMPLE HOSPITAL 276,100275,PA,READM-30-AMI-HRRP,69,,1.1049,0.2673,0.2419,18,07/01/2020,06/30/2023
SAMPLE HOSPITAL 277,100276,MA,READM-30-HF-HRRP,26,,0.9519,0.1644,0.1727,4,07/01/2020,06/30/2023
SAMPLE HOSPITAL 277,100276,MA,READM-30-AMI-HRRP,118,,1.0196,0.2344,0.2299,28,07/01/2020,06/30/2023
SAMPLE HOSPITAL 277,100276,MA,READM-30-HIP-KNEE-HRRP,594,,0.9774,0.2414,0.247,143,07/01/2020,06/30/2023
SAMPLE HOSPITAL 277,100276,MA,READM-30-CABG-HRRP,138,,0.9484,0.1532,0.1615,21,07/01/2020,06/30/2023
SAMPLE HOSPITAL 277,100276,MA,READM-30-PN-HRRP,219,,1.1254,0.1429,0.127,31,07/01/2020,06/30/2023
SAMPLE HOSPITAL 277,100276,MA,READM-30-COPD-HRRP,1254,,0.9375,0.2411,0.2572,302,07/01/2020,06/30/2023
SAMPLE HOSPITAL 278,100277,NH,READM-30-COPD-HRRP,424,,1.0208,0.2073,0.2031,88,07/01/2020,06/30/2023
SAMPLE HOSPITAL 278,100277,NH,READM-30-PN-HRRP,52,,0.9015,0.113,0.1253,6,07/01/2020,06/30/2023
SAMPLE HOSPITAL 278,100277,NH,READM-30-HF-HRRP,188,,0.9479,0.1292,0.1363,24,07/01/2020,06/30/2023
SAMPLE HOSPITAL 278,100277,NH,READM-30-CABG-HRRP,476,,1.0637,0.1935,0.1819,92,07/01/2020,06/30/2023
SAMPLE HOSPITAL 278,100277,NH,READM-30-HIP-KNEE-HRRP,92,,1.0365,0.1958,0.1889,18,07/01/2020,06/30/2023
SAMPLE HOSPITAL 280,100279,MT,READM-30-AMI-HRRP,237,,0.984,0.1531,0.1556,36,07/01/2020,06/30/2023
SAMPLE HOSPITAL 280,100279,MT,READM-30-HF-HRRP,61,,1.0574,0.2612,0.247,16,07/01/2020,06/30/2023
SAMPLE HOSPITAL 280,100279,MT,READM-30-CABG-HRRP,178,,0.9792,0.1218,0.1244,22,07/01/2020,06/30/2023
SAMPLE HOSPITAL 280,100279,MT,READM-30-PN-HRRP,167,,0.9884,0.1414,0.1431,24,07/01/2020,06/30/2023
SAMPLE HOSPITAL 280,100279,MT,READM-30-HIP-KNEE-HRRP,86,,0.9351,0.139,0.1486,12,07/01/2020,06/30/2023
SAMPLE HOSPITAL 280,100279,MT,READM-30-COPD-HRRP,499,,0.9117,0.1226,0.1345,61,07/01/2020,06/30/2023
SAMPLE HOSPITAL 281,100280,FL,READM-30-CABG-HRRP,134,,1.0715,0.2367,0.2209,32,07/01/2020,06/30/2023
SAMPLE HOSPITAL 281,100280,FL,READM-30-PN-HRRP,126,,1.0483,0.1743,0.1663,22,07/01/2020,06/30/2023
SAMPLE HOSPITAL 281,100280,FL,READM-30-COPD-HRRP,70,,0.9706,0.1644,0.1694,12,07/01/2020,06/30/2023
SAMPLE HOSPITAL 281,100280,FL,READM-30-HF-HRRP,273,,1.1082,0.1804,0.1628,49,07/01/2020,06/30/2023
SAMPLE HOSPITAL 282,100281,AK,READM-30-COPD-HRRP,209,,0.8759,0.1581,0.1805,33,07/01/2020,06/30/2023
SAMPLE HOSPITAL 282,100281,AK,READM-30-PN-HRRP,421,,1.0033,0.2154,0.2147,91,07/01/2020,06/30/2023
SAMPLE HOSPITAL 282,100281,AK,READM-30-AMI-HRRP,33,,0.9963,0.1392,0.1397,5,07/01/2020,06/30/2023
SAMPLE HOSPITAL 282,100281,AK,READM-30-HIP-KNEE-HRRP,477,,0.9725,0.1935,0.199,92,07/01/2020,06/30/2023
SAMPLE HOSPITAL 283,100282,WA,READM-30-CABG-HRRP,307,,0.9595,0.2302,0.2399,71,07/01/2020,06/30/2023
SAMPLE HOSPITAL 283,100282,WA,READM-30-HIP-KNEE-HRRP,1463,,1.0999,0.1841,0.1674,269,07/01/2020,06/30/2023
SAMPLE HOSPITAL 283,100282,WA,READM-30-AMI-HRRP,48,,0.9347,0.1409,0.1507,7,07/01/2020,06/30/2023
SAMPLE HOSPITAL 284,100283,AZ,READM-30-HIP-KNEE-HRRP,337,,1.042,0.1403,0.1346,47,07/01/2020,06/30/2023
SAMPLE HOSPITAL 284,100283,AZ,READM-30-CABG-HRRP,147,,0.9728,0.2245,0.2308,33,07/01/2020,06/30/2023
SAMPLE HOSPITAL 284,100283,AZ,READM-30-HF-HRRP,289,,1.0562,0.2223,0.2105,64,07/01/2020,06/30/2023
SAMPLE HOSPITAL 285,100284,SD,READM-30-COPD-HRRP,732,,0.9893,0.1236,0.1249,90,07/01/2020,06/30/2023
SAMPLE HOSPITAL 285,100284,SD,READM-30-AMI-HRRP,117,,1.1463,0.1935,0.1688,23,07/01/2020,06/30/2023
SAMPLE HOSPITAL 285,100284,SD,READM-30-PN-HRRP,31,,1.0287,0.2666,0.2592,8,07/01/2020,06/30/2023
SAMPLE HOSPITAL 286,100285,MO,READM-30-HF-HRRP,51,,1.0187,0.2543,0.2496,13,07/01/2020,06/30/2023
SAMPLE HOSPITAL 286,100285,MO,READM-30-CABG-HRRP,43,,1.119,0.199,0.1778,9,07/01/2020,06/30/2023
SAMPLE HOSPITAL 286,100285,MO,READM-30-PN-HRRP,152,,1.0881,0.2163,0.1988,33,07/01/2020,06/30/2023
SAMPLE HOSPITAL 286,100285,MO,READM-30-HIP-KNEE-HRRP,78,,0.973,0.1391,0.143,11,07/01/2020,06/30/2023
SAMPLE HOSPITAL 286,100285,MO,READM-30-COPD-HRRP,173,,1.012,0.2285,0.2258,40,07/01/2020,06/30/2023
SAMPLE HOSPITAL 287,100286,HI,READM-30-HIP-KNEE-HRRP,237,,1.0567,0.1874,0.1773,44,07/01/2020,06/30/2023
SAMPLE HOSPITAL 287,100286,HI,READM-30-CABG-HRRP,658,,1.1482,0.1805,0.1572,119,07/01/2020,06/30/2023
SAMPLE HOSPITAL 287,100286,HI,READM-30-AMI-HRRP,274,,0.9929,0.122,0.1229,33,07/01/2020,06/30/2023
SAMPLE HOSPITAL 287,100286,HI,READM-30-COPD-HRRP,153,,1.0348,0.2078,0.2008,32,07/01/2020,06/30/2023
SAMPLE HOSPITAL 288,100287,OR,READM-30-PN-HRRP,290,,0.9474,0.1761,0.1859,51,07/01/2020,06/30/2023
SAMPLE HOSPITAL 288,100287,OR,READM-30-CABG-HRRP,95,,0.9741,0.2163,0.222,21,07/01/2020,06/30/2023
SAMPLE HOSPITAL 288,100287,OR,READM-30-AMI-HRRP,100,,0.9096,0.1149,0.1263,11,07/01/2020,06/30/2023
SAMPLE HOSPITAL 288,100287,OR,READM-30-COPD-HRRP,113,,1.0136,0.1323,0.1305,15,07/01/2020,06/30/2023
SAMPLE HOSPITAL 288,100287,OR,READM-30-HF-HRRP,86,,0.9732,0.2143,0.2202,18,07/01/2020,06/30/2023
SAMPLE HOSPITAL 288,100287,OR,READM-30-HIP-KNEE-HRRP,1187,,0.9936,0.1343,0.1352,159,07/01/2020,06/30/2023
SAMPLE HOSPITAL 289,100288,VA,READM-30-PN-HRRP,77,,1.0173,0.1906,0.1874,15,07/01/2020,06/30/2023
SAMPLE HOSPITAL 289,100288,VA,READM-30-HIP-KNEE-HRRP,324,,0.9761,0.2299,0.2355,74,07/01/2020,06/30/2023
SAMPLE HOSPITAL 289,100288,VA,READM-30-HF-HRRP,119,,1.0184,0.2554,0.2508,30,07/01/2020,06/30/2023
SAMPLE HOSPITAL 289,100288,VA,READM-30-AMI-HRRP,515,,1.0295,0.2175,0.2113,112,07/01/2020,06/30/2023
SAMPLE HOSPITAL 289,100288,VA,READM-30-CABG-HRRP,437,,0.978,0.1622,0.1658,71,07/01/2020,06/30/2023
SAMPLE HOSPITAL 290,100289,OH,READM-30-PN-HRRP,224,,0.8997,0.2198,0.2443,49,07/01/2020,06/30/2023
SAMPLE HOSPITAL 290,100289,OH,READM-30-HIP-KNEE-HRRP,82,,0.9584,0.121,0.1263,10,07/01/2020,06/30/2023
SAMPLE HOSPITAL 290,100289,OH,READM-30-HF-HRRP,70,,0.8862,0.2168,0.2446,15,07/01/2020,06/30/2023
SAMPLE HOSPITAL 290,100289,OH,READM-30-CABG-HRRP,40,,0.9988,0.1213,0.1214,5,07/01/2020,06/30/2023
SAMPLE HOSPITAL 291,100290,MI,READM-30-HIP-KNEE-HRRP,187,,1.0094,0.1609,0.1594,30,07/01/2020,06/30/2023
SAMPLE HOSPITAL 291,100290,MI,READM-30-COPD-HRRP,64,,0.9194,0.1323,0.1439,8,07/01/2020,06/30/2023
SAMPLE HOSPITAL 291,100290,MI,READM-30-AMI-HRRP,77,,1.0033,0.2523,0.2515,19,07/01/2020,06/30/2023
SAMPLE HOSPITAL 292,100291,ND,READM-30-HF-HRRP,331,,0.9593,0.1406,0.1466,47,07/01/2020,06/30/2023
SAMPLE HOSPITAL 292,100291,ND,READM-30-PN-HRRP,215,,0.9738,0.1631,0.1675,35,07/01/2020,06/30/2023
SAMPLE HOSPITAL 292,100291,ND,READM-30-HIP-KNEE-HRRP,660,,0.967,0.216,0.2234,143,07/01/2020,06/30/2023
SAMPLE HOSPITAL 292,100291,ND,READM-30-AMI-HRRP,123,,1.0171,0.1807,0.1777,22,07/01/2020,06/30/2023
SAMPLE HOSPITAL 292,100291,ND,READM-30-CABG-HRRP,285,,0.998,0.1474,0.1477,42,07/01/2020,06/30/2023
SAMPLE HOSPITAL 292,100291,ND,READM-30-COPD-HRRP,297,,0.9889,0.151,0.1527,45,07/01/2020,06/30/2023
SAMPLE HOSPITAL 293,100292,HI,READM-30-HIP-KNEE-HRRP,208,,0.9573,0.2352,0.2457,49,07/01/2020,06/30/2023
SAMPLE HOSPITAL 293,100292,HI,READM-30-HF-HRRP,245,,0.9669,0.1207,0.1248,30,07/01/2020,06/30/2023
SAMPLE HOSPITAL 293,100292,HI,READM-30-CABG-HRRP,96,,0.9262,0.1742,0.1881,17,07/01/2020,06/30/2023
SAMPLE HOSPITAL 293,100292,HI,READM-30-COPD-HRRP,120,,0.9968,0.2471,0.2479,30,07/01/2020,06/30/2023
SAMPLE HOSPITAL 293,100292,HI,READM-30-PN-HRRP,166,,1.0467,0.1847,0.1765,31,07/01/2020,06/30/2023
SAMPLE HOSPITAL 293,100292,HI,READM-30-AMI-HRRP,63,,0.9866,0.1405,0.1424,9,07/01/2020,06/30/2023
SAMPLE HOSPITAL 294,100293,IA,READM-30-CABG-HRRP,270,,0.9805,0.1297,0.1323,35,07/01/2020,06/30/2023
SAMPLE HOSPITAL 294,100293,IA,READM-30-HIP-KNEE-HRRP,175,,0.8988,0.1638,0.1822,29,07/01/2020,06/30/2023
SAMPLE HOSPITAL 294,100293,IA,READM-30-AMI-HRRP,304,,0.969,0.1895,0.1956,58,07/01/2020,06/30/2023
SAMPLE HOSPITAL 294,100293,IA,READM-30-PN-HRRP,771,,1.1707,0.2679,0.2288,207,07/01/2020,06/30/2023
SAMPLE HOSPITAL 294,100293,IA,READM-30-HF-HRRP,1515,,0.9157,0.1928,0.2105,292,07/01/2020,06/30/2023
SAMPLE HOSPITAL 295,100294,WY,READM-30-COPD-HRRP,103,,1.0276,0.1976,0.1923,20,07/01/2020,06/30/2023
SAMPLE HOSPITAL 295,100294,WY,READM-30-PN-HRRP,86,,0.9427,0.1806,0.1916,16,07/01/2020,06/30/2023
SAMPLE HOSPITAL 295,100294,WY,READM-30-HIP-KNEE-HRRP,53,,0.9485,0.2137,0.2253,11,07/01/2020,06/30/2023
SAMPLE HOSPITAL 296,100295,VA,READM-30-AMI-HRRP,92,,0.8908,0.231,0.2593,21,07/01/2020,06/30/2023
SAMPLE HOSPITAL 296,100295,VA,READM-30-PN-HRRP,618,,1.0301,0.1868,0.1813,115,07/01/2020,06/30/2023
SAMPLE HOSPITAL 296,100295,VA,READM-30-CABG-HRRP,81,,0.9827,0.1571,0.1599,13,07/01/2020,06/30/2023
SAMPLE HOSPITAL 296,100295,VA,READM-30-COPD-HRRP,153,,0.95,0.1737,0.1828,27,07/01/2020,06/30/2023
SAMPLE HOSPITAL 297,100296,WA,READM-30-HIP-KNEE-HRRP,162,,1.0358,0.2263,0.2185,37,07/01/2020,06/30/2023
SAMPLE HOSPITAL 297,100296,WA,READM-30-AMI-HRRP,1155,,0.9523,0.1687,0.1771,195,07/01/2020,06/30/2023
SAMPLE HOSPITAL 297,100296,WA,READM-30-PN-HRRP,233,,0.9393,0.1688,0.1797,39,07/01/2020,06/30/2023
SAMPLE HOSPITAL 297,100296,WA,READM-30-CABG-HRRP,328,,0.9861,0.1529,0.1551,50,07/01/2020,06/30/2023
SAMPLE HOSPITAL 297,100296,WA,READM-30-COPD-HRRP,109,,0.9356,0.2008,0.2146,22,07/01/2020,06/30/2023
SAMPLE HOSPITAL 297,100296,WA,READM-30-HF-HRRP,144,,0.9396,0.232,0.2469,33,07/01/2020,06/30/2023
SAMPLE HOSPITAL 298,100297,HI,READM-30-COPD-HRRP,171,,1.0658,0.2061,0.1934,35,07/01/2020,06/30/2023
SAMPLE HOSPITAL 298,100297,HI,READM-30-HF-HRRP,247,,0.9811,0.1498,0.1527,37,07/01/2020,06/30/2023
SAMPLE HOSPITAL 298,100297,HI,READM-30-HIP-KNEE-HRRP,706,,1.0441,0.2273,0.2177,160,07/01/2020,06/30/2023
SAMPLE HOSPITAL 298,100297,HI,READM-30-CABG-HRRP,158,,1.0827,0.1587,0.1466,25,07/01/2020,06/30/2023
SAMPLE HOSPITAL 298,100297,HI,READM-30-PN-HRRP,40,,0.899,0.1704,0.1895,7,07/01/2020,06/30/2023
SAMPLE HOSPITAL 299,100298,OK,READM-30-HF-HRRP,324,,0.888,0.1756,0.1978,57,07/01/2020,06/30/2023
SAMPLE HOSPITAL 299,100298,OK,READM-30-AMI-HRRP,769,,1.0955,0.2791,0.2548,215,07/01/2020,06/30/2023
SAMPLE HOSPITAL 299,100298,OK,READM-30-PN-HRRP,154,,0.9707,0.1169,0.1204,18,07/01/2020,06/30/2023
SAMPLE HOSPITAL 300,100299,HI,READM-30-COPD-HRRP,66,,0.9535,0.1728,0.1812,11,07/01/2020,06/30/2023
SAMPLE HOSPITAL 300,100299,HI,READM-30-HF-HRRP,693,,1.1302,0.186,0.1646,129,07/01/2020,06/30/2023
SAMPLE HOSPITAL 300,100299,HI,READM-30-PN-HRRP,72,,1.039,0.2141,0.2061,15,07/01/2020,06/30/2023
SAMPLE HOSPITAL 301,100300,AR,READM-30-AMI-HRRP,61,,1.0929,0.2527,0.2312,15,07/01/2020,06/30/2023
SAMPLE HOSPITAL 301,100300,AR,READM-30-PN-HRRP,214,,1.0228,0.2518,0.2462,54,07/01/2020,06/30/2023
SAMPLE HOSPITAL 301,100300,AR,READM-30-HF-HRRP,133,,0.9832,0.17,0.1729,23,07/01/2020,06/30/2023
SAMPLE HOSPITAL 301,100300,AR,READM-30-COPD-HRRP,289,,1.0507,0.2692,0.2562,78,07/01/2020,06/30/2023
SAMPLE HOSPITAL 301,100300,AR,READM-30-HIP-KNEE-HRRP,427,,0.956,0.2197,0.2298,94,07/01/2020,06/30/2023
SAMPLE HOSPITAL 301,100300,AR,READM-30-CABG-HRRP,50,,0.9166,0.1533,0.1672,8,07/01/2020,06/30/2023
SAMPLE HOSPITAL 302,100301,IL,READM-30-PN-HRRP,202,,1.0932,0.1892,0.1731,38,07/01/2020,06/30/2023
SAMPLE HOSPITAL 302,100301,IL,READM-30-HF-HRRP,246,,1.0419,0.1366,0.1311,34,07/01/2020,06/30/2023
SAMPLE HOSPITAL 302,100301,IL,READM-30-COPD-HRRP,149,,1.0129,0.2199,0.2171,33,07/01/2020,06/30/2023
SAMPLE HOSPITAL 302,100301,IL,READM-30-AMI-HRRP,127,,0.9837,0.1993,0.2026,25,07/01/2020,06/30/2023
SAMPLE HOSPITAL 302,100301,IL,READM-30-HIP-KNEE-HRRP,185,,1.0419,0.2532,0.243,47,07/01/2020,06/30/2023
SAMPLE HOSPITAL 303,100302,CO,READM-30-CABG-HRRP,32,,1.0784,0.1874,0.1738,6,07/01/2020,06/30/2023
SAMPLE HOSPITAL 303,100302,CO,READM-30-PN-HRRP,Too Few to Report,1,Too Few to Report,,,,07/01/2020,06/30/2023
SAMPLE HOSPITAL 303,100302,CO,READM-30-COPD-HRRP,266,,0.9525,0.2414,0.2534,64,07/01/2020,06/30/2023
SAMPLE HOSPITAL 303,100302,CO,READM-30-HF-HRRP,225,,1.0742,0.1364,0.127,31,07/01/2020,06/30/2023
SAMPLE HOSPITAL 303,100302,CO,READM-30-HIP-KNEE-HRRP,1593,,0.9734,0.1868,0.1919,298,07/01/2020,06/30/2023
SAMPLE HOSPITAL 303,100302,CO,READM-30-AMI-HRRP,413,,0.897,0.1122,0.1251,46,07/01/2020,06/30/2023
SAMPLE HOSPITAL 304,100303,IA,READM-30-COPD-HRRP,154,,0.9421,0.157,0.1667,24,07/01/2020,06/30/2023
SAMPLE HOSPITAL 304,100303,IA,READM-30-AMI-HRRP,47,,1.0256,0.1577,0.1538,7,07/01/2020,06/30/2023
SAMPLE HOSPITAL 304,100303,IA,READM-30-HF-HRRP,167,,1.0091,0.2473,0.2451,41,07/01/2020,06/30/2023
SAMPLE HOSPITAL 305,100304,OK,READM-30-AMI-HRRP,248,,1.106,0.1632,0.1476,40,07/01/2020,06/30/2023
SAMPLE HOSPITAL 305,100304,OK,READM-30-CABG-HRRP,113,,1.0193,0.1281,0.1257,14,07/01/2020,06/30/2023
SAMPLE HOSPITAL 305,100304,OK,READM-30-COPD-HRRP,80,,1.0211,0.2342,0.2294,19,07/01/2020,06/30/2023
SAMPLE HOSPITAL 305,100304,OK,READM-30-HF-HRRP,619,,1.0616,0.1841,0.1734,114,07/01/2020,06/30/2023
SAMPLE HOSPITAL 306,100305,NM,READM-30-PN-HRRP,675,,1.0465,0.1364,0.1303,92,07/01/2020,06/30/2023
SAMPLE HOSPITAL 306,100305,NM,READM-30-COPD-HRRP,248,,1.0246,0.1569,0.1531,39,07/01/2020,06/30/2023
SAMPLE HOSPITAL 306,100305,NM,READM-30-HIP-KNEE-HRRP,173,,0.9654,0.1672,0.1732,29,07/01/2020,06/30/2023
SAMPLE HOSPITAL 306,100305,NM,READM-30-CABG-HRRP,175,,0.9323,0.1382,0.1482,24,07/01/2020,06/30/2023
SAMPLE HOSPITAL 307,100306,IN,READM-30-HIP-KNEE-HRRP,143,,0.9561,0.1253,0.1311,18,07/01/2020,06/30/2023
SAMPLE HOSPITAL 307,100306,IN,READM-30-HF-HRRP,151,,1.0152,0.1387,0.1366,21,07/01/2020,06/30/2023
SAMPLE HOSPITAL 307,100306,IN,READM-30-COPD-HRRP,120,,0.9226,0.1138,0.1233,14,07/01/2020,06/30/2023
SAMPLE HOSPITAL 307,100306,IN,READM-30-PN-HRRP,31,,1.0366,0.1676,0.1617,5,07/01/2020,06/30/2023
SAMPLE HOSPITAL 308,100307,CO,READM-30-PN-HRRP,2217,,0.9645,0.1476,0.153,327,07/01/2020,06/30/2023
SAMPLE HOSPITAL 308,100307,CO,READM-30-CABG-HRRP,129,,1.0044,0.2388,0.2378,31,07/01/2020,06/30/2023
SAMPLE HOSPITAL 308,100307,CO,READM-30-HIP-KNEE-HRRP,266,,0.9245,0.189,0.2044,50,07/01/2020,06/30/2023
SAMPLE HOSPITAL 308,100307,CO,READM-30-HF-HRRP,188,,1.1477,0.1855,0.1616,35,07/01/2020,06/30/2023
SAMPLE HOSPITAL 309,100308,DE,READM-30-COPD-HRRP,455,,0.9162,0.1882,0.2054,86,07/01/2020,06/30/2023
SAMPLE HOSPITAL 309,100308,DE,READM-30-CABG-HRRP,716,,1.005,0.185,0.1841,132,07/01/2020,06/30/2023
SAMPLE HOSPITAL 309,100308,DE,READM-30-AMI-HRRP,161,,1.0566,0.1672,0.1582,27,07/01/2020,06/30/2023
SAMPLE HOSPITAL 309,100308,DE,READM-30-HIP-KNEE-HRRP,355,,0.99,0.1651,0.1668,59,07/01/2020,06/30/2023
SAMPLE HOSPITAL 310,100309,ME,READM-30-HIP-KNEE-HRRP,133,,0.9969,0.2053,0.2059,27,07/01/2020,06/30/2023
SAMPLE HOSPITAL 310,100309,ME,READM-30-HF-HRRP,2216,,0.9804,0.1792,0.1828,397,07/01/2020,06/30/2023
SAMPLE HOSPITAL 310,100309,ME,READM-30-PN-HRRP,56,,0.9907,0.2412,0.2435,14,07/01/2020,06/30/2023
SAMPLE HOSPITAL 310,100309,ME,READM-30-CABG-HRRP,88,,1.0639,0.1448,0.1361,13,07/01/2020,06/30/2023
SAMPLE HOSPITAL 310,100309,ME,READM-30-AMI-HRRP,747,,0.9602,0.2021,0.2105,151,07/01/2020,06/30/2023
SAMPLE HOSPITAL 310,100309,ME,READM-30-COPD-HRRP,201,,1.0814,0.1841,0.1702,37,07/01/2020,06/30/2023
SAMPLE HOSPITAL 311,100310,AZ,READM-30-HF-HRRP,669,,1.0144,0.1464,0.1443,98,07/01/2020,06/30/2023
SAMPLE HOSPITAL 311,100310,AZ,READM-30-CABG-HRRP,149,,1.2015,0.2605,0.2168,39,07/01/2020,06/30/2023
SAMPLE HOSPITAL 311,100310,AZ,READM-30-HIP-KNEE-HRRP,71,,1.0101,0.177,0.1752,13,07/01/2020,06/30/2023
SAMPLE HOSPITAL 312,100311,MD,READM-30-AMI-HRRP,187,,0.9748,0.2214,0.2271,41,07/01/2020,06/30/2023
SAMPLE HOSPITAL 312,100311,MD,READM-30-PN-HRRP,189,,1.0644,0.2622,0.2463,50,07/01/2020,06/30/2023
SAMPLE HOSPITAL 312,100311,MD,READM-30-CABG-HRRP,1269,,0.9457,0.1293,0.1367,164,07/01/2020,06/30/2023
SAMPLE HOSPITAL 312,100311,MD,READM-30-HIP-KNEE-HRRP,343,,1.095,0.1778,0.1624,61,07/01/2020,06/30/2023
SAMPLE HOSPITAL 313,100312,LA,READM-30-COPD-HRRP,350,,0.95,0.1556,0.1638,54,07/01/2020,06/30/2023
SAMPLE HOSPITAL 313,100312,LA,READM-30-AMI-HRRP,144,,0.9661,0.2452,0.2538,35,07/01/2020,06/30/2023
SAMPLE HOSPITAL 313,100312,LA,READM-30-HIP-KNEE-HRRP,107,,0.9147,0.1229,0.1344,13,07/01/2020,06/30/2023
SAMPLE HOSPITAL 313,100312,LA,READM-30-HF-HRRP,58,,0.9439,0.1358,0.1439,8,07/01/2020,06/30/2023
SAMPLE HOSPITAL 313,100312,LA,READM-30-PN-HRRP,1094,,1.0186,0.2455,0.241,269,07/01/2020,06/30/2023
SAMPLE HOSPITAL 313,100312,LA,READM-30-CABG-HRRP,1023,,0.8887,0.2208,0.2485,226,07/01/2020,06/30/2023
SAMPLE HOSPITAL 314,100313,AR,READM-30-CABG-HRRP,394,,0.9172,0.1513,0.165,60,07/01/2020,06/30/2023
SAMPLE HOSPITAL 314,100313,AR,READM-30-AMI-HRRP,109,,1.0837,0.2096,0.1934,23,07/01/2020,06/30/2023
SAMPLE HOSPITAL 314,100313,AR,READM-30-HIP-KNEE-HRRP,286,,1.0138,0.1457,0.1437,42,07/01/2020,06/30/2023
SAMPLE HOSPITAL 314,100313,AR,READM-30-COPD-HRRP,112,,0.9959,0.2459,0.2469,28,07/01/2020,06/30/2023
SAMPLE HOSPITAL 315,100314,AR,READM-30-COPD-HRRP,76,,1.0255,0.1838,0.1792,14,07/01/2020,06/30/2023
SAMPLE HOSPITAL 315,100314,AR,READM-30-AMI-HRRP,79,,1.0052,0.2123,0.2112,17,07/01/2020,06/30/2023
SAMPLE HOSPITAL 315,100314,AR,READM-30-HIP-KNEE-HRRP,72,,1.1665,0.2332,0.1999,17,07/01/2020,06/30/2023
SAMPLE HOSPITAL 315,100314,AR,READM-30-CABG-HRRP,97,,0.9626,0.1574,0.1635,15,07/01/2020,06/30/2023
SAMPLE HOSPITAL 316,100315,UT,READM-30-AMI-HRRP,415,,1.064,0.2571,0.2416,107,07/01/2020,06/30/2023
SAMPLE HOSPITAL 316,100315,UT,READM-30-HIP-KNEE-HRRP,55,,1.0338,0.1335,0.1291,7,07/01/2020,06/30/2023
SAMPLE HOSPITAL 316,100315,UT,READM-30-COPD-HRRP,70,,1.1198,0.272,0.2429,19,07/01/2020,06/30/2023
SAMPLE HOSPITAL 316,100315,UT,READM-30-HF-HRRP,176,,1.0731,0.1559,0.1453,27,07/01/2020,06/30/2023
SAMPLE HOSPITAL 317,100316,ME,READM-30-COPD-HRRP,47,,1.0283,0.1322,0.1286,6,07/01/2020,06/30/2023
SAMPLE HOSPITAL 317,100316,ME,READM-30-HF-HRRP,436,,1.0303,0.23,0.2232,100,07/01/2020,06/30/2023
SAMPLE HOSPITAL 317,100316,ME,READM-30-CABG-HRRP,118,,0.9202,0.1171,0.1273,14,07/01/2020,06/30/2023
SAMPLE HOSPITAL 317,100316,ME,READM-30-PN-HRRP,504,,0.9871,0.216,0.2188,109,07/01/2020,06/30/2023
SAMPLE HOSPITAL 317,100316,ME,READM-30-HIP-KNEE-HRRP,188,,1.0378,0.2447,0.2358,46,07/01/2020,06/30/2023
SAMPLE HOSPITAL 317,100316,ME,READM-30-AMI-HRRP,559,,0.9105,0.2131,0.2341,119,07/01/2020,06/30/2023
SAMPLE HOSPITAL 318,100317,WY,READM-30-HF-HRRP,690,,0.8018,0.1058,0.1319,73,07/01/2020,06/30/2023
SAMPLE HOSPITAL 318,100317,WY,READM-30-COPD-HRRP,1133,,0.9873,0.2566,0.2599,291,07/01/2020,06/30/2023
SAMPLE HOSPITAL 318,100317,WY,READM-30-PN-HRRP,56,,1.0158,0.1567,0.1543,9,07/01/2020,06/30/2023
SAMPLE HOSPITAL 318,100317,WY,READM-30-AMI-HRRP,1111,,0.8717,0.1611,0.1848,179,07/01/2020,06/30/2023
SAMPLE HOSPITAL 318,100317,WY,READM-30-HIP-KNEE-HRRP,123,,1.0191,0.1757,0.1724,22,07/01/2020,06/30/2023
SAMPLE HOSPITAL 319,100318,NV,READM-30-HIP-KNEE-HRRP,266,,0.9359,0.1476,0.1577,39,07/01/2020,06/30/2023
SAMPLE HOSPITAL 319,100318,NV,READM-30-COPD-HRRP,258,,1.0517,0.2237,0.2127,58,07/01/2020,06/30/2023
SAMPLE HOSPITAL 319,100318,NV,READM-30-AMI-HRRP,232,,1.0046,0.2084,0.2074,48,07/01/2020,06/30/2023
SAMPLE HOSPITAL 319,100318,NV,READM-30-HF-HRRP,353,,0.939,0.1704,0.1815,60,07/01/2020,06/30/2023
SAMPLE HOSPITAL 320,100319,AL,READM-30-HF-HRRP,197,,0.9956,0.1512,0.1519,30,07/01/2020,06/30/2023
SAMPLE HOSPITAL 320,100319,AL,READM-30-AMI-HRRP,1180,,1.0033,0.1384,0.1379,163,07/01/2020,06/30/2023
SAMPLE HOSPITAL 320,100319,AL,READM-30-HIP-KNEE-HRRP,60,,1.1313,0.2423,0.2142,15,07/01/2020,06/30/2023
SAMPLE HOSPITAL 320,100319,AL,READM-30-CABG-HRRP,904,,1.0378,0.2603,0.2508,235,07/01/2020,06/30/2023
SAMPLE HOSPITAL 320,100319,AL,READM-30-PN-HRRP,48,,1.0947,0.2074,0.1895,10,07/01/2020,06/30/2023
SAMPLE HOSPITAL 321,100320,SD,READM-30-COPD-HRRP,368,,1.0026,0.209,0.2085,77,07/01/2020,06/30/2023
SAMPLE HOSPITAL 321,100320,SD,READM-30-HF-HRRP,76,,1.1121,0.1373,0.1235,10,07/01/2020,06/30/2023
SAMPLE HOSPITAL 321,100320,SD,READM-30-AMI-HRRP,120,,0.9918,0.2494,0.2515,30,07/01/2020,06/30/2023
SAMPLE HOSPITAL 322,100321,AR,READM-30-HF-HRRP,138,,0.8974,0.2238,0.2494,31,07/01/2020,06/30/2023
SAMPLE HOSPITAL 322,100321,AR,READM-30-CABG-HRRP,198,,1.0314,0.1588,0.154,31,07/01/2020,06/30/2023
SAMPLE HOSPITAL 322,100321,AR,READM-30-COPD-HRRP,215,,0.984,0.1279,0.13,27,07/01/2020,06/30/2023
SAMPLE HOSPITAL 322,100321,AR,READM-30-PN-HRRP,218,,1.0582,0.1794,0.1695,39,07/01/2020,06/30/2023
SAMPLE HOSPITAL 322,100321,AR,READM-30-HIP-KNEE-HRRP,155,,0.9754,0.2429,0.249,38,07/01/2020,06/30/2023
SAMPLE HOSPITAL 322,100321,AR,READM-30-AMI-HRRP,462,,1.0439,0.2079,0.1992,96,07/01/2020,06/30/2023
SAMPLE HOSPITAL 323,100322,MT,READM-30-HF-HRRP,224,,0.9441,0.2208,0.2339,49,07/01/2020,06/30/2023
SAMPLE HOSPITAL 323,100322,MT,READM-30-CABG-HRRP,296,,1.0231,0.1807,0.1766,53,07/01/2020,06/30/2023
SAMPLE HOSPITAL 323,100322,MT,READM-30-HIP-KNEE-HRRP,788,,0.9428,0.1155,0.1225,91,07/01/2020,06/30/2023
SAMPLE HOSPITAL 323,100322,MT,READM-30-COPD-HRRP,162,,1.0393,0.1712,0.1647,28,07/01/2020,06/30/2023
SAMPLE HOSPITAL 323,100322,MT,READM-30-PN-HRRP,522,,0.9897,0.1193,0.1205,62,07/01/2020,06/30/2023
SAMPLE HOSPITAL 323,100322,MT,READM-30-AMI-HRRP,106,,1.0756,0.2252,0.2094,24,07/01/2020,06/30/2023
SAMPLE HOSPITAL 324,100323,TX,READM-30-COPD-HRRP,235,,1.0318,0.1731,0.1678,41,07/01/2020,06/30/2023
SAMPLE HOSPITAL 324,100323,TX,READM-30-CABG-HRRP,56,,1.0923,0.2666,0.2441,15,07/01/2020,06/30/2023
SAMPLE HOSPITAL 324,100323,TX,READM-30-PN-HRRP,52,,0.907,0.1419,0.1564,7,07/01/2020,06/30/2023
SAMPLE HOSPITAL 324,100323,TX,READM-30-HF-HRRP,199,,0.9057,0.1139,0.1258,23,07/01/2020,06/30/2023
SAMPLE HOSPITAL 324,100323,TX,READM-30-AMI-HRRP,39,,0.991,0.2334,0.2355,9,07/01/2020,06/30/2023
SAMPLE HOSPITAL 324,100323,TX,READM-30-HIP-KNEE-HRRP,164,,0.9664,0.1892,0.1958,31,07/01/2020,06/30/2023
SAMPLE HOSPITAL 325,100324,UT,READM-30-AMI-HRRP,31,,0.9527,0.1958,0.2055,6,07/01/2020,06/30/2023
SAMPLE HOSPITAL 325,100324,UT,READM-30-HIP-KNEE-HRRP,78,,0.9632,0.1741,0.1807,14,07/01/2020,06/30/2023
SAMPLE HOSPITAL 325,100324,UT,READM-30-HF-HRRP,110,,0.9948,0.1576,0.1584,17,07/01/2020,06/30/2023
SAMPLE HOSPITAL 326,100325,KY,READM-30-AMI-HRRP,118,,0.9454,0.2062,0.2181,24,07/01/2020,06/30/2023
SAMPLE HOSPITAL 326,100325,KY,READM-30-PN-HRRP,299,,0.9893,0.2089,0.2112,62,07/01/2020,06/30/2023
SAMPLE HOSPITAL 326,100325,KY,READM-30-HF-HRRP,62,,0.9256,0.1342,0.145,8,07/01/2020,06/30/2023
SAMPLE HOSPITAL 327,100326,UT,READM-30-HF-HRRP,35,,0.9185,0.1595,0.1736,6,07/01/2020,06/30/2023
SAMPLE HOSPITAL 327,100326,UT,READM-30-CABG-HRRP,97,,0.9777,0.169,0.1729,16,07/01/2020,06/30/2023
SAMPLE HOSPITAL 327,100326,UT,READM-30-AMI-HRRP,313,,0.9897,0.2375,0.24,74,07/01/2020,06/30/2023
SAMPLE HOSPITAL 327,100326,UT,READM-30-PN-HRRP,91,,0.9938,0.2572,0.2588,23,07/01/2020,06/30/2023
SAMPLE HOSPITAL 327,100326,UT,READM-30-HIP-KNEE-HRRP,90,,0.9981,0.2575,0.258,23,07/01/2020,06/30/2023
SAMPLE HOSPITAL 328,100327,GA,READM-30-AMI-HRRP,Too Few to Report,1,Too Few to Report,,,,07/01/2020,06/30/2023
SAMPLE HOSPITAL 328,100327,GA,READM-30-HIP-KNEE-HRRP,265,,1.0464,0.2052,0.1961,54,07/01/2020,06/30/2023
SAMPLE HOSPITAL 328,100327,GA,READM-30-PN-HRRP,48,,1.0624,0.2474,0.2329,12,07/01/2020,06/30/2023
SAMPLE HOSPITAL 328,100327,GA,READM-30-CABG-HRRP,143,,1.0698,0.2372,0.2217,34,07/01/2020,06/30/2023
SAMPLE HOSPITAL 328,100327,GA,READM-30-HF-HRRP,281,,0.9394,0.2094,0.2229,59,07/01/2020,06/30/2023
SAMPLE HOSPITAL 328,100327,GA,READM-30-COPD-HRRP,319,,0.9642,0.2156,0.2236,69,07/01/2020,06/30/2023
SAMPLE HOSPITAL 329,100328,OR,READM-30-PN-HRRP,57,,0.923,0.2233,0.2419,13,07/01/2020,06/30/2023
SAMPLE HOSPITAL 329,100328,OR,READM-30-COPD-HRRP,92,,0.985,0.1857,0.1885,17,07/01/2020,06/30/2023
SAMPLE HOSPITAL 329,100328,OR,READM-30-HIP-KNEE-HRRP,215,,0.9436,0.2418,0.2562,52,07/01/2020,06/30/2023
SAMPLE HOSPITAL 329,100328,OR,READM-30-CABG-HRRP,1416,,0.975,0.2024,0.2076,287,07/01/2020,06/30/2023
SAMPLE HOSPITAL 329,100328,OR,READM-30-AMI-HRRP,199,,0.9141,0.2188,0.2394,44,07/01/2020,06/30/2023
SAMPLE HOSPITAL 330,100329,OH,READM-30-HF-HRRP,Too Few to Report,1,Too Few to Report,,,,07/01/2020,06/30/2023
SAMPLE HOSPITAL 330,100329,OH,READM-30-HIP-KNEE-HRRP,194,,1.0089,0.1244,0.1233,24,07/01/2020,06/30/2023
SAMPLE HOSPITAL 330,100329,OH,READM-30-AMI-HRRP,88,,1.0274,0.1735,0.1689,15,07/01/2020,06/30/2023
SAMPLE HOSPITAL 330,100329,OH,READM-30-COPD-HRRP,103,,1.0635,0.1923,0.1808,20,07/01/2020,06/30/2023
SAMPLE HOSPITAL 330,100329,OH,READM-30-PN-HRRP,59,,0.928,0.2346,0.2528,14,07/01/2020,06/30/2023
SAMPLE HOSPITAL 331,100330,HI,READM-30-CABG-HRRP,102,,1.0219,0.1355,0.1326,14,07/01/2020,06/30/2023
SAMPLE HOSPITAL 331,100330,HI,READM-30-HF-HRRP,318,,0.9295,0.1621,0.1744,52,07/01/2020,06/30/2023
SAMPLE HOSPITAL 331,100330,HI,READM-30-COPD-HRRP,103,,1.0966,0.1397,0.1274,14,07/01/2020,06/30/2023
SAMPLE HOSPITAL 331,100330,HI,READM-30-AMI-HRRP,4005,,1.0146,0.2373,0.2339,950,07/01/2020,06/30/2023
SAMPLE HOSPITAL 332,100331,HI,READM-30-CABG-HRRP,80,,1.0157,0.247,0.2432,20,07/01/2020,06/30/2023
SAMPLE HOSPITAL 332,100331,HI,READM-30-HIP-KNEE-HRRP,643,,0.9716,0.2421,0.2492,156,07/01/2020,06/30/2023
SAMPLE HOSPITAL 332,100331,HI,READM-30-PN-HRRP,136,,0.9626,0.187,0.1943,25,07/01/2020,06/30/2023
SAMPLE HOSPITAL 333,100332,VA,READM-30-HIP-KNEE-HRRP,156,,0.9941,0.1821,0.1832,28,07/01/2020,06/30/2023
SAMPLE HOSPITAL 333,100332,VA,READM-30-PN-HRRP,54,,1.0545,0.1872,0.1775,10,07/01/2020,06/30/2023
SAMPLE HOSPITAL 333,100332,VA,READM-30-CABG-HRRP,246,,0.9969,0.2581,0.2589,63,07/01/2020,06/30/2023
SAMPLE HOSPITAL 334,100333,AR,READM-30-AMI-HRRP,139,,1.0094,0.2592,0.2568,36,07/01/2020,06/30/2023
SAMPLE HOSPITAL 334,100333,AR,READM-30-COPD-HRRP,127,,1.048,0.1909,0.1822,24,07/01/2020,06/30/2023
SAMPLE HOSPITAL 334,100333,AR,READM-30-PN-HRRP,116,,0.9015,0.1987,0.2204,23,07/01/2020,06/30/2023
SAMPLE HOSPITAL 334,100333,AR,READM-30-HIP-KNEE-HRRP,335,,0.946,0.2234,0.2361,75,07/01/2020,06/30/2023
SAMPLE HOSPITAL 334,100333,AR,READM-30-HF-HRRP,131,,0.998,0.2211,0.2215,29,07/01/2020,06/30/2023
SAMPLE HOSPITAL 335,100334,TX,READM-30-HIP-KNEE-HRRP,48,,0.9997,0.2434,0.2435,12,07/01/2020,06/30/2023
SAMPLE HOSPITAL 335,100334,TX,READM-30-PN-HRRP,95,,1.0687,0.225,0.2105,21,07/01/2020,06/30/2023
SAMPLE HOSPITAL 335,100334,TX,READM-30-AMI-HRRP,539,,1.0334,0.2608,0.2524,141,07/01/2020,06/30/2023
SAMPLE HOSPITAL 335,100334,TX,READM-30-CABG-HRRP,471,,1.0163,0.2145,0.2111,101,07/01/2020,06/30/2023
SAMPLE HOSPITAL 336,100335,DE,READM-30-PN-HRRP,295,,1.0322,0.2632,0.255,78,07/01/2020,06/30/2023
SAMPLE HOSPITAL 336,100335,DE,READM-30-HF-HRRP,320,,0.9574,0.1457,0.1522,47,07/01/2020,06/30/2023
SAMPLE HOSPITAL 336,100335,DE,READM-30-COPD-HRRP,468,,0.9123,0.1467,0.1608,69,07/01/2020,06/30/2023
SAMPLE HOSPITAL 336,100335,DE,READM-30-HIP-KNEE-HRRP,Too Few to Report,1,Too Few to Report,,,,07/01/2020,06/30/2023
SAMPLE HOSPITAL 336,100335,DE,READM-30-CABG-HRRP,383,,0.8927,0.118,0.1322,45,07/01/2020,06/30/2023
SAMPLE HOSPITAL 336,100335,DE,READM-30-AMI-HRRP,634,,0.9601,0.1687,0.1757,107,07/01/2020,06/30/2023
SAMPLE HOSPITAL 337,100336,IN,READM-30-AMI-HRRP,80,,0.9336,0.1809,0.1938,14,07/01/2020,06/30/2023
SAMPLE HOSPITAL 337,100336,IN,READM-30-CABG-HRRP,180,,1.0068,0.2504,0.2487,45,07/01/2020,06/30/2023
SAMPLE HOSPITAL 337,100336,IN,READM-30-HIP-KNEE-HRRP,472,,0.9278,0.2024,0.2182,96,07/01/2020,06/30/2023
SAMPLE HOSPITAL 337,100336,IN,READM-30-HF-HRRP,61,,0.9818,0.1711,0.1743,10,07/01/2020,06/30/2023
SAMPLE HOSPITAL 338,100337,GA,READM-30-CABG-HRRP,63,,1.0348,0.2115,0.2044,13,07/01/2020,06/30/2023
SAMPLE HOSPITAL 338,100337,GA,READM-30-PN-HRRP,84,,1.0958,0.1678,0.1531,14,07/01/2020,06/30/2023
SAMPLE HOSPITAL 338,100337,GA,READM-30-COPD-HRRP,100,,0.9297,0.134,0.1441,13,07/01/2020,06/30/2023
SAMPLE HOSPITAL 339,100338,ME,READM-30-AMI-HRRP,207,,0.9139,0.177,0.1937,37,07/01/2020,06/30/2023
SAMPLE HOSPITAL 339,100338,ME,READM-30-PN-HRRP,97,,0.9629,0.1293,0.1343,13,07/01/2020,06/30/2023
SAMPLE HOSPITAL 339,100338,ME,READM-30-HF-HRRP,487,,1.0091,0.1347,0.1335,66,07/01/2020,06/30/2023
SAMPLE HOSPITAL 339,100338,ME,READM-30-COPD-HRRP,215,,1.0456,0.1265,0.121,27,07/01/2020,06/30/2023
SAMPLE HOSPITAL 339,100338,ME,READM-30-HIP-KNEE-HRRP,612,,0.9986,0.2561,0.2565,157,07/01/2020,06/30/2023
SAMPLE HOSPITAL 340,100339,TX,READM-30-COPD-HRRP,336,,0.9505,0.1827,0.1922,61,07/01/2020,06/30/2023
SAMPLE HOSPITAL 340,100339,TX,READM-30-PN-HRRP,60,,1.0655,0.1893,0.1777,11,07/01/2020,06/30/2023
SAMPLE HOSPITAL 340,100339,TX,READM-30-CABG-HRRP,70,,1.0428,0.1794,0.172,13,07/01/2020,06/30/2023
SAMPLE HOSPITAL 340,100339,TX,READM-30-HF-HRRP,348,,1.0298,0.1664,0.1616,58,07/01/2020,06/30/2023
SAMPLE HOSPITAL 340,100339,TX,READM-30-AMI-HRRP,92,,0.9904,0.1198,0.121,11,07/01/2020,06/30/2023
SAMPLE HOSPITAL 341,100340,NJ,READM-30-COPD-HRRP,478,,0.9193,0.2332,0.2537,111,07/01/2020,06/30/2023
SAMPLE HOSPITAL 341,100340,NJ,READM-30-PN-HRRP,174,,0.959,0.1305,0.1361,23,07/01/2020,06/30/2023
SAMPLE HOSPITAL 341,100340,NJ,READM-30-HIP-KNEE-HRRP,199,,1.0141,0.147,0.145,29,07/01/2020,06/30/2023
SAMPLE HOSPITAL 342,100341,HI,READM-30-AMI-HRRP,215,,1.0454,0.163,0.1559,35,07/01/2020,06/30/2023
SAMPLE HOSPITAL 342,100341,HI,READM-30-PN-HRRP,503,,1.0011,0.1368,0.1366,69,07/01/2020,06/30/2023
SAMPLE HOSPITAL 342,100341,HI,READM-30-HF-HRRP,1001,,1.1027,0.1801,0.1633,180,07/01/2020,06/30/2023
SAMPLE HOSPITAL 342,100341,HI,READM-30-HIP-KNEE-HRRP,169,,0.9489,0.1607,0.1694,27,07/01/2020,06/30/2023
SAMPLE HOSPITAL 342,100341,HI,READM-30-CABG-HRRP,86,,1.0937,0.2198,0.201,19,07/01/2020,06/30/2023
SAMPLE HOSPITAL 342,100341,HI,READM-30-COPD-HRRP,31,,1.0736,0.1728,0.161,5,07/01/2020,06/30/2023
SAMPLE HOSPITAL 343,100342,NM,READM-30-HF-HRRP,488,,0.9919,0.2433,0.2453,119,07/01/2020,06/30/2023
SAMPLE HOSPITAL 343,100342,NM,READM-30-CABG-HRRP,169,,1.069,0.2609,0.2441,44,07/01/2020,06/30/2023
SAMPLE HOSPITAL 343,100342,NM,READM-30-AMI-HRRP,513,,0.9376,0.2212,0.2359,113,07/01/2020,06/30/2023
SAMPLE HOSPITAL 343,100342,NM,READM-30-COPD-HRRP,463,,0.9915,0.1324,0.1335,61,07/01/2020,06/30/2023
SAMPLE HOSPITAL 343,100342,NM,READM-30-PN-HRRP,163,,0.8618,0.1051,0.122,17,07/01/2020,06/30/2023
SAMPLE HOSPITAL 343,100342,NM,READM-30-HIP-KNEE-HRRP,203,,0.9309,0.1154,0.124,23,07/01/2020,06/30/2023
SAMPLE HOSPITAL 344,100343,TX,READM-30-HF-HRRP,120,,0.9429,0.1865,0.1978,22,07/01/2020,06/30/2023
SAMPLE HOSPITAL 344,100343,TX,READM-30-CABG-HRRP,124,,0.9467,0.1885,0.1991,23,07/01/2020,06/30/2023
SAMPLE HOSPITAL 344,100343,TX,READM-30-AMI-HRRP,168,,1.0304,0.1697,0.1647,29,07/01/2020,06/30/2023
SAMPLE HOSPITAL 344,100343,TX,READM-30-HIP-KNEE-HRRP,166,,1.0314,0.1258,0.122,21,07/01/2020,06/30/2023
SAMPLE HOSPITAL 345,100344,OK,READM-30-HF-HRRP,184,,0.9442,0.236,0.2499,43,07/01/2020,06/30/2023
SAMPLE HOSPITAL 345,100344,OK,READM-30-CABG-HRRP,167,,0.946,0.2423,0.2561,40,07/01/2020,06/30/2023
SAMPLE HOSPITAL 345,100344,OK,READM-30-PN-HRRP,461,,0.8971,0.1141,0.1272,53,07/01/2020,06/30/2023
SAMPLE HOSPITAL 345,100344,OK,READM-30-HIP-KNEE-HRRP,295,,0.8743,0.1605,0.1836,47,07/01/2020,06/30/2023
SAMPLE HOSPITAL 346,100345,CA,READM-30-CABG-HRRP,206,,1.0407,0.2108,0.2026,43,07/01/2020,06/30/2023
SAMPLE HOSPITAL 346,100345,CA,READM-30-AMI-HRRP,106,,1.0849,0.1556,0.1434,16,07/01/2020,06/30/2023
SAMPLE HOSPITAL 346,100345,CA,READM-30-PN-HRRP,145,,1.0346,0.2655,0.2566,38,07/01/2020,06/30/2023
SAMPLE HOSPITAL 347,100346,OR,READM-30-PN-HRRP,167,,0.9254,0.1969,0.2128,33,07/01/2020,06/30/2023
SAMPLE HOSPITAL 347,100346,OR,READM-30-AMI-HRRP,969,,0.9601,0.136,0.1417,132,07/01/2020,06/30/2023
SAMPLE HOSPITAL 347,100346,OR,READM-30-HF-HRRP,203,,1.104,0.2156,0.1953,44,07/01/2020,06/30/2023
SAMPLE HOSPITAL 348,100347,AZ,READM-30-COPD-HRRP,378,,0.9196,0.2159,0.2348,82,07/01/2020,06/30/2023
SAMPLE HOSPITAL 348,100347,AZ,READM-30-CABG-HRRP,171,,0.9671,0.1994,0.2062,34,07/01/2020,06/30/2023
SAMPLE HOSPITAL 348,100347,AZ,READM-30-HF-HRRP,140,,0.9507,0.2134,0.2245,30,07/01/2020,06/30/2023
SAMPLE HOSPITAL 348,100347,AZ,READM-30-HIP-KNEE-HRRP,523,,0.965,0.2305,0.2389,121,07/01/2020,06/30/2023
SAMPLE HOSPITAL 349,100348,IA,READM-30-PN-HRRP,357,,1.0052,0.1818,0.1809,65,07/01/2020,06/30/2023
SAMPLE HOSPITAL 349,100348,IA,READM-30-HF-HRRP,234,,0.9694,0.16,0.165,37,07/01/2020,06/30/2023
SAMPLE HOSPITAL 349,100348,IA,READM-30-CABG-HRRP,625,,1.0185,0.1435,0.1409,90,07/01/2020,06/30/2023
SAMPLE HOSPITAL 349,100348,IA,READM-30-HIP-KNEE-HRRP,149,,1.0839,0.2188,0.2019,33,07/01/2020,06/30/2023
SAMPLE HOSPITAL 349,100348,IA,READM-30-COPD-HRRP,239,,1.0164,0.2392,0.2353,57,07/01/2020,06/30/2023
SAMPLE HOSPITAL 350,100349,WI,READM-30-AMI-HRRP,228,,0.9349,0.1177,0.1259,27,07/01/2020,06/30/2023
SAMPLE HOSPITAL 350,100349,WI,READM-30-PN-HRRP,140,,0.9316,0.2018,0.2166,28,07/01/2020,06/30/2023
SAMPLE HOSPITAL 350,100349,WI,READM-30-CABG-HRRP,Too Few to Report,1,Too Few to Report,,,,07/01/2020,06/30/2023
SAMPLE HOSPITAL 350,100349,WI,READM-30-COPD-HRRP,694,,1.0177,0.1451,0.1426,101,07/01/2020,06/30/2023
SAMPLE HOSPITAL 350,100349,WI,READM-30-HF-HRRP,37,,0.9914,0.1565,0.1579,6,07/01/2020,06/30/2023
SAMPLE HOSPITAL 351,100350,CT,READM-30-AMI-HRRP,262,,1.0828,0.277,0.2558,73,07/01/2020,06/30/2023
SAMPLE HOSPITAL 351,100350,CT,READM-30-HIP-KNEE-HRRP,108,,1.1131,0.236,0.212,25,07/01/2020,06/30/2023
SAMPLE HOSPITAL 351,100350,CT,READM-30-HF-HRRP,235,,1.0068,0.171,0.1698,40,07/01/2020,06/30/2023
SAMPLE HOSPITAL 351,100350,CT,READM-30-PN-HRRP,301,,1.0299,0.1539,0.1494,46,07/01/2020,06/30/2023
SAMPLE HOSPITAL 351,100350,CT,READM-30-CABG-HRRP,606,,0.9614,0.1587,0.1651,96,07/01/2020,06/30/2023
SAMPLE HOSPITAL 352,100351,CT,READM-30-HIP-KNEE-HRRP,160,,0.9542,0.2238,0.2345,36,07/01/2020,06/30/2023
SAMPLE HOSPITAL 352,100351,CT,READM-30-HF-HRRP,88,,0.9285,0.1259,0.1356,11,07/01/2020,06/30/2023
SAMPLE HOSPITAL 352,100351,CT,READM-30-CABG-HRRP,364,,1.0262,0.1653,0.1611,60,07/01/2020,06/30/2023
SAMPLE HOSPITAL 352,100351,CT,READM-30-PN-HRRP,368,,1.0488,0.2411,0.2299,89,07/01/2020,06/30/2023
SAMPLE HOSPITAL 352,100351,CT,READM-30-COPD-HRRP,552,,0.957,0.2349,0.2455,130,07/01/2020,06/30/2023
SAMPLE HOSPITAL 353,100352,OK,READM-30-HF-HRRP,448,,0.9626,0.1808,0.1878,81,07/01/2020,06/30/2023
SAMPLE HOSPITAL 353,100352,OK,READM-30-COPD-HRRP,86,,0.921,0.1603,0.1741,14,07/01/2020,06/30/2023
SAMPLE HOSPITAL 353,100352,OK,READM-30-CABG-HRRP,782,,0.9765,0.1628,0.1667,127,07/01/2020,06/30/2023
SAMPLE HOSPITAL 353,100352,OK,READM-30-HIP-KNEE-HRRP,53,,1.0519,0.2527,0.2402,13,07/01/2020,06/30/2023
SAMPLE HOSPITAL 353,100352,OK,READM-30-AMI-HRRP,239,,0.9855,0.2136,0.2167,51,07/01/2020,06/30/2023
SAMPLE HOSPITAL 353,100352,OK,READM-30-PN-HRRP,152,,0.8884,0.1906,0.2145,29,07/01/2020,06/30/2023
SAMPLE HOSPITAL 354,100353,CT,READM-30-COPD-HRRP,251,,1.0482,0.1281,0.1222,32,07/01/2020,06/30/2023
SAMPLE HOSPITAL 354,100353,CT,READM-30-HF-HRRP,489,,1.0744,0.1613,0.1501,79,07/01/2020,06/30/2023
SAMPLE HOSPITAL 354,100353,CT,READM-30-AMI-HRRP,385,,0.9807,0.1939,0.1977,75,07/01/2020,06/30/2023
SAMPLE HOSPITAL 355,100354,ME,READM-30-CABG-HRRP,546,,0.9776,0.1869,0.1912,102,07/01/2020,06/30/2023
SAMPLE HOSPITAL 355,100354,ME,READM-30-PN-HRRP,809,,1.0237,0.2486,0.2428,201,07/01/2020,06/30/2023
SAMPLE HOSPITAL 355,100354,ME,READM-30-HIP-KNEE-HRRP,82,,0.9452,0.2439,0.258,20,07/01/2020,06/30/2023
SAMPLE HOSPITAL 355,100354,ME,READM-30-HF-HRRP,181,,1.0245,0.2173,0.2121,39,07/01/2020,06/30/2023
SAMPLE HOSPITAL 356,100355,VA,READM-30-CABG-HRRP,123,,0.9633,0.1478,0.1534,18,07/01/2020,06/30/2023
SAMPLE HOSPITAL 356,100355,VA,READM-30-PN-HRRP,152,,1.0903,0.1517,0.1391,23,07/01/2020,06/30/2023
SAMPLE HOSPITAL 356,100355,VA,READM-30-AMI-HRRP,68,,0.9249,0.1117,0.1208,8,07/01/2020,06/30/2023
SAMPLE HOSPITAL 356,100355,VA,READM-30-HIP-KNEE-HRRP,882,,0.9716,0.159,0.1636,140,07/01/2020,06/30/2023
SAMPLE HOSPITAL 356,100355,VA,READM-30-COPD-HRRP,85,,0.9113,0.2254,0.2473,19,07/01/2020,06/30/2023
SAMPLE HOSPITAL 357,100356,NC,READM-30-AMI-HRRP,269,,1.0154,0.15,0.1477,40,07/01/2020,06/30/2023
SAMPLE HOSPITAL 357,100356,NC,READM-30-CABG-HRRP,852,,0.9539,0.158,0.1656,135,07/01/2020,06/30/2023
SAMPLE HOSPITAL 357,100356,NC,READM-30-HIP-KNEE-HRRP,119,,1.0711,0.2072,0.1934,25,07/01/2020,06/30/2023
SAMPLE HOSPITAL 358,100357,UT,READM-30-HIP-KNEE-HRRP,977,,0.9574,0.1972,0.206,193,07/01/2020,06/30/2023
SAMPLE HOSPITAL 358,100357,UT,READM-30-HF-HRRP,261,,1.058,0.1278,0.1208,33,07/01/2020,06/30/2023
SAMPLE HOSPITAL 358,100357,UT,READM-30-CABG-HRRP,119,,0.9469,0.1639,0.1731,20,07/01/2020,06/30/2023
SAMPLE HOSPITAL 359,100358,LA,READM-30-CABG-HRRP,241,,1.0838,0.281,0.2593,68,07/01/2020,06/30/2023
SAMPLE HOSPITAL 359,100358,LA,READM-30-HIP-KNEE-HRRP,87,,0.9857,0.2561,0.2598,22,07/01/2020,06/30/2023
SAMPLE HOSPITAL 359,100358,LA,READM-30-AMI-HRRP,52,,0.9102,0.2081,0.2286,11,07/01/2020,06/30/2023
SAMPLE HOSPITAL 359,100358,LA,READM-30-COPD-HRRP,193,,0.9526,0.1986,0.2085,38,07/01/2020,06/30/2023
SAMPLE HOSPITAL 359,100358,LA,READM-30-HF-HRRP,671,,0.9765,0.1695,0.1736,114,07/01/2020,06/30/2023
SAMPLE HOSPITAL 360,100359,MN,READM-30-CABG-HRRP,388,,0.9597,0.2368,0.2467,92,07/01/2020,06/30/2023
SAMPLE HOSPITAL 360,100359,MN,READM-30-AMI-HRRP,150,,1.0875,0.136,0.1251,20,07/01/2020,06/30/2023
SAMPLE HOSPITAL 360,100359,MN,READM-30-COPD-HRRP,29,,0.9897,0.2059,0.208,6,07/01/2020,06/30/2023
SAMPLE HOSPITAL 360,100359,MN,READM-30-HIP-KNEE-HRRP,1176,,1.0311,0.1673,0.1623,197,07/01/2020,06/30/2023
SAMPLE HOSPITAL 360,100359,MN,READM-30-PN-HRRP,121,,1.0109,0.1813,0.1793,22,07/01/2020,06/30/2023
SAMPLE HOSPITAL 361,100360,MO,READM-30-COPD-HRRP,157,,0.8648,0.108,0.1249,17,07/01/2020,06/30/2023
SAMPLE HOSPITAL 361,100360,MO,READM-30-CABG-HRRP,190,,1.034,0.2247,0.2173,43,07/01/2020,06/30/2023
SAMPLE HOSPITAL 361,100360,MO,READM-30-AMI-HRRP,69,,1.109,0.1808,0.163,12,07/01/2020,06/30/2023
SAMPLE HOSPITAL 361,100360,MO,READM-30-HIP-KNEE-HRRP,93,,1.0059,0.2028,0.2016,19,07/01/2020,06/30/2023
SAMPLE HOSPITAL 361,100360,MO,READM-30-PN-HRRP,98,,0.9611,0.1651,0.1718,16,07/01/2020,06/30/2023
SAMPLE HOSPITAL 362,100361,IA,READM-30-HIP-KNEE-HRRP,42,,1.005,0.1745,0.1736,7,07/01/2020,06/30/2023
SAMPLE HOSPITAL 362,100361,IA,READM-30-HF-HRRP,34,,0.9934,0.1568,0.1578,5,07/01/2020,06/30/2023
SAMPLE HOSPITAL 362,100361,IA,READM-30-COPD-HRRP,109,,0.9972,0.1915,0.192,21,07/01/2020,06/30/2023
SAMPLE HOSPITAL 363,100362,UT,READM-30-HF-HRRP,77,,0.958,0.2,0.2088,15,07/01/2020,06/30/2023
SAMPLE HOSPITAL 363,100362,UT,READM-30-HIP-KNEE-HRRP,77,,1.073,0.2535,0.2363,20,07/01/2020,06/30/2023
SAMPLE HOSPITAL 363,100362,UT,READM-30-PN-HRRP,116,,0.9897,0.213,0.2152,25,07/01/2020,06/30/2023
SAMPLE HOSPITAL 363,100362,UT,READM-30-COPD-HRRP,322,,1.0916,0.1584,0.1451,51,07/01/2020,06/30/2023
SAMPLE HOSPITAL 363,100362,UT,READM-30-AMI-HRRP,735,,1.0644,0.2015,0.1893,148,07/01/2020,06/30/2023
SAMPLE HOSPITAL 363,100362,UT,READM-30-CABG-HRRP,371,,1.1165,0.2709,0.2426,101,07/01/2020,06/30/2023
SAMPLE HOSPITAL 364,100363,PA,READM-30-HIP-KNEE-HRRP,89,,1.021,0.177,0.1734,16,07/01/2020,06/30/2023
SAMPLE HOSPITAL 364,100363,PA,READM-30-HF-HRRP,183,,0.954,0.1562,0.1637,29,07/01/2020,06/30/2023
SAMPLE HOSPITAL 364,100363,PA,READM-30-COPD-HRRP,128,,0.8614,0.1798,0.2087,23,07/01/2020,06/30/2023
SAMPLE HOSPITAL 364,100363,PA,READM-30-AMI-HRRP,1600,,1.0212,0.2162,0.2117,346,07/01/2020,06/30/2023
SAMPLE HOSPITAL 364,100363,PA,READM-30-CABG-HRRP,95,,0.9644,0.1206,0.125,11,07/01/2020,06/30/2023
SAMPLE HOSPITAL 365,100364,NY,READM-30-HIP-KNEE-HRRP,54,,0.8801,0.164,0.1863,9,07/01/2020,06/30/2023
SAMPLE HOSPITAL 365,100364,NY,READM-30-COPD-HRRP,343,,0.9445,0.1488,0.1575,51,07/01/2020,06/30/2023
SAMPLE HOSPITAL 365,100364,NY,READM-30-HF-HRRP,183,,0.906,0.2232,0.2464,41,07/01/2020,06/30/2023
SAMPLE HOSPITAL 365,100364,NY,READM-30-AMI-HRRP,133,,1.0151,0.2057,0.2026,27,07/01/2020,06/30/2023
SAMPLE HOSPITAL 365,100364,NY,READM-30-PN-HRRP,382,,0.8811,0.1424,0.1616,54,07/01/2020,06/30/2023
SAMPLE HOSPITAL 366,100365,CO,READM-30-CABG-HRRP,116,,0.9473,0.2232,0.2356,26,07/01/2020,06/30/2023
SAMPLE HOSPITAL 366,100365,CO,READM-30-HIP-KNEE-HRRP,274,,1.0131,0.2171,0.2143,59,07/01/2020,06/30/2023
SAMPLE HOSPITAL 366,100365,CO,READM-30-AMI-HRRP,465,,1.013,0.1361,0.1344,63,07/01/2020,06/30/2023
SAMPLE HOSPITAL 366,100365,CO,READM-30-PN-HRRP,78,,0.9846,0.2002,0.2033,16,07/01/2020,06/30/2023
SAMPLE HOSPITAL 366,100365,CO,READM-30-HF-HRRP,55,,1.0584,0.2063,0.1949,11,07/01/2020,06/30/2023
SAMPLE HOSPITAL 366,100365,CO,READM-30-COPD-HRRP,122,,1.081,0.2376,0.2198,29,07/01/2020,06/30/2023
SAMPLE HOSPITAL 367,100366,OK,READM-30-HF-HRRP,71,,0.8708,0.112,0.1286,8,07/01/2020,06/30/2023
SAMPLE HOSPITAL 367,100366,OK,READM-30-HIP-KNEE-HRRP,117,,0.9585,0.1726,0.1801,20,07/01/2020,06/30/2023
SAMPLE HOSPITAL 367,100366,OK,READM-30-COPD-HRRP,332,,0.9556,0.1281,0.1341,43,07/01/2020,06/30/2023
SAMPLE HOSPITAL 367,100366,OK,READM-30-AMI-HRRP,432,,0.9494,0.2151,0.2266,93,07/01/2020,06/30/2023
SAMPLE HOSPITAL 368,100367,MO,READM-30-COPD-HRRP,151,,1.0492,0.1471,0.1402,22,07/01/2020,06/30/2023
SAMPLE HOSPITAL 368,100367,MO,READM-30-HF-HRRP,73,,1.0683,0.1463,0.1369,11,07/01/2020,06/30/2023
SAMPLE HOSPITAL 368,100367,MO,READM-30-AMI-HRRP,125,,0.8431,0.1883,0.2234,24,07/01/2020,06/30/2023
SAMPLE HOSPITAL 369,100368,NC,READM-30-HF-HRRP,31,,0.9587,0.1187,0.1238,4,07/01/2020,06/30/2023
SAMPLE HOSPITAL 369,100368,NC,READM-30-COPD-HRRP,76,,0.9355,0.2352,0.2514,18,07/01/2020,06/30/2023
SAMPLE HOSPITAL 369,100368,NC,READM-30-HIP-KNEE-HRRP,40,,1.0025,0.167,0.1666,7,07/01/2020,06/30/2023
SAMPLE HOSPITAL 369,100368,NC,READM-30-AMI-HRRP,682,,1.0306,0.2055,0.1994,140,07/01/2020,06/30/2023
SAMPLE HOSPITAL 370,100369,SD,READM-30-COPD-HRRP,116,,0.9946,0.1765,0.1775,20,07/01/2020,06/30/2023
SAMPLE HOSPITAL 370,100369,SD,READM-30-HF-HRRP,658,,0.9877,0.2148,0.2175,141,07/01/2020,06/30/2023
SAMPLE HOSPITAL 370,100369,SD,READM-30-CABG-HRRP,48,,1.0551,0.2594,0.2459,12,07/01/2020,06/30/2023
SAMPLE HOSPITAL 370,100369,SD,READM-30-HIP-KNEE-HRRP,1014,,0.9931,0.2388,0.2405,242,07/01/2020,06/30/2023
SAMPLE HOSPITAL 371,100370,TN,READM-30-PN-HRRP,47,,1.0359,0.1599,0.1544,8,07/01/2020,06/30/2023
SAMPLE HOSPITAL 371,100370,TN,READM-30-CABG-HRRP,525,,1.0215,0.141,0.138,74,07/01/2020,06/30/2023
SAMPLE HOSPITAL 371,100370,TN,READM-30-COPD-HRRP,302,,0.922,0.165,0.179,50,07/01/2020,06/30/2023
SAMPLE HOSPITAL 371,100370,TN,READM-30-AMI-HRRP,143,,1.0347,0.2373,0.2293,34,07/01/2020,06/30/2023
SAMPLE HOSPITAL 371,100370,TN,READM-30-HF-HRRP,139,,0.9883,0.2111,0.2136,29,07/01/2020,06/30/2023
SAMPLE HOSPITAL 371,100370,TN,READM-30-HIP-KNEE-HRRP,265,,1.1225,0.2706,0.2411,72,07/01/2020,06/30/2023
SAMPLE HOSPITAL 372,100371,AK,READM-30-CABG-HRRP,120,,0.975,0.1389,0.1425,17,07/01/2020,06/30/2023
SAMPLE HOSPITAL 372,100371,AK,READM-30-HF-HRRP,192,,0.9868,0.1906,0.1931,37,07/01/2020,06/30/2023
SAMPLE HOSPITAL 372,100371,AK,READM-30-COPD-HRRP,314,,1.0037,0.2219,0.2211,70,07/01/2020,06/30/2023
SAMPLE HOSPITAL 372,100371,AK,READM-30-AMI-HRRP,60,,0.9344,0.1158,0.1239,7,07/01/2020,06/30/2023
SAMPLE HOSPITAL 373,100372,MN,READM-30-PN-HRRP,1169,,1.0125,0.1458,0.144,170,07/01/2020,06/30/2023
SAMPLE HOSPITAL 373,100372,MN,READM-30-AMI-HRRP,134,,0.9615,0.1948,0.2026,26,07/01/2020,06/30/2023
SAMPLE HOSPITAL 373,100372,MN,READM-30-COPD-HRRP,106,,0.8511,0.1697,0.1994,18,07/01/2020,06/30/2023
SAMPLE HOSPITAL 373,100372,MN,READM-30-CABG-HRRP,210,,0.9462,0.2294,0.2424,48,07/01/2020,06/30/2023
SAMPLE HOSPITAL 374,100373,HI,READM-30-AMI-HRRP,106,,1.0113,0.2374,0.2347,25,07/01/2020,06/30/2023
SAMPLE HOSPITAL 374,100373,HI,READM-30-COPD-HRRP,42,,1.0451,0.1907,0.1825,8,07/01/2020,06/30/2023
SAMPLE HOSPITAL 374,100373,HI,READM-30-PN-HRRP,308,,0.999,0.2466,0.2468,76,07/01/2020,06/30/2023
SAMPLE HOSPITAL 374,100373,HI,READM-30-HIP-KNEE-HRRP,243,,0.9695,0.1925,0.1986,47,07/01/2020,06/30/2023
SAMPLE HOSPITAL 374,100373,HI,READM-30-CABG-HRRP,130,,0.8087,0.1362,0.1684,18,07/01/2020,06/30/2023
SAMPLE HOSPITAL 375,100374,AL,READM-30-HF-HRRP,61,,0.9919,0.1965,0.1981,12,07/01/2020,06/30/2023
SAMPLE HOSPITAL 375,100374,AL,READM-30-HIP-KNEE-HRRP,227,,1.0296,0.1893,0.1839,43,07/01/2020,06/30/2023
SAMPLE HOSPITAL 375,100374,AL,READM-30-CABG-HRRP,157,,0.9487,0.1603,0.169,25,07/01/2020,06/30/2023
SAMPLE HOSPITAL 375,100374,AL,READM-30-COPD-HRRP,274,,0.908,0.2303,0.2536,63,07/01/2020,06/30/2023
SAMPLE HOSPITAL 375,100374,AL,READM-30-AMI-HRRP,135,,0.973,0.1925,0.1978,26,07/01/2020,06/30/2023
SAMPLE HOSPITAL 375,100374,AL,READM-30-PN-HRRP,481,,0.9852,0.2347,0.2382,113,07/01/2020,06/30/2023
SAMPLE HOSPITAL 376,100375,IN,READM-30-HIP-KNEE-HRRP,833,,0.9764,0.1676,0.1717,140,07/01/2020,06/30/2023
SAMPLE HOSPITAL 376,100375,IN,READM-30-HF-HRRP,737,,0.9972,0.2308,0.2314,170,07/01/2020,06/30/2023
SAMPLE HOSPITAL 376,100375,IN,READM-30-COPD-HRRP,271,,1.0885,0.245,0.2251,66,07/01/2020,06/30/2023
SAMPLE HOSPITAL 377,100376,WI,READM-30-COPD-HRRP,282,,1.0265,0.2361,0.23,67,07/01/2020,06/30/2023
SAMPLE HOSPITAL 377,100376,WI,READM-30-PN-HRRP,210,,0.9264,0.1158,0.125,24,07/01/2020,06/30/2023
SAMPLE HOSPITAL 377,100376,WI,READM-30-HF-HRRP,88,,0.9797,0.2518,0.257,22,07/01/2020,06/30/2023
SAMPLE HOSPITAL 377,100376,WI,READM-30-HIP-KNEE-HRRP,71,,0.8689,0.1372,0.1579,10,07/01/2020,06/30/2023
SAMPLE HOSPITAL 377,100376,WI,READM-30-CABG-HRRP,284,,1.054,0.17,0.1613,48,07/01/2020,06/30/2023
SAMPLE HOSPITAL 378,100377,MI,READM-30-COPD-HRRP,372,,0.9815,0.227,0.2313,84,07/01/2020,06/30/2023
SAMPLE HOSPITAL 378,100377,MI,READM-30-AMI-HRRP,210,,1.1235,0.2508,0.2232,53,07/01/2020,06/30/2023
SAMPLE HOSPITAL 378,100377,MI,READM-30-HF-HRRP,80,,1.0181,0.2273,0.2233,18,07/01/2020,06/30/2023
SAMPLE HOSPITAL 378,100377,MI,READM-30-PN-HRRP,323,,0.9326,0.1724,0.1849,56,07/01/2020,06/30/2023
SAMPLE HOSPITAL 379,100378,SC,READM-30-PN-HRRP,813,,0.9958,0.1247,0.1252,101,07/01/2020,06/30/2023
SAMPLE HOSPITAL 379,100378,SC,READM-30-HIP-KNEE-HRRP,169,,0.9957,0.1246,0.1251,21,07/01/2020,06/30/2023
SAMPLE HOSPITAL 379,100378,SC,READM-30-COPD-HRRP,831,,0.9793,0.1188,0.1213,99,07/01/2020,06/30/2023
SAMPLE HOSPITAL 379,100378,SC,READM-30-HF-HRRP,113,,1.0,0.2234,0.2234,25,07/01/2020,06/30/2023
SAMPLE HOSPITAL 379,100378,SC,READM-30-AMI-HRRP,164,,0.9636,0.2037,0.2114,33,07/01/2020,06/30/2023
SAMPLE HOSPITAL 379,100378,SC,READM-30-CABG-HRRP,132,,0.9365,0.218,0.2328,29,07/01/2020,06/30/2023
SAMPLE HOSPITAL 380,100379,LA,READM-30-AMI-HRRP,317,,0.8966,0.1147,0.1279,36,07/01/2020,06/30/2023
SAMPLE HOSPITAL 380,100379,LA,READM-30-COPD-HRRP,119,,1.0026,0.2392,0.2386,28,07/01/2020,06/30/2023
SAMPLE HOSPITAL 380,100379,LA,READM-30-HF-HRRP,259,,0.9929,0.1232,0.1241,32,07/01/2020,06/30/2023
SAMPLE HOSPITAL 380,100379,LA,READM-30-HIP-KNEE-HRRP,60,,0.9984,0.1928,0.1931,12,07/01/2020,06/30/2023
SAMPLE HOSPITAL 381,100380,LA,READM-30-CABG-HRRP,384,,1.0544,0.2461,0.2334,95,07/01/2020,06/30/2023
SAMPLE HOSPITAL 381,100380,LA,READM-30-COPD-HRRP,247,,0.9945,0.2498,0.2512,62,07/01/2020,06/30/2023
SAMPLE HOSPITAL 381,100380,LA,READM-30-AMI-HRRP,132,,1.0415,0.1441,0.1384,19,07/01/2020,06/30/2023
SAMPLE HOSPITAL 381,100380,LA,READM-30-HF-HRRP,169,,1.0291,0.1566,0.1522,26,07/01/2020,06/30/2023
SAMPLE HOSPITAL 381,100380,LA,READM-30-HIP-KNEE-HRRP,149,,1.0442,0.1743,0.1669,26,07/01/2020,06/30/2023
SAMPLE HOSPITAL 381,100380,LA,READM-30-PN-HRRP,85,,0.972,0.1449,0.1491,12,07/01/2020,06/30/2023
SAMPLE HOSPITAL 382,100381,TN,READM-30-CABG-HRRP,113,,0.9775,0.1751,0.1791,20,07/01/2020,06/30/2023
SAMPLE HOSPITAL 382,100381,TN,READM-30-HF-HRRP,87,,1.0894,0.1592,0.1461,14,07/01/2020,06/30/2023
SAMPLE HOSPITAL 382,100381,TN,READM-30-COPD-HRRP,126,,0.9376,0.224,0.2389,28,07/01/2020,06/30/2023
SAMPLE HOSPITAL 382,100381,TN,READM-30-AMI-HRRP,385,,1.0061,0.2241,0.2227,86,07/01/2020,06/30/2023
SAMPLE HOSPITAL 382,100381,TN,READM-30-PN-HRRP,66,,0.974,0.141,0.1448,9,07/01/2020,06/30/2023
SAMPLE HOSPITAL 383,100382,MT,READM-30-CABG-HRRP,304,,1.0638,0.1619,0.1522,49,07/01/2020,06/30/2023
SAMPLE HOSPITAL 383,100382,MT,READM-30-HIP-KNEE-HRRP,261,,1.0668,0.2139,0.2005,56,07/01/2020,06/30/2023
SAMPLE HOSPITAL 383,100382,MT,READM-30-PN-HRRP,211,,1.0095,0.2304,0.2282,49,07/01/2020,06/30/2023
SAMPLE HOSPITAL 384,100383,WV,READM-30-CABG-HRRP,28,,0.8448,0.1752,0.2074,5,07/01/2020,06/30/2023
SAMPLE HOSPITAL 384,100383,WV,READM-30-HIP-KNEE-HRRP,305,,0.9255,0.135,0.1459,41,07/01/2020,06/30/2023
SAMPLE HOSPITAL 384,100383,WV,READM-30-AMI-HRRP,227,,0.8565,0.1394,0.1628,32,07/01/2020,06/30/2023
SAMPLE HOSPITAL 385,100384,ND,READM-30-COPD-HRRP,468,,0.965,0.2114,0.2191,99,07/01/2020,06/30/2023
SAMPLE HOSPITAL 385,100384,ND,READM-30-CABG-HRRP,324,,1.0076,0.1811,0.1797,59,07/01/2020,06/30/2023
SAMPLE HOSPITAL 385,100384,ND,READM-30-HIP-KNEE-HRRP,278,,0.8762,0.1818,0.2075,51,07/01/2020,06/30/2023
SAMPLE HOSPITAL 386,100385,PA,READM-30-PN-HRRP,263,,0.9862,0.2148,0.2178,56,07/01/2020,06/30/2023
SAMPLE HOSPITAL 386,100385,PA,READM-30-COPD-HRRP,138,,1.0419,0.1969,0.189,27,07/01/2020,06/30/2023
SAMPLE HOSPITAL 386,100385,PA,READM-30-AMI-HRRP,179,,1.0961,0.2334,0.2129,42,07/01/2020,06/30/2023
SAMPLE HOSPITAL 386,100385,PA,READM-30-HIP-KNEE-HRRP,157,,1.01,0.219,0.2168,34,07/01/2020,06/30/2023
SAMPLE HOSPITAL 386,100385,PA,READM-30-CABG-HRRP,185,,1.0057,0.2098,0.2086,39,07/01/2020,06/30/2023
SAMPLE HOSPITAL 386,100385,PA,READM-30-HF-HRRP,378,,1.0196,0.1872,0.1836,71,07/01/2020,06/30/2023
SAMPLE HOSPITAL 387,100386,IA,READM-30-AMI-HRRP,91,,0.8311,0.1095,0.1317,10,07/01/2020,06/30/2023
SAMPLE HOSPITAL 387,100386,IA,READM-30-CABG-HRRP,450,,1.0855,0.2783,0.2564,125,07/01/2020,06/30/2023
SAMPLE HOSPITAL 387,100386,IA,READM-30-HF-HRRP,133,,1.0272,0.1435,0.1397,19,07/01/2020,06/30/2023
SAMPLE HOSPITAL 387,100386,IA,READM-30-COPD-HRRP,1061,,1.1054,0.2745,0.2483,291,07/01/2020,06/30/2023
SAMPLE HOSPITAL 388,100387,NC,READM-30-CABG-HRRP,381,,1.0092,0.2623,0.2599,100,07/01/2020,06/30/2023
SAMPLE HOSPITAL 388,100387,NC,READM-30-PN-HRRP,130,,0.9774,0.1896,0.194,25,07/01/2020,06/30/2023
SAMPLE HOSPITAL 388,100387,NC,READM-30-AMI-HRRP,Too Few to Report,1,Too Few to Report,,,,07/01/2020,06/30/2023
SAMPLE HOSPITAL 388,100387,NC,READM-30-HIP-KNEE-HRRP,63,,0.9646,0.2032,0.2107,13,07/01/2020,06/30/2023
SAMPLE HOSPITAL 388,100387,NC,READM-30-COPD-HRRP,122,,0.9514,0.1799,0.1891,22,07/01/2020,06/30/2023
SAMPLE HOSPITAL 388,100387,NC,READM-30-HF-HRRP,112,,0.8946,0.1107,0.1237,12,07/01/2020,06/30/2023
SAMPLE HOSPITAL 389,100388,WA,READM-30-COPD-HRRP,195,,0.9951,0.1261,0.1267,25,07/01/2020,06/30/2023
SAMPLE HOSPITAL 389,100388,WA,READM-30-AMI-HRRP,705,,0.9948,0.2349,0.2361,166,07/01/2020,06/30/2023
SAMPLE HOSPITAL 389,100388,WA,READM-30-CABG-HRRP,127,,0.9922,0.2003,0.2019,25,07/01/2020,06/30/2023
SAMPLE HOSPITAL 390,100389,SD,READM-30-AMI-HRRP,216,,1.0829,0.1904,0.1758,41,07/01/2020,06/30/2023
SAMPLE HOSPITAL 390,100389,SD,READM-30-HF-HRRP,307,,0.8808,0.2167,0.246,67,07/01/2020,06/30/2023
SAMPLE HOSPITAL 390,100389,SD,READM-30-COPD-HRRP,262,,0.9766,0.1736,0.1778,45,07/01/2020,06/30/2023
SAMPLE HOSPITAL 390,100389,SD,READM-30-HIP-KNEE-HRRP,197,,0.9888,0.1316,0.1331,26,07/01/2020,06/30/2023
SAMPLE HOSPITAL 390,100389,SD,READM-30-CABG-HRRP,147,,1.0935,0.2775,0.2538,41,07/01/2020,06/30/2023
SAMPLE HOSPITAL 391,100390,WA,READM-30-AMI-HRRP,156,,1.1933,0.2752,0.2306,43,07/01/2020,06/30/2023
SAMPLE HOSPITAL 391,100390,WA,READM-30-PN-HRRP,25,,0.9542,0.1598,0.1675,4,07/01/2020,06/30/2023
SAMPLE HOSPITAL 391,100390,WA,READM-30-CABG-HRRP,220,,0.8851,0.155,0.1751,34,07/01/2020,06/30/2023
SAMPLE HOSPITAL 392,100391,SC,READM-30-CABG-HRRP,178,,0.9769,0.1777,0.1819,32,07/01/2020,06/30/2023
SAMPLE HOSPITAL 392,100391,SC,READM-30-AMI-HRRP,126,,1.1157,0.2545,0.2281,32,07/01/2020,06/30/2023
SAMPLE HOSPITAL 392,100391,SC,READM-30-HF-HRRP,135,,0.9683,0.159,0.1642,21,07/01/2020,06/30/2023
SAMPLE HOSPITAL 392,100391,SC,READM-30-PN-HRRP,52,,1.0522,0.2144,0.2038,11,07/01/2020,06/30/2023
SAMPLE HOSPITAL 393,100392,FL,READM-30-PN-HRRP,40,,1.0336,0.2344,0.2268,9,07/01/2020,06/30/2023
SAMPLE HOSPITAL 393,100392,FL,READM-30-AMI-HRRP,275,,0.9256,0.1261,0.1362,35,07/01/2020,06/30/2023
SAMPLE HOSPITAL 393,100392,FL,READM-30-CABG-HRRP,115,,1.0109,0.2438,0.2412,28,07/01/2020,06/30/2023
SAMPLE HOSPITAL 393,100392,FL,READM-30-HIP-KNEE-HRRP,186,,1.0389,0.2365,0.2276,44,07/01/2020,06/30/2023
SAMPLE HOSPITAL 394,100393,OH,READM-30-CABG-HRRP,217,,1.0261,0.2243,0.2186,49,07/01/2020,06/30/2023
SAMPLE HOSPITAL 394,100393,OH,READM-30-HIP-KNEE-HRRP,236,,1.0449,0.1377,0.1318,32,07/01/2020,06/30/2023
SAMPLE HOSPITAL 394,100393,OH,READM-30-AMI-HRRP,109,,1.0388,0.2118,0.2039,23,07/01/2020,06/30/2023
SAMPLE HOSPITAL 395,100394,ND,READM-30-HF-HRRP,328,,0.9946,0.1428,0.1436,47,07/01/2020,06/30/2023
SAMPLE HOSPITAL 395,100394,ND,READM-30-CABG-HRRP,130,,0.9886,0.18,0.1821,23,07/01/2020,06/30/2023
SAMPLE HOSPITAL 395,100394,ND,READM-30-COPD-HRRP,162,,1.0032,0.2408,0.24,39,07/01/2020,06/30/2023
SAMPLE HOSPITAL 395,100394,ND,READM-30-PN-HRRP,190,,1.0995,0.2543,0.2313,48,07/01/2020,06/30/2023
SAMPLE HOSPITAL 395,100394,ND,READM-30-HIP-KNEE-HRRP,129,,1.0298,0.2001,0.1943,26,07/01/2020,06/30/2023
SAMPLE HOSPITAL 396,100395,NV,READM-30-PN-HRRP,925,,1.0282,0.1882,0.183,174,07/01/2020,06/30/2023
SAMPLE HOSPITAL 396,100395,NV,READM-30-CABG-HRRP,117,,0.9908,0.1248,0.126,15,07/01/2020,06/30/2023
SAMPLE HOSPITAL 396,100395,NV,READM-30-HIP-KNEE-HRRP,101,,0.9943,0.1807,0.1817,18,07/01/2020,06/30/2023
SAMPLE HOSPITAL 396,100395,NV,READM-30-HF-HRRP,30,,0.9937,0.2189,0.2203,7,07/01/2020,06/30/2023
SAMPLE HOSPITAL 396,100395,NV,READM-30-AMI-HRRP,48,,1.0481,0.1905,0.1818,9,07/01/2020,06/30/2023
SAMPLE HOSPITAL 397,100396,AL,READM-30-PN-HRRP,121,,1.0051,0.1636,0.1628,20,07/01/2020,06/30/2023
SAMPLE HOSPITAL 397,100396,AL,READM-30-AMI-HRRP,146,,0.9269,0.1798,0.194,26,07/01/2020,06/30/2023
SAMPLE HOSPITAL 397,100396,AL,READM-30-CABG-HRRP,101,,0.9906,0.1409,0.1422,14,07/01/2020,06/30/2023
SAMPLE HOSPITAL 397,100396,AL,READM-30-COPD-HRRP,132,,0.9828,0.165,0.1679,22,07/01/2020,06/30/2023
SAMPLE HOSPITAL 398,100397,NE,READM-30-COPD-HRRP,471,,1.0034,0.2513,0.2504,118,07/01/2020,06/30/2023
SAMPLE HOSPITAL 398,100397,NE,READM-30-PN-HRRP,155,,0.903,0.1561,0.1729,24,07/01/2020,06/30/2023
SAMPLE HOSPITAL 398,100397,NE,READM-30-AMI-HRRP,185,,0.9783,0.16,0.1635,30,07/01/2020,06/30/2023
SAMPLE HOSPITAL 398,100397,NE,READM-30-HF-HRRP,1959,,1.0133,0.1728,0.1705,339,07/01/2020,06/30/2023
SAMPLE HOSPITAL 399,100398,NE,READM-30-CABG-HRRP,240,,0.9653,0.209,0.2165,50,07/01/2020,06/30/2023
SAMPLE HOSPITAL 399,100398,NE,READM-30-HF-HRRP,671,,1.0326,0.1519,0.1471,102,07/01/2020,06/30/2023
SAMPLE HOSPITAL 399,100398,NE,READM-30-COPD-HRRP,379,,0.9763,0.2525,0.2586,96,07/01/2020,06/30/2023
SAMPLE HOSPITAL 399,100398,NE,READM-30-HIP-KNEE-HRRP,213,,1.1482,0.1571,0.1368,33,07/01/2020,06/30/2023
SAMPLE HOSPITAL 400,100399,WV,READM-30-COPD-HRRP,237,,0.9772,0.2113,0.2162,50,07/01/2020,06/30/2023
SAMPLE HOSPITAL 400,100399,WV,READM-30-CABG-HRRP,274,,1.0355,0.1353,0.1307,37,07/01/2020,06/30/2023
SAMPLE HOSPITAL 400,100399,WV,READM-30-PN-HRRP,248,,0.9313,0.1901,0.2041,47,07/01/2020,06/30/2023
SAMPLE HOSPITAL 400,100399,WV,READM-30-AMI-HRRP,855,,1.0067,0.2189,0.2174,187,07/01/2020,06/30/2023
SAMPLE HOSPITAL 400,100399,WV,READM-30-HIP-KNEE-HRRP,284,,1.0171,0.2233,0.2195,63,07/01/2020,06/30/2023
SAMPLE HOSPITAL 401,100400,HI,READM-30-HF-HRRP,63,,1.0309,0.2107,0.2044,13,07/01/2020,06/30/2023
SAMPLE HOSPITAL 401,100400,HI,READM-30-COPD-HRRP,244,,1.0173,0.1518,0.1492,37,07/01/2020,06/30/2023
SAMPLE HOSPITAL 401,100400,HI,READM-30-CABG-HRRP,482,,1.0464,0.1414,0.1351,68,07/01/2020,06/30/2023
SAMPLE HOSPITAL 401,100400,HI,READM-30-AMI-HRRP,464,,1.0124,0.1711,0.169,79,07/01/2020,06/30/2023
SAMPLE HOSPITAL 402,100401,IA,READM-30-COPD-HRRP,255,,0.9847,0.1883,0.1912,48,07/01/2020,06/30/2023
SAMPLE HOSPITAL 402,100401,IA,READM-30-HF-HRRP,98,,1.0091,0.1664,0.1649,16,07/01/2020,06/30/2023
SAMPLE HOSPITAL 402,100401,IA,READM-30-CABG-HRRP,528,,1.0308,0.2385,0.2314,126,07/01/2020,06/30/2023
SAMPLE HOSPITAL 402,100401,IA,READM-30-AMI-HRRP,789,,1.0566,0.2233,0.2113,176,07/01/2020,06/30/2023
SAMPLE HOSPITAL 402,100401,IA,READM-30-HIP-KNEE-HRRP,133,,0.9309,0.14,0.1504,19,07/01/2020,06/30/2023
SAMPLE HOSPITAL 402,100401,IA,READM-30-PN-HRRP,143,,1.0838,0.1428,0.1318,20,07/01/2020,06/30/2023
SAMPLE HOSPITAL 403,100402,SD,READM-30-AMI-HRRP,129,,1.0082,0.2115,0.2098,27,07/01/2020,06/30/2023
SAMPLE HOSPITAL 403,100402,SD,READM-30-PN-HRRP,191,,1.0298,0.2244,0.2179,43,07/01/2020,06/30/2023
SAMPLE HOSPITAL 403,100402,SD,READM-30-HF-HRRP,271,,0.9864,0.1937,0.1964,52,07/01/2020,06/30/2023
SAMPLE HOSPITAL 403,100402,SD,READM-30-HIP-KNEE-HRRP,45,,0.9895,0.2218,0.2242,10,07/01/2020,06/30/2023
SAMPLE HOSPITAL 403,100402,SD,READM-30-CABG-HRRP,173,,0.9345,0.1628,0.1742,28,07/01/2020,06/30/2023
SAMPLE HOSPITAL 404,100403,SC,READM-30-PN-HRRP,500,,0.9543,0.1225,0.1284,61,07/01/2020,06/30/2023
SAMPLE HOSPITAL 404,100403,SC,READM-30-AMI-HRRP,613,,1.1192,0.1856,0.1658,114,07/01/2020,06/30/2023
SAMPLE HOSPITAL 404,100403,SC,READM-30-CABG-HRRP,664,,1.0735,0.2682,0.2498,178,07/01/2020,06/30/2023
SAMPLE HOSPITAL 404,100403,SC,READM-30-HF-HRRP,275,,0.9482,0.1306,0.1377,36,07/01/2020,06/30/2023
SAMPLE HOSPITAL 404,100403,SC,READM-30-COPD-HRRP,197,,1.0653,0.1992,0.187,39,07/01/2020,06/30/2023
SAMPLE HOSPITAL 405,100404,CO,READM-30-COPD-HRRP,652,,0.9853,0.135,0.137,88,07/01/2020,06/30/2023
SAMPLE HOSPITAL 405,100404,CO,READM-30-AMI-HRRP,Too Few to Report,1,Too Few to Report,,,,07/01/2020,06/30/2023
SAMPLE HOSPITAL 405,100404,CO,READM-30-HF-HRRP,145,,1.0318,0.2173,0.2106,32,07/01/2020,06/30/2023
SAMPLE HOSPITAL 405,100404,CO,READM-30-CABG-HRRP,661,,1.0017,0.1807,0.1804,119,07/01/2020,06/30/2023
SAMPLE HOSPITAL 405,100404,CO,READM-30-PN-HRRP,102,,1.0503,0.1793,0.1707,18,07/01/2020,06/30/2023
SAMPLE HOSPITAL 406,100405,NJ,READM-30-PN-HRRP,260,,0.9572,0.1463,0.1528,38,07/01/2020,06/30/2023
SAMPLE HOSPITAL 406,100405,NJ,READM-30-COPD-HRRP,79,,0.8105,0.1622,0.2001,13,07/01/2020,06/30/2023
SAMPLE HOSPITAL 406,100405,NJ,READM-30-CABG-HRRP,233,,0.9761,0.166,0.1701,39,07/01/2020,06/30/2023
SAMPLE HOSPITAL 406,100405,NJ,READM-30-HF-HRRP,55,,0.9622,0.2078,0.216,11,07/01/2020,06/30/2023
SAMPLE HOSPITAL 407,100406,VT,READM-30-PN-HRRP,178,,0.9755,0.1859,0.1906,33,07/01/2020,06/30/2023
SAMPLE HOSPITAL 407,100406,VT,READM-30-AMI-HRRP,271,,0.9479,0.2271,0.2396,62,07/01/2020,06/30/2023
SAMPLE HOSPITAL 407,100406,VT,READM-30-COPD-HRRP,352,,0.9149,0.2088,0.2282,73,07/01/2020,06/30/2023
SAMPLE HOSPITAL 407,100406,VT,READM-30-HF-HRRP,361,,0.9568,0.147,0.1536,53,07/01/2020,06/30/2023
SAMPLE HOSPITAL 407,100406,VT,READM-30-HIP-KNEE-HRRP,347,,1.0178,0.143,0.1405,50,07/01/2020,06/30/2023
SAMPLE HOSPITAL 408,100407,NM,READM-30-AMI-HRRP,313,,1.0641,0.175,0.1645,55,07/01/2020,06/30/2023
SAMPLE HOSPITAL 408,100407,NM,READM-30-COPD-HRRP,Too Few to Report,1,Too Few to Report,,,,07/01/2020,06/30/2023
SAMPLE HOSPITAL 408,100407,NM,READM-30-HF-HRRP,325,,1.0019,0.1797,0.1794,58,07/01/2020,06/30/2023
SAMPLE HOSPITAL 408,100407,NM,READM-30-PN-HRRP,206,,1.0926,0.2776,0.2541,57,07/01/2020,06/30/2023
SAMPLE HOSPITAL 408,100407,NM,READM-30-CABG-HRRP,226,,0.9751,0.2142,0.2197,48,07/01/2020,06/30/2023
SAMPLE HOSPITAL 408,100407,NM,READM-30-HIP-KNEE-HRRP,45,,1.1047,0.1595,0.1444,7,07/01/2020,06/30/2023
SAMPLE HOSPITAL 409,100408,VT,READM-30-COPD-HRRP,61,,0.841,0.1547,0.1839,9,07/01/2020,06/30/2023
SAMPLE HOSPITAL 409,100408,VT,READM-30-PN-HRRP,106,,1.0685,0.1466,0.1372,16,07/01/2020,06/30/2023
SAMPLE HOSPITAL 409,100408,VT,READM-30-CABG-HRRP,365,,1.0243,0.2291,0.2237,84,07/01/2020,06/30/2023
SAMPLE HOSPITAL 409,100408,VT,READM-30-AMI-HRRP,363,,0.891,0.1148,0.1288,42,07/01/2020,06/30/2023
SAMPLE HOSPITAL 410,100409,MA,READM-30-HIP-KNEE-HRRP,358,,0.9833,0.1728,0.1757,62,07/01/2020,06/30/2023
SAMPLE HOSPITAL 410,100409,MA,READM-30-HF-HRRP,101,,1.022,0.2294,0.2245,23,07/01/2020,06/30/2023
SAMPLE HOSPITAL 410,100409,MA,READM-30-AMI-HRRP,347,,1.0205,0.2004,0.1964,70,07/01/2020,06/30/2023
SAMPLE HOSPITAL 411,100410,IN,READM-30-PN-HRRP,72,,1.1144,0.1533,0.1376,11,07/01/2020,06/30/2023
SAMPLE HOSPITAL 411,100410,IN,READM-30-HIP-KNEE-HRRP,176,,1.017,0.2488,0.2446,44,07/01/2020,06/30/2023
SAMPLE HOSPITAL 411,100410,IN,READM-30-HF-HRRP,209,,1.0969,0.1918,0.1749,40,07/01/2020,06/30/2023
SAMPLE HOSPITAL 411,100410,IN,READM-30-COPD-HRRP,142,,1.0255,0.1975,0.1926,28,07/01/2020,06/30/2023
SAMPLE HOSPITAL 411,100410,IN,READM-30-AMI-HRRP,221,,1.0728,0.1844,0.1719,41,07/01/2020,06/30/2023
SAMPLE HOSPITAL 411,100410,IN,READM-30-CABG-HRRP,311,,1.0822,0.2448,0.2262,76,07/01/2020,06/30/2023
SAMPLE HOSPITAL 412,100411,SC,READM-30-PN-HRRP,139,,1.0503,0.1769,0.1684,25,07/01/2020,06/30/2023
SAMPLE HOSPITAL 412,100411,SC,READM-30-HF-HRRP,302,,0.8897,0.1483,0.1667,45,07/01/2020,06/30/2023
SAMPLE HOSPITAL 412,100411,SC,READM-30-COPD-HRRP,122,,1.1087,0.137,0.1236,17,07/01/2020,06/30/2023
SAMPLE HOSPITAL 412,100411,SC,READM-30-CABG-HRRP,149,,1.0312,0.2645,0.2565,39,07/01/2020,06/30/2023
SAMPLE HOSPITAL 413,100412,MT,READM-30-AMI-HRRP,438,,0.9832,0.173,0.176,76,07/01/2020,06/30/2023
SAMPLE HOSPITAL 413,100412,MT,READM-30-HF-HRRP,111,,1.0213,0.2638,0.2583,29,07/01/2020,06/30/2023
SAMPLE HOSPITAL 413,100412,MT,READM-30-HIP-KNEE-HRRP,49,,0.9743,0.1408,0.1445,7,07/01/2020,06/30/2023
SAMPLE HOSPITAL 413,100412,MT,READM-30-CABG-HRRP,316,,0.8856,0.2017,0.2277,64,07/01/2020,06/30/2023
SAMPLE HOSPITAL 414,100413,UT,READM-30-COPD-HRRP,383,,0.9758,0.1827,0.1872,70,07/01/2020,06/30/2023
SAMPLE HOSPITAL 414,100413,UT,READM-30-CABG-HRRP,114,,1.0585,0.2346,0.2216,27,07/01/2020,06/30/2023
SAMPLE HOSPITAL 414,100413,UT,READM-30-HIP-KNEE-HRRP,141,,1.0898,0.2531,0.2322,36,07/01/2020,06/30/2023
SAMPLE HOSPITAL 415,100414,SC,READM-30-COPD-HRRP,262,,1.0275,0.2389,0.2325,63,07/01/2020,06/30/2023
SAMPLE HOSPITAL 415,100414,SC,READM-30-HIP-KNEE-HRRP,662,,0.9375,0.2243,0.2392,148,07/01/2020,06/30/2023
SAMPLE HOSPITAL 415,100414,SC,READM-30-CABG-HRRP,71,,1.02,0.2251,0.2207,16,07/01/2020,06/30/2023
SAMPLE HOSPITAL 415,100414,SC,READM-30-HF-HRRP,631,,1.0602,0.2654,0.2503,167,07/01/2020,06/30/2023
SAMPLE HOSPITAL 416,100415,LA,READM-30-HF-HRRP,237,,1.0783,0.1863,0.1728,44,07/01/2020,06/30/2023
SAMPLE HOSPITAL 416,100415,LA,READM-30-PN-HRRP,79,,1.0851,0.1438,0.1325,11,07/01/2020,06/30/2023
SAMPLE HOSPITAL 416,100415,LA,READM-30-CABG-HRRP,362,,0.9429,0.1478,0.1568,54,07/01/2020,06/30/2023
SAMPLE HOSPITAL 416,100415,LA,READM-30-AMI-HRRP,28,,1.0059,0.2055,0.2043,6,07/01/2020,06/30/2023
SAMPLE HOSPITAL 417,100416,NM,READM-30-CABG-HRRP,193,,0.9696,0.1998,0.2061,39,07/01/2020,06/30/2023
SAMPLE HOSPITAL 417,100416,NM,READM-30-HF-HRRP,25,,1.1054,0.2745,0.2483,7,07/01/2020,06/30/2023
SAMPLE HOSPITAL 417,100416,NM,READM-30-AMI-HRRP,279,,0.962,0.1625,0.1689,45,07/01/2020,06/30/2023
SAMPLE HOSPITAL 417,100416,NM,READM-30-COPD-HRRP,41,,0.9849,0.2529,0.2568,10,07/01/2020,06/30/2023
SAMPLE HOSPITAL 417,100416,NM,READM-30-PN-HRRP,269,,0.8875,0.1112,0.1253,30,07/01/2020,06/30/2023
SAMPLE HOSPITAL 417,100416,NM,READM-30-HIP-KNEE-HRRP,2038,,1.1444,0.2466,0.2155,503,07/01/2020,06/30/2023
SAMPLE HOSPITAL 418,100417,MD,READM-30-PN-HRRP,39,,0.9999,0.1891,0.1891,7,07/01/2020,06/30/2023
SAMPLE HOSPITAL 418,100417,MD,READM-30-CABG-HRRP,107,,1.0161,0.2622,0.258,28,07/01/2020,06/30/2023
SAMPLE HOSPITAL 418,100417,MD,READM-30-AMI-HRRP,105,,0.9733,0.2028,0.2084,21,07/01/2020,06/30/2023
SAMPLE HOSPITAL 418,100417,MD,READM-30-HIP-KNEE-HRRP,343,,0.9044,0.1686,0.1864,58,07/01/2020,06/30/2023
SAMPLE HOSPITAL 418,100417,MD,READM-30-COPD-HRRP,272,,0.9461,0.1637,0.173,45,07/01/2020,06/30/2023
SAMPLE HOSPITAL 419,100418,OK,READM-30-CABG-HRRP,148,,0.9573,0.2086,0.2179,31,07/01/2020,06/30/2023
SAMPLE HOSPITAL 419,100418,OK,READM-30-AMI-HRRP,78,,0.9488,0.2183,0.2301,17,07/01/2020,06/30/2023
SAMPLE HOSPITAL 419,100418,OK,READM-30-HF-HRRP,128,,0.9684,0.1655,0.1709,21,07/01/2020,06/30/2023
SAMPLE HOSPITAL 420,100419,WY,READM-30-HIP-KNEE-HRRP,207,,1.0905,0.1486,0.1363,31,07/01/2020,06/30/2023
SAMPLE HOSPITAL 420,100419,WY,READM-30-COPD-HRRP,100,,0.9004,0.1117,0.1241,11,07/01/2020,06/30/2023
SAMPLE HOSPITAL 420,100419,WY,READM-30-PN-HRRP,Too Few to Report,1,Too Few to Report,,,,07/01/2020,06/30/2023
SAMPLE HOSPITAL 420,100419,WY,READM-30-AMI-HRRP,118,,0.8921,0.1286,0.1442,15,07/01/2020,06/30/2023
SAMPLE HOSPITAL 421,100420,SD,READM-30-HIP-KNEE-HRRP,54,,0.9012,0.1489,0.1652,8,07/01/2020,06/30/2023
SAMPLE HOSPITAL 421,100420,SD,READM-30-CABG-HRRP,104,,0.96,0.1371,0.1428,14,07/01/2020,06/30/2023
SAMPLE HOSPITAL 421,100420,SD,READM-30-AMI-HRRP,Too Few to Report,1,Too Few to Report,,,,07/01/2020,06/30/2023
SAMPLE HOSPITAL 421,100420,SD,READM-30-HF-HRRP,968,,0.8883,0.2252,0.2535,218,07/01/2020,06/30/2023
SAMPLE HOSPITAL 421,100420,SD,READM-30-COPD-HRRP,127,,1.0222,0.2143,0.2096,27,07/01/2020,06/30/2023
SAMPLE HOSPITAL 422,100421,MA,READM-30-COPD-HRRP,287,,0.9155,0.1737,0.1897,50,07/01/2020,06/30/2023
SAMPLE HOSPITAL 422,100421,MA,READM-30-HF-HRRP,391,,1.0594,0.2277,0.2149,89,07/01/2020,06/30/2023
SAMPLE HOSPITAL 422,100421,MA,READM-30-AMI-HRRP,143,,0.8839,0.1898,0.2147,27,07/01/2020,06/30/2023
SAMPLE HOSPITAL 422,100421,MA,READM-30-HIP-KNEE-HRRP,433,,0.992,0.2406,0.2425,104,07/01/2020,06/30/2023
SAMPLE HOSPITAL 423,100422,NE,READM-30-COPD-HRRP,330,,1.0605,0.2442,0.2303,81,07/01/2020,06/30/2023
SAMPLE HOSPITAL 423,100422,NE,READM-30-HF-HRRP,384,,1.0769,0.2067,0.1919,79,07/01/2020,06/30/2023
SAMPLE HOSPITAL 423,100422,NE,READM-30-HIP-KNEE-HRRP,35,,1.0137,0.1896,0.187,7,07/01/2020,06/30/2023
SAMPLE HOSPITAL 424,100423,HI,READM-30-PN-HRRP,77,,0.9684,0.191,0.1972,15,07/01/2020,06/30/2023
SAMPLE HOSPITAL 424,100423,HI,READM-30-HIP-KNEE-HRRP,220,,0.9452,0.1406,0.1487,31,07/01/2020,06/30/2023
SAMPLE HOSPITAL 424,100423,HI,READM-30-HF-HRRP,73,,0.9058,0.1668,0.1842,12,07/01/2020,06/30/2023
SAMPLE HOSPITAL 424,100423,HI,READM-30-AMI-HRRP,271,,0.9724,0.1974,0.203,53,07/01/2020,06/30/2023
SAMPLE HOSPITAL 425,100424,MD,READM-30-COPD-HRRP,257,,1.0241,0.2489,0.243,64,07/01/2020,06/30/2023
SAMPLE HOSPITAL 425,100424,MD,READM-30-AMI-HRRP,187,,1.0074,0.2408,0.239,45,07/01/2020,06/30/2023
SAMPLE HOSPITAL 425,100424,MD,READM-30-HIP-KNEE-HRRP,96,,0.9828,0.2452,0.2495,24,07/01/2020,06/30/2023
SAMPLE HOSPITAL 426,100425,MA,READM-30-HIP-KNEE-HRRP,252,,0.9796,0.196,0.2001,49,07/01/2020,06/30/2023
SAMPLE HOSPITAL 426,100425,MA,READM-30-CABG-HRRP,156,,1.0409,0.1397,0.1342,22,07/01/2020,06/30/2023
SAMPLE HOSPITAL 426,100425,MA,READM-30-COPD-HRRP,1145,,1.0749,0.1382,0.1286,158,07/01/2020,06/30/2023
SAMPLE HOSPITAL 427,100426,SD,READM-30-CABG-HRRP,91,,0.9739,0.1517,0.1558,14,07/01/2020,06/30/2023
SAMPLE HOSPITAL 427,100426,SD,READM-30-HF-HRRP,179,,1.0802,0.1762,0.1631,32,07/01/2020,06/30/2023
SAMPLE HOSPITAL 427,100426,SD,READM-30-HIP-KNEE-HRRP,145,,1.0644,0.2406,0.226,35,07/01/2020,06/30/2023
SAMPLE HOSPITAL 428,100427,CO,READM-30-AMI-HRRP,245,,1.0025,0.1311,0.1308,32,07/01/2020,06/30/2023
SAMPLE HOSPITAL 428,100427,CO,READM-30-HF-HRRP,94,,0.9731,0.2499,0.2568,23,07/01/2020,06/30/2023
SAMPLE HOSPITAL 428,100427,CO,READM-30-HIP-KNEE-HRRP,50,,0.939,0.2417,0.2574,12,07/01/2020,06/30/2023
SAMPLE HOSPITAL 428,100427,CO,READM-30-CABG-HRRP,249,,0.9623,0.1781,0.1851,44,07/01/2020,06/30/2023
SAMPLE HOSPITAL 428,100427,CO,READM-30-COPD-HRRP,109,,0.9751,0.2514,0.2578,27,07/01/2020,06/30/2023
SAMPLE HOSPITAL 428,100427,CO,READM-30-PN-HRRP,141,,0.8842,0.1424,0.1611,20,07/01/2020,06/30/2023
SAMPLE HOSPITAL 429,100428,ME,READM-30-COPD-HRRP,306,,1.0123,0.2606,0.2574,80,07/01/2020,06/30/2023
SAMPLE HOSPITAL 429,100428,ME,READM-30-PN-HRRP,904,,1.0163,0.1239,0.1219,112,07/01/2020,06/30/2023
SAMPLE HOSPITAL 429,100428,ME,READM-30-HF-HRRP,317,,0.931,0.2068,0.2221,66,07/01/2020,06/30/2023
SAMPLE HOSPITAL 429,100428,ME,READM-30-AMI-HRRP,85,,0.9428,0.1222,0.1296,10,07/01/2020,06/30/2023
SAMPLE HOSPITAL 429,100428,ME,READM-30-HIP-KNEE-HRRP,202,,0.9966,0.1446,0.1451,29,07/01/2020,06/30/2023
SAMPLE HOSPITAL 430,100429,OK,READM-30-HIP-KNEE-HRRP,91,,1.0657,0.2658,0.2494,24,07/01/2020,06/30/2023
SAMPLE HOSPITAL 430,100429,OK,READM-30-CABG-HRRP,146,,1.0625,0.196,0.1845,29,07/01/2020,06/30/2023
SAMPLE HOSPITAL 430,100429,OK,READM-30-PN-HRRP,578,,0.9941,0.2358,0.2372,136,07/01/2020,06/30/2023
SAMPLE HOSPITAL 431,100430,IA,READM-30-COPD-HRRP,72,,0.897,0.1538,0.1715,11,07/01/2020,06/30/2023
SAMPLE HOSPITAL 431,100430,IA,READM-30-HIP-KNEE-HRRP,233,,1.1256,0.2339,0.2078,54,07/01/2020,06/30/2023
SAMPLE HOSPITAL 431,100430,IA,READM-30-CABG-HRRP,64,,1.064,0.1991,0.1871,13,07/01/2020,06/30/2023
SAMPLE HOSPITAL 432,100431,NE,READM-30-CABG-HRRP,301,,1.0763,0.1984,0.1843,60,07/01/2020,06/30/2023
SAMPLE HOSPITAL 432,100431,NE,READM-30-HIP-KNEE-HRRP,86,,1.0636,0.2347,0.2207,20,07/01/2020,06/30/2023
SAMPLE HOSPITAL 432,100431,NE,READM-30-AMI-HRRP,81,,1.0493,0.1752,0.167,14,07/01/2020,06/30/2023
SAMPLE HOSPITAL 432,100431,NE,READM-30-COPD-HRRP,170,,1.0403,0.1672,0.1607,28,07/01/2020,06/30/2023
SAMPLE HOSPITAL 433,100432,IL,READM-30-HF-HRRP,413,,0.9827,0.1269,0.1291,52,07/01/2020,06/30/2023
SAMPLE HOSPITAL 433,100432,IL,READM-30-COPD-HRRP,97,,0.9696,0.1277,0.1317,12,07/01/2020,06/30/2023
SAMPLE HOSPITAL 433,100432,IL,READM-30-HIP-KNEE-HRRP,61,,1.0349,0.1969,0.1903,12,07/01/2020,06/30/2023
SAMPLE HOSPITAL 433,100432,IL,READM-30-AMI-HRRP,407,,1.0137,0.1405,0.1386,57,07/01/2020,06/30/2023
SAMPLE HOSPITAL 433,100432,IL,READM-30-CABG-HRRP,170,,0.9684,0.2439,0.2519,41,07/01/2020,06/30/2023
SAMPLE HOSPITAL 433,100432,IL,READM-30-PN-HRRP,103,,0.9239,0.1901,0.2058,20,07/01/2020,06/30/2023
SAMPLE HOSPITAL 434,100433,MI,READM-30-HIP-KNEE-HRRP,79,,0.943,0.1152,0.1222,9,07/01/2020,06/30/2023
SAMPLE HOSPITAL 434,100433,MI,READM-30-HF-HRRP,157,,0.9829,0.1801,0.1832,28,07/01/2020,06/30/2023
SAMPLE HOSPITAL 434,100433,MI,READM-30-COPD-HRRP,520,,1.0848,0.159,0.1466,83,07/01/2020,06/30/2023
SAMPLE HOSPITAL 434,100433,MI,READM-30-CABG-HRRP,221,,1.0648,0.2635,0.2475,58,07/01/2020,06/30/2023
SAMPLE HOSPITAL 434,100433,MI,READM-30-PN-HRRP,232,,0.9819,0.161,0.164,37,07/01/2020,06/30/2023
SAMPLE HOSPITAL 434,100433,MI,READM-30-AMI-HRRP,552,,0.9829,0.131,0.1333,72,07/01/2020,06/30/2023
SAMPLE HOSPITAL 435,100434,WY,READM-30-PN-HRRP,26,,0.9641,0.2415,0.2505,6,07/01/2020,06/30/2023
SAMPLE HOSPITAL 435,100434,WY,READM-30-AMI-HRRP,285,,0.9811,0.2227,0.227,63,07/01/2020,06/30/2023
SAMPLE HOSPITAL 435,100434,WY,READM-30-COPD-HRRP,72,,0.9556,0.1431,0.1497,10,07/01/2020,06/30/2023
SAMPLE HOSPITAL 435,100434,WY,READM-30-CABG-HRRP,479,,0.9613,0.1567,0.163,75,07/01/2020,06/30/2023
SAMPLE HOSPITAL 436,100435,MO,READM-30-CABG-HRRP,254,,0.9401,0.2073,0.2205,53,07/01/2020,06/30/2023
SAMPLE HOSPITAL 436,100435,MO,READM-30-PN-HRRP,136,,1.0287,0.2019,0.1963,27,07/01/2020,06/30/2023
SAMPLE HOSPITAL 436,100435,MO,READM-30-AMI-HRRP,164,,1.021,0.1311,0.1284,22,07/01/2020,06/30/2023
SAMPLE HOSPITAL 436,100435,MO,READM-30-HF-HRRP,106,,0.8996,0.1729,0.1922,18,07/01/2020,06/30/2023
SAMPLE HOSPITAL 436,100435,MO,READM-30-HIP-KNEE-HRRP,51,,0.872,0.1205,0.1382,6,07/01/2020,06/30/2023
SAMPLE HOSPITAL 436,100435,MO,READM-30-COPD-HRRP,151,,1.0137,0.1939,0.1913,29,07/01/2020,06/30/2023
SAMPLE HOSPITAL 437,100436,HI,READM-30-HIP-KNEE-HRRP,444,,0.9357,0.1845,0.1972,82,07/01/2020,06/30/2023
SAMPLE HOSPITAL 437,100436,HI,READM-30-PN-HRRP,142,,0.9545,0.2072,0.2171,29,07/01/2020,06/30/2023
SAMPLE HOSPITAL 437,100436,HI,READM-30-HF-HRRP,223,,0.9322,0.2391,0.2565,53,07/01/2020,06/30/2023
SAMPLE HOSPITAL 437,100436,HI,READM-30-CABG-HRRP,561,,0.9489,0.1219,0.1285,68,07/01/2020,06/30/2023
SAMPLE HOSPITAL 437,100436,HI,READM-30-AMI-HRRP,1424,,0.9458,0.2159,0.2283,307,07/01/2020,06/30/2023
SAMPLE HOSPITAL 438,100437,DE,READM-30-HF-HRRP,223,,0.8518,0.1364,0.1601,30,07/01/2020,06/30/2023
SAMPLE HOSPITAL 438,100437,DE,READM-30-COPD-HRRP,200,,1.0637,0.2763,0.2598,55,07/01/2020,06/30/2023
SAMPLE HOSPITAL 438,100437,DE,READM-30-CABG-HRRP,168,,0.907,0.1757,0.1937,30,07/01/2020,06/30/2023
SAMPLE HOSPITAL 438,100437,DE,READM-30-AMI-HRRP,670,,0.9584,0.2015,0.2102,135,07/01/2020,06/30/2023
SAMPLE HOSPITAL 438,100437,DE,READM-30-HIP-KNEE-HRRP,102,,0.9528,0.244,0.2561,25,07/01/2020,06/30/2023
SAMPLE HOSPITAL 439,100438,VT,READM-30-COPD-HRRP,333,,1.031,0.2162,0.2097,72,07/01/2020,06/30/2023
SAMPLE HOSPITAL 439,100438,VT,READM-30-HF-HRRP,63,,0.9475,0.2224,0.2347,14,07/01/2020,06/30/2023
SAMPLE HOSPITAL 439,100438,VT,READM-30-PN-HRRP,337,,1.0139,0.2306,0.2274,78,07/01/2020,06/30/2023
SAMPLE HOSPITAL 439,100438,VT,READM-30-AMI-HRRP,247,,0.909,0.2118,0.233,52,07/01/2020,06/30/2023
SAMPLE HOSPITAL 439,100438,VT,READM-30-HIP-KNEE-HRRP,431,,0.9955,0.2197,0.2207,95,07/01/2020,06/30/2023
SAMPLE HOSPITAL 440,100439,AR,READM-30-PN-HRRP,42,,1.118,0.1505,0.1346,6,07/01/2020,06/30/2023
SAMPLE HOSPITAL 440,100439,AR,READM-30-AMI-HRRP,56,,1.0922,0.221,0.2023,12,07/01/2020,06/30/2023
SAMPLE HOSPITAL 440,100439,AR,READM-30-COPD-HRRP,86,,0.969,0.177,0.1827,15,07/01/2020,06/30/2023
SAMPLE HOSPITAL 440,100439,AR,READM-30-HIP-KNEE-HRRP,68,,0.9684,0.2403,0.2481,16,07/01/2020,06/30/2023
SAMPLE HOSPITAL 440,100439,AR,READM-30-HF-HRRP,57,,0.9713,0.1602,0.1649,9,07/01/2020,06/30/2023
SAMPLE HOSPITAL 440,100439,AR,READM-30-CABG-HRRP,541,,0.9665,0.2395,0.2478,130,07/01/2020,06/30/2023
SAMPLE HOSPITAL 441,100440,WA,READM-30-HF-HRRP,81,,1.0597,0.2118,0.1999,17,07/01/2020,06/30/2023
SAMPLE HOSPITAL 441,100440,WA,READM-30-PN-HRRP,76,,1.0109,0.2564,0.2536,19,07/01/2020,06/30/2023
SAMPLE HOSPITAL 441,100440,WA,READM-30-COPD-HRRP,96,,1.0689,0.2705,0.2531,26,07/01/2020,06/30/2023
SAMPLE HOSPITAL 441,100440,WA,READM-30-AMI-HRRP,156,,1.0278,0.1313,0.1277,20,07/01/2020,06/30/2023
SAMPLE HOSPITAL 441,100440,WA,READM-30-CABG-HRRP,112,,1.0678,0.1864,0.1746,21,07/01/2020,06/30/2023
SAMPLE HOSPITAL 442,100441,OH,READM-30-HF-HRRP,113,,1.0269,0.22,0.2142,25,07/01/2020,06/30/2023
SAMPLE HOSPITAL 442,100441,OH,READM-30-AMI-HRRP,338,,0.93,0.1987,0.2137,67,07/01/2020,06/30/2023
SAMPLE HOSPITAL 442,100441,OH,READM-30-COPD-HRRP,69,,0.9627,0.1938,0.2013,13,07/01/2020,06/30/2023
SAMPLE HOSPITAL 442,100441,OH,READM-30-PN-HRRP,120,,0.9694,0.2242,0.2313,27,07/01/2020,06/30/2023
SAMPLE HOSPITAL 443,100442,ND,READM-30-AMI-HRRP,155,,0.9002,0.1154,0.1282,18,07/01/2020,06/30/2023
SAMPLE HOSPITAL 443,100442,ND,READM-30-CABG-HRRP,305,,1.0332,0.1765,0.1708,54,07/01/2020,06/30/2023
SAMPLE HOSPITAL 443,100442,ND,READM-30-PN-HRRP,1083,,0.9987,0.1639,0.1641,178,07/01/2020,06/30/2023
SAMPLE HOSPITAL 443,100442,ND,READM-30-HF-HRRP,244,,1.0412,0.1844,0.1771,45,07/01/2020,06/30/2023
SAMPLE HOSPITAL 444,100443,AK,READM-30-CABG-HRRP,68,,0.8783,0.1111,0.1265,8,07/01/2020,06/30/2023
SAMPLE HOSPITAL 444,100443,AK,READM-30-PN-HRRP,126,,0.9447,0.1738,0.184,22,07/01/2020,06/30/2023
SAMPLE HOSPITAL 444,100443,AK,READM-30-COPD-HRRP,55,,0.8725,0.1357,0.1555,7,07/01/2020,06/30/2023
SAMPLE HOSPITAL 444,100443,AK,READM-30-AMI-HRRP,947,,0.9647,0.1417,0.1469,134,07/01/2020,06/30/2023
SAMPLE HOSPITAL 444,100443,AK,READM-30-HIP-KNEE-HRRP,Too Few to Report,1,Too Few to Report,,,,07/01/2020,06/30/2023
SAMPLE HOSPITAL 445,100444,ND,READM-30-CABG-HRRP,175,,1.0347,0.2526,0.2441,44,07/01/2020,06/30/2023
SAMPLE HOSPITAL 445,100444,ND,READM-30-PN-HRRP,349,,0.8257,0.2038,0.2468,71,07/01/2020,06/30/2023
SAMPLE HOSPITAL 445,100444,ND,READM-30-AMI-HRRP,419,,0.9448,0.129,0.1365,54,07/01/2020,06/30/2023
SAMPLE HOSPITAL 445,100444,ND,READM-30-HIP-KNEE-HRRP,77,,0.9516,0.2387,0.2508,18,07/01/2020,06/30/2023
SAMPLE HOSPITAL 446,100445,AZ,READM-30-HF-HRRP,74,,0.9738,0.1229,0.1262,9,07/01/2020,06/30/2023
SAMPLE HOSPITAL 446,100445,AZ,READM-30-CABG-HRRP,90,,1.0898,0.2268,0.2081,20,07/01/2020,06/30/2023
SAMPLE HOSPITAL 446,100445,AZ,READM-30-HIP-KNEE-HRRP,80,,1.0204,0.2095,0.2053,17,07/01/2020,06/30/2023
SAMPLE HOSPITAL 446,100445,AZ,READM-30-PN-HRRP,206,,0.9988,0.2506,0.2509,52,07/01/2020,06/30/2023
SAMPLE HOSPITAL 447,100446,AL,READM-30-PN-HRRP,316,,1.0018,0.1638,0.1635,52,07/01/2020,06/30/2023
SAMPLE HOSPITAL 447,100446,AL,READM-30-AMI-HRRP,169,,0.931,0.119,0.1278,20,07/01/2020,06/30/2023
SAMPLE HOSPITAL 447,100446,AL,READM-30-HIP-KNEE-HRRP,241,,0.9078,0.158,0.174,38,07/01/2020,06/30/2023
SAMPLE HOSPITAL 447,100446,AL,READM-30-COPD-HRRP,1479,,0.9395,0.1223,0.1302,181,07/01/2020,06/30/2023
SAMPLE HOSPITAL 448,100447,MS,READM-30-CABG-HRRP,83,,1.0889,0.1374,0.1262,11,07/01/2020,06/30/2023
SAMPLE HOSPITAL 448,100447,MS,READM-30-PN-HRRP,320,,0.9911,0.2047,0.2065,66,07/01/2020,06/30/2023
SAMPLE HOSPITAL 448,100447,MS,READM-30-COPD-HRRP,31,,1.0097,0.1258,0.1246,4,07/01/2020,06/30/2023
SAMPLE HOSPITAL 448,100447,MS,READM-30-HF-HRRP,59,,1.0265,0.1574,0.1533,9,07/01/2020,06/30/2023
SAMPLE HOSPITAL 449,100448,WA,READM-30-HF-HRRP,470,,0.8858,0.117,0.1321,55,07/01/2020,06/30/2023
SAMPLE HOSPITAL 449,100448,WA,READM-30-COPD-HRRP,207,,0.9145,0.2035,0.2225,42,07/01/2020,06/30/2023
SAMPLE HOSPITAL 449,100448,WA,READM-30-PN-HRRP,98,,1.0539,0.1861,0.1766,18,07/01/2020,06/30/2023
SAMPLE HOSPITAL 449,100448,WA,READM-30-CABG-HRRP,357,,1.0591,0.177,0.1671,63,07/01/2020,06/30/2023
SAMPLE HOSPITAL 449,100448,WA,READM-30-HIP-KNEE-HRRP,52,,1.0298,0.1483,0.144,8,07/01/2020,06/30/2023
SAMPLE HOSPITAL 449,100448,WA,READM-30-AMI-HRRP,127,,0.9441,0.1518,0.1608,19,07/01/2020,06/30/2023
SAMPLE HOSPITAL 450,100449,WV,READM-30-HF-HRRP,107,,0.9877,0.1949,0.1973,21,07/01/2020,06/30/2023
SAMPLE HOSPITAL 450,100449,WV,READM-30-HIP-KNEE-HRRP,27,,1.0761,0.203,0.1886,5,07/01/2020,06/30/2023
SAMPLE HOSPITAL 450,100449,WV,READM-30-CABG-HRRP,124,,1.0053,0.1432,0.1424,18,07/01/2020,06/30/2023
SAMPLE HOSPITAL 450,100449,WV,READM-30-PN-HRRP,116,,1.0862,0.2636,0.2427,31,07/01/2020,06/30/2023
SAMPLE HOSPITAL 451,100450,TX,READM-30-PN-HRRP,196,,0.8668,0.2014,0.2324,39,07/01/2020,06/30/2023
SAMPLE HOSPITAL 451,100450,TX,READM-30-AMI-HRRP,171,,1.0338,0.2446,0.2366,42,07/01/2020,06/30/2023
SAMPLE HOSPITAL 451,100450,TX,READM-30-HIP-KNEE-HRRP,401,,0.9928,0.1768,0.1781,71,07/01/2020,06/30/2023
SAMPLE HOSPITAL 451,100450,TX,READM-30-COPD-HRRP,120,,1.1592,0.2172,0.1874,26,07/01/2020,06/30/2023
SAMPLE HOSPITAL 451,100450,TX,READM-30-CABG-HRRP,133,,1.0378,0.1319,0.1271,18,07/01/2020,06/30/2023
SAMPLE HOSPITAL 451,100450,TX,READM-30-HF-HRRP,174,,0.9478,0.2012,0.2123,35,07/01/2020,06/30/2023
SAMPLE HOSPITAL 452,100451,NE,READM-30-COPD-HRRP,275,,0.9364,0.1432,0.1529,39,07/01/2020,06/30/2023
SAMPLE HOSPITAL 452,100451,NE,READM-30-PN-HRRP,Too Few to Report,1,Too Few to Report,,,,07/01/2020,06/30/2023
SAMPLE HOSPITAL 452,100451,NE,READM-30-AMI-HRRP,57,,1.0121,0.1851,0.1829,11,07/01/2020,06/30/2023
SAMPLE HOSPITAL 453,100452,NH,READM-30-PN-HRRP,100,,1.0944,0.1938,0.1771,19,07/01/2020,06/30/2023
SAMPLE HOSPITAL 453,100452,NH,READM-30-CABG-HRRP,363,,1.0143,0.1586,0.1564,58,07/01/2020,06/30/2023
SAMPLE HOSPITAL 453,100452,NH,READM-30-HF-HRRP,180,,1.1049,0.268,0.2426,48,07/01/2020,06/30/2023
SAMPLE HOSPITAL 453,100452,NH,READM-30-COPD-HRRP,340,,1.0378,0.2307,0.2223,78,07/01/2020,06/30/2023
SAMPLE HOSPITAL 454,100453,CT,READM-30-HF-HRRP,145,,0.8742,0.1679,0.1921,24,07/01/2020,06/30/2023
SAMPLE HOSPITAL 454,100453,CT,READM-30-COPD-HRRP,565,,0.9761,0.2033,0.2083,115,07/01/2020,06/30/2023
SAMPLE HOSPITAL 454,100453,CT,READM-30-AMI-HRRP,235,,1.0746,0.2492,0.2319,59,07/01/2020,06/30/2023
SAMPLE HOSPITAL 454,100453,CT,READM-30-CABG-HRRP,219,,1.0094,0.1538,0.1524,34,07/01/2020,06/30/2023
SAMPLE HOSPITAL 455,100454,WA,READM-30-PN-HRRP,134,,1.1105,0.2084,0.1877,28,07/01/2020,06/30/2023
SAMPLE HOSPITAL 455,100454,WA,READM-30-HF-HRRP,217,,0.9198,0.1991,0.2165,43,07/01/2020,06/30/2023
SAMPLE HOSPITAL 455,100454,WA,READM-30-COPD-HRRP,340,,1.0344,0.151,0.146,51,07/01/2020,06/30/2023
SAMPLE HOSPITAL 455,100454,WA,READM-30-CABG-HRRP,52,,0.9331,0.1365,0.1463,7,07/01/2020,06/30/2023
SAMPLE HOSPITAL 456,100455,RI,READM-30-CABG-HRRP,75,,1.0851,0.2804,0.2584,21,07/01/2020,06/30/2023
SAMPLE HOSPITAL 456,100455,RI,READM-30-PN-HRRP,384,,0.9744,0.2478,0.2543,95,07/01/2020,06/30/2023
SAMPLE HOSPITAL 456,100455,RI,READM-30-COPD-HRRP,385,,0.9992,0.2011,0.2013,77,07/01/2020,06/30/2023
SAMPLE HOSPITAL 456,100455,RI,READM-30-HF-HRRP,120,,1.1496,0.2712,0.2359,33,07/01/2020,06/30/2023
SAMPLE HOSPITAL 457,100456,WY,READM-30-HF-HRRP,604,,0.9727,0.2497,0.2567,151,07/01/2020,06/30/2023
SAMPLE HOSPITAL 457,100456,WY,READM-30-CABG-HRRP,274,,1.0001,0.2563,0.2563,70,07/01/2020,06/30/2023
SAMPLE HOSPITAL 457,100456,WY,READM-30-PN-HRRP,119,,0.9466,0.1208,0.1276,14,07/01/2020,06/30/2023
SAMPLE HOSPITAL 457,100456,WY,READM-30-HIP-KNEE-HRRP,152,,0.9411,0.1799,0.1912,27,07/01/2020,06/30/2023
SAMPLE HOSPITAL 457,100456,WY,READM-30-COPD-HRRP,691,,0.9758,0.2178,0.2232,150,07/01/2020,06/30/2023
SAMPLE HOSPITAL 458,100457,MA,READM-30-HIP-KNEE-HRRP,671,,0.9782,0.1425,0.1457,96,07/01/2020,06/30/2023
SAMPLE HOSPITAL 458,100457,MA,READM-30-COPD-HRRP,95,,1.0058,0.1638,0.1629,16,07/01/2020,06/30/2023
SAMPLE HOSPITAL 458,100457,MA,READM-30-CABG-HRRP,863,,0.9821,0.1576,0.1605,136,07/01/2020,06/30/2023
SAMPLE HOSPITAL 458,100457,MA,READM-30-PN-HRRP,167,,1.0213,0.161,0.1576,27,07/01/2020,06/30/2023
SAMPLE HOSPITAL 458,100457,MA,READM-30-AMI-HRRP,403,,1.0443,0.2498,0.2392,101,07/01/2020,06/30/2023
SAMPLE HOSPITAL 458,100457,MA,READM-30-HF-HRRP,93,,1.0661,0.2021,0.1896,19,07/01/2020,06/30/2023
SAMPLE HOSPITAL 459,100458,WI,READM-30-COPD-HRRP,1017,,1.04,0.2427,0.2334,247,07/01/2020,06/30/2023
SAMPLE HOSPITAL 459,100458,WI,READM-30-HIP-KNEE-HRRP,68,,1.0448,0.2231,0.2135,15,07/01/2020,06/30/2023
SAMPLE HOSPITAL 459,100458,WI,READM-30-HF-HRRP,1116,,1.0243,0.1865,0.1821,208,07/01/2020,06/30/2023
SAMPLE HOSPITAL 459,100458,WI,READM-30-AMI-HRRP,73,,0.9891,0.123,0.1244,9,07/01/2020,06/30/2023
SAMPLE HOSPITAL 459,100458,WI,READM-30-CABG-HRRP,228,,0.9482,0.1411,0.1488,32,07/01/2020,06/30/2023
SAMPLE HOSPITAL 459,100458,WI,READM-30-PN-HRRP,102,,1.0444,0.169,0.1618,17,07/01/2020,06/30/2023
SAMPLE HOSPITAL 460,100459,KY,READM-30-HIP-KNEE-HRRP,111,,1.0644,0.1717,0.1613,19,07/01/2020,06/30/2023
SAMPLE HOSPITAL 460,100459,KY,READM-30-COPD-HRRP,44,,1.1232,0.2862,0.2548,13,07/01/2020,06/30/2023
SAMPLE HOSPITAL 460,100459,KY,READM-30-AMI-HRRP,Too Few to Report,1,Too Few to Report,,,,07/01/2020,06/30/2023
SAMPLE HOSPITAL 460,100459,KY,READM-30-PN-HRRP,88,,1.0138,0.1725,0.1702,15,07/01/2020,06/30/2023
SAMPLE HOSPITAL 461,100460,OK,READM-30-HF-HRRP,1217,,0.9902,0.2144,0.2165,261,07/01/2020,06/30/2023
SAMPLE HOSPITAL 461,100460,OK,READM-30-HIP-KNEE-HRRP,73,,0.9063,0.1906,0.2103,14,07/01/2020,06/30/2023
SAMPLE HOSPITAL 461,100460,OK,READM-30-CABG-HRRP,417,,0.9628,0.2196,0.2281,92,07/01/2020,06/30/2023
SAMPLE HOSPITAL 461,100460,OK,READM-30-PN-HRRP,257,,0.931,0.1718,0.1845,44,07/01/2020,06/30/2023
SAMPLE HOSPITAL 461,100460,OK,READM-30-COPD-HRRP,287,,0.9779,0.248,0.2536,71,07/01/2020,06/30/2023
SAMPLE HOSPITAL 462,100461,MS,READM-30-CABG-HRRP,158,,1.0871,0.1602,0.1474,25,07/01/2020,06/30/2023
SAMPLE HOSPITAL 462,100461,MS,READM-30-HIP-KNEE-HRRP,472,,0.9825,0.2183,0.2222,103,07/01/2020,06/30/2023
SAMPLE HOSPITAL 462,100461,MS,READM-30-AMI-HRRP,132,,1.1489,0.1557,0.1355,21,07/01/2020,06/30/2023
SAMPLE HOSPITAL 463,100462,SC,READM-30-PN-HRRP,379,,0.9397,0.1444,0.1537,55,07/01/2020,06/30/2023
SAMPLE HOSPITAL 463,100462,SC,READM-30-HIP-KNEE-HRRP,168,,1.016,0.2402,0.2364,40,07/01/2020,06/30/2023
SAMPLE HOSPITAL 463,100462,SC,READM-30-COPD-HRRP,148,,0.9079,0.1722,0.1897,25,07/01/2020,06/30/2023
SAMPLE HOSPITAL 463,100462,SC,READM-30-HF-HRRP,1215,,0.983,0.1287,0.1309,156,07/01/2020,06/30/2023
SAMPLE HOSPITAL 464,100463,AL,READM-30-PN-HRRP,927,,1.0294,0.1794,0.1743,166,07/01/2020,06/30/2023
SAMPLE HOSPITAL 464,100463,AL,READM-30-CABG-HRRP,294,,0.9438,0.1318,0.1397,39,07/01/2020,06/30/2023
SAMPLE HOSPITAL 464,100463,AL,READM-30-COPD-HRRP,137,,0.9616,0.1241,0.1291,17,07/01/2020,06/30/2023
SAMPLE HOSPITAL 465,100464,OK,READM-30-HIP-KNEE-HRRP,364,,0.8857,0.2223,0.251,81,07/01/2020,06/30/2023
SAMPLE HOSPITAL 465,100464,OK,READM-30-PN-HRRP,142,,1.0095,0.2574,0.255,37,07/01/2020,06/30/2023
SAMPLE HOSPITAL 465,100464,OK,READM-30-CABG-HRRP,251,,1.0275,0.1715,0.1669,43,07/01/2020,06/30/2023
SAMPLE HOSPITAL 466,100465,KY,READM-30-COPD-HRRP,157,,0.9854,0.1506,0.1528,24,07/01/2020,06/30/2023
SAMPLE HOSPITAL 466,100465,KY,READM-30-PN-HRRP,114,,1.0532,0.1822,0.173,21,07/01/2020,06/30/2023
SAMPLE HOSPITAL 466,100465,KY,READM-30-AMI-HRRP,123,,1.0092,0.1801,0.1785,22,07/01/2020,06/30/2023
SAMPLE HOSPITAL 467,100466,TX,READM-30-CABG-HRRP,101,,1.0073,0.1706,0.1694,17,07/01/2020,06/30/2023
SAMPLE HOSPITAL 467,100466,TX,READM-30-COPD-HRRP,42,,1.0007,0.128,0.1279,5,07/01/2020,06/30/2023
SAMPLE HOSPITAL 467,100466,TX,READM-30-AMI-HRRP,188,,1.0725,0.1566,0.146,29,07/01/2020,06/30/2023
SAMPLE HOSPITAL 468,100467,MO,READM-30-HF-HRRP,176,,1.0894,0.2562,0.2352,45,07/01/2020,06/30/2023
SAMPLE HOSPITAL 468,100467,MO,READM-30-HIP-KNEE-HRRP,215,,0.9521,0.2304,0.242,50,07/01/2020,06/30/2023
SAMPLE HOSPITAL 468,100467,MO,READM-30-PN-HRRP,140,,1.0635,0.1886,0.1773,26,07/01/2020,06/30/2023
SAMPLE HOSPITAL 469,100468,MI,READM-30-CABG-HRRP,536,,0.9511,0.1683,0.177,90,07/01/2020,06/30/2023
SAMPLE HOSPITAL 469,100468,MI,READM-30-PN-HRRP,156,,1.0285,0.195,0.1896,30,07/01/2020,06/30/2023
SAMPLE HOSPITAL 469,100468,MI,READM-30-HF-HRRP,649,,1.0597,0.1779,0.1679,115,07/01/2020,06/30/2023
SAMPLE HOSPITAL 469,100468,MI,READM-30-AMI-HRRP,333,,0.8406,0.1238,0.1473,41,07/01/2020,06/30/2023
SAMPLE HOSPITAL 469,100468,MI,READM-30-HIP-KNEE-HRRP,103,,1.0445,0.2016,0.193,21,07/01/2020,06/30/2023
SAMPLE HOSPITAL 470,100469,AR,READM-30-CABG-HRRP,Too Few to Report,1,Too Few to Report,,,,07/01/2020,06/30/2023
SAMPLE HOSPITAL 470,100469,AR,READM-30-HF-HRRP,334,,1.0442,0.2282,0.2185,76,07/01/2020,06/30/2023
SAMPLE HOSPITAL 470,100469,AR,READM-30-COPD-HRRP,189,,0.9968,0.2007,0.2013,38,07/01/2020,06/30/2023
SAMPLE HOSPITAL 470,100469,AR,READM-30-PN-HRRP,692,,0.9961,0.1613,0.1619,112,07/01/2020,06/30/2023
SAMPLE HOSPITAL 470,100469,AR,READM-30-HIP-KNEE-HRRP,96,,0.9904,0.1408,0.1422,14,07/01/2020,06/30/2023
SAMPLE HOSPITAL 471,100470,MI,READM-30-COPD-HRRP,54,,0.9433,0.2245,0.238,12,07/01/2020,06/30/2023
SAMPLE HOSPITAL 471,100470,MI,READM-30-HIP-KNEE-HRRP,914,,0.94,0.1158,0.1232,106,07/01/2020,06/30/2023
SAMPLE HOSPITAL 471,100470,MI,READM-30-CABG-HRRP,301,,0.956,0.2044,0.2138,62,07/01/2020,06/30/2023
SAMPLE HOSPITAL 472,100471,NV,READM-30-HIP-KNEE-HRRP,568,,1.0911,0.1663,0.1524,94,07/01/2020,06/30/2023
SAMPLE HOSPITAL 472,100471,NV,READM-30-PN-HRRP,281,,0.9492,0.2218,0.2337,62,07/01/2020,06/30/2023
SAMPLE HOSPITAL 472,100471,NV,READM-30-AMI-HRRP,177,,0.9439,0.1655,0.1753,29,07/01/2020,06/30/2023
SAMPLE HOSPITAL 472,100471,NV,READM-30-CABG-HRRP,507,,0.93,0.2374,0.2553,120,07/01/2020,06/30/2023
SAMPLE HOSPITAL 472,100471,NV,READM-30-HF-HRRP,330,,1.0512,0.1795,0.1708,59,07/01/2020,06/30/2023
SAMPLE HOSPITAL 472,100471,NV,READM-30-COPD-HRRP,380,,0.9739,0.1869,0.1919,71,07/01/2020,06/30/2023
SAMPLE HOSPITAL 473,100472,VT,READM-30-HF-HRRP,222,,1.0603,0.1723,0.1625,38,07/01/2020,06/30/2023
SAMPLE HOSPITAL 473,100472,VT,READM-30-AMI-HRRP,57,,1.0086,0.2405,0.2384,14,07/01/2020,06/30/2023
SAMPLE HOSPITAL 473,100472,VT,READM-30-HIP-KNEE-HRRP,56,,0.9114,0.1505,0.1651,8,07/01/2020,06/30/2023
SAMPLE HOSPITAL 473,100472,VT,READM-30-PN-HRRP,80,,0.751,0.1631,0.2172,13,07/01/2020,06/30/2023
SAMPLE HOSPITAL 474,100473,ID,READM-30-COPD-HRRP,81,,1.0042,0.197,0.1962,16,07/01/2020,06/30/2023
SAMPLE HOSPITAL 474,100473,ID,READM-30-CABG-HRRP,26,,1.076,0.1641,0.1525,4,07/01/2020,06/30/2023
SAMPLE HOSPITAL 474,100473,ID,READM-30-PN-HRRP,414,,1.1098,0.1864,0.168,77,07/01/2020,06/30/2023
SAMPLE HOSPITAL 475,100474,WV,READM-30-HF-HRRP,504,,0.8782,0.1416,0.1612,71,07/01/2020,06/30/2023
SAMPLE HOSPITAL 475,100474,WV,READM-30-COPD-HRRP,108,,0.9752,0.2222,0.2279,24,07/01/2020,06/30/2023
SAMPLE HOSPITAL 475,100474,WV,READM-30-HIP-KNEE-HRRP,75,,0.8994,0.1333,0.1482,10,07/01/2020,06/30/2023
SAMPLE HOSPITAL 476,100475,MN,READM-30-COPD-HRRP,146,,1.047,0.231,0.2206,34,07/01/2020,06/30/2023
SAMPLE HOSPITAL 476,100475,MN,READM-30-AMI-HRRP,253,,1.0019,0.2265,0.2261,57,07/01/2020,06/30/2023
SAMPLE HOSPITAL 476,100475,MN,READM-30-PN-HRRP,274,,1.0562,0.1293,0.1224,35,07/01/2020,06/30/2023
SAMPLE HOSPITAL 476,100475,MN,READM-30-HIP-KNEE-HRRP,159,,1.039,0.1487,0.1431,24,07/01/2020,06/30/2023
SAMPLE HOSPITAL 477,100476,NY,READM-30-AMI-HRRP,779,,1.1434,0.2461,0.2152,192,07/01/2020,06/30/2023
SAMPLE HOSPITAL 477,100476,NY,READM-30-CABG-HRRP,412,,0.8531,0.2078,0.2436,86,07/01/2020,06/30/2023
SAMPLE HOSPITAL 477,100476,NY,READM-30-PN-HRRP,96,,0.9548,0.2354,0.2465,23,07/01/2020,06/30/2023
SAMPLE HOSPITAL 477,100476,NY,READM-30-HF-HRRP,302,,1.069,0.1804,0.1688,54,07/01/2020,06/30/2023
SAMPLE HOSPITAL 478,100477,WI,READM-30-HIP-KNEE-HRRP,62,,1.0142,0.1299,0.1281,8,07/01/2020,06/30/2023
SAMPLE HOSPITAL 478,100477,WI,READM-30-HF-HRRP,234,,1.1043,0.1341,0.1214,31,07/01/2020,06/30/2023
SAMPLE HOSPITAL 478,100477,WI,READM-30-PN-HRRP,341,,0.9754,0.1883,0.193,64,07/01/2020,06/30/2023
SAMPLE HOSPITAL 478,100477,WI,READM-30-AMI-HRRP,140,,1.0721,0.1797,0.1676,25,07/01/2020,06/30/2023
SAMPLE HOSPITAL 478,100477,WI,READM-30-CABG-HRRP,251,,1.1262,0.139,0.1234,35,07/01/2020,06/30/2023
SAMPLE HOSPITAL 478,100477,WI,READM-30-COPD-HRRP,513,,0.9793,0.1477,0.1508,76,07/01/2020,06/30/2023
SAMPLE HOSPITAL 479,100478,RI,READM-30-PN-HRRP,483,,0.9222,0.2,0.2169,97,07/01/2020,06/30/2023
SAMPLE HOSPITAL 479,100478,RI,READM-30-HIP-KNEE-HRRP,220,,0.8755,0.1805,0.2062,40,07/01/2020,06/30/2023
SAMPLE HOSPITAL 479,100478,RI,READM-30-COPD-HRRP,273,,0.9088,0.2012,0.2214,55,07/01/2020,06/30/2023
SAMPLE HOSPITAL 479,100478,RI,READM-30-AMI-HRRP,429,,0.9529,0.1548,0.1624,66,07/01/2020,06/30/2023
SAMPLE HOSPITAL 480,100479,NH,READM-30-CABG-HRRP,65,,1.0376,0.2655,0.2559,17,07/01/2020,06/30/2023
SAMPLE HOSPITAL 480,100479,NH,READM-30-COPD-HRRP,278,,0.936,0.1929,0.2061,54,07/01/2020,06/30/2023
SAMPLE HOSPITAL 480,100479,NH,READM-30-PN-HRRP,63,,1.0029,0.2042,0.2036,13,07/01/2020,06/30/2023
SAMPLE HOSPITAL 480,100479,NH,READM-30-HIP-KNEE-HRRP,51,,1.1317,0.1721,0.1521,9,07/01/2020,06/30/2023
SAMPLE HOSPITAL 480,100479,NH,READM-30-AMI-HRRP,173,,1.1653,0.2882,0.2473,50,07/01/2020,06/30/2023
SAMPLE HOSPITAL 481,100480,IL,READM-30-HF-HRRP,148,,1.0738,0.2256,0.2101,33,07/01/2020,06/30/2023
SAMPLE HOSPITAL 481,100480,IL,READM-30-CABG-HRRP,176,,1.0183,0.2284,0.2243,40,07/01/2020,06/30/2023
SAMPLE HOSPITAL 481,100480,IL,READM-30-COPD-HRRP,85,,0.8628,0.16,0.1854,14,07/01/2020,06/30/2023
SAMPLE HOSPITAL 481,100480,IL,READM-30-HIP-KNEE-HRRP,93,,0.9742,0.2405,0.2469,22,07/01/2020,06/30/2023
SAMPLE HOSPITAL 481,100480,IL,READM-30-PN-HRRP,176,,0.9748,0.1304,0.1338,23,07/01/2020,06/30/2023
SAMPLE HOSPITAL 481,100480,IL,READM-30-AMI-HRRP,94,,0.9164,0.182,0.1986,17,07/01/2020,06/30/2023
SAMPLE HOSPITAL 482,100481,VT,READM-30-PN-HRRP,210,,0.9729,0.2441,0.2509,51,07/01/2020,06/30/2023
SAMPLE HOSPITAL 482,100481,VT,READM-30-COPD-HRRP,92,,0.9328,0.1517,0.1626,14,07/01/2020,06/30/2023
SAMPLE HOSPITAL 482,100481,VT,READM-30-HIP-KNEE-HRRP,51,,0.9684,0.1838,0.1898,9,07/01/2020,06/30/2023
SAMPLE HOSPITAL 482,100481,VT,READM-30-AMI-HRRP,157,,0.9444,0.2072,0.2194,33,07/01/2020,06/30/2023
SAMPLE HOSPITAL 482,100481,VT,READM-30-CABG-HRRP,389,,1.0401,0.1856,0.1784,72,07/01/2020,06/30/2023
SAMPLE HOSPITAL 483,100482,MT,READM-30-CABG-HRRP,143,,1.0291,0.195,0.1895,28,07/01/2020,06/30/2023
SAMPLE HOSPITAL 483,100482,MT,READM-30-COPD-HRRP,301,,0.9549,0.1895,0.1985,57,07/01/2020,06/30/2023
SAMPLE HOSPITAL 483,100482,MT,READM-30-PN-HRRP,49,,0.9764,0.2434,0.2493,12,07/01/2020,06/30/2023
SAMPLE HOSPITAL 483,100482,MT,READM-30-HF-HRRP,105,,0.908,0.1487,0.1638,16,07/01/2020,06/30/2023
SAMPLE HOSPITAL 483,100482,MT,READM-30-HIP-KNEE-HRRP,107,,1.1082,0.1989,0.1795,21,07/01/2020,06/30/2023
SAMPLE HOSPITAL 484,100483,MA,READM-30-CABG-HRRP,296,,1.0086,0.1219,0.1209,36,07/01/2020,06/30/2023
SAMPLE HOSPITAL 484,100483,MA,READM-30-PN-HRRP,568,,0.9018,0.2128,0.236,121,07/01/2020,06/30/2023
SAMPLE HOSPITAL 484,100483,MA,READM-30-COPD-HRRP,182,,1.0017,0.1617,0.1614,29,07/01/2020,06/30/2023
SAMPLE HOSPITAL 484,100483,MA,READM-30-AMI-HRRP,105,,0.9491,0.1976,0.2082,21,07/01/2020,06/30/2023
SAMPLE HOSPITAL 484,100483,MA,READM-30-HIP-KNEE-HRRP,42,,1.1104,0.1578,0.1421,7,07/01/2020,06/30/2023
SAMPLE HOSPITAL 484,100483,MA,READM-30-HF-HRRP,136,,1.0175,0.2021,0.1986,27,07/01/2020,06/30/2023
SAMPLE HOSPITAL 485,100484,WA,READM-30-CABG-HRRP,356,,0.87,0.1644,0.189,59,07/01/2020,06/30/2023
SAMPLE HOSPITAL 485,100484,WA,READM-30-COPD-HRRP,185,,1.0304,0.1691,0.1641,31,07/01/2020,06/30/2023
SAMPLE HOSPITAL 485,100484,WA,READM-30-HIP-KNEE-HRRP,27,,0.9119,0.2304,0.2527,6,07/01/2020,06/30/2023
SAMPLE HOSPITAL 485,100484,WA,READM-30-PN-HRRP,44,,0.9381,0.2419,0.2579,11,07/01/2020,06/30/2023
SAMPLE HOSPITAL 486,100485,HI,READM-30-HF-HRRP,242,,0.9641,0.1971,0.2044,48,07/01/2020,06/30/2023
SAMPLE HOSPITAL 486,100485,HI,READM-30-HIP-KNEE-HRRP,369,,0.93,0.2345,0.2522,87,07/01/2020,06/30/2023
SAMPLE HOSPITAL 486,100485,HI,READM-30-COPD-HRRP,229,,1.0032,0.1391,0.1387,32,07/01/2020,06/30/2023
SAMPLE HOSPITAL 486,100485,HI,READM-30-PN-HRRP,471,,0.9668,0.117,0.121,55,07/01/2020,06/30/2023
SAMPLE HOSPITAL 486,100485,HI,READM-30-CABG-HRRP,249,,1.0091,0.1338,0.1326,33,07/01/2020,06/30/2023
SAMPLE HOSPITAL 487,100486,AL,READM-30-CABG-HRRP,156,,1.0497,0.2156,0.2054,34,07/01/2020,06/30/2023
SAMPLE HOSPITAL 487,100486,AL,READM-30-PN-HRRP,529,,0.9415,0.1927,0.2047,102,07/01/2020,06/30/2023
SAMPLE HOSPITAL 487,100486,AL,READM-30-HF-HRRP,58,,0.9555,0.2014,0.2108,12,07/01/2020,06/30/2023
SAMPLE HOSPITAL 487,100486,AL,READM-30-AMI-HRRP,413,,0.9594,0.1644,0.1714,68,07/01/2020,06/30/2023
SAMPLE HOSPITAL 487,100486,AL,READM-30-COPD-HRRP,188,,0.9807,0.2002,0.2041,38,07/01/2020,06/30/2023
SAMPLE HOSPITAL 488,100487,NJ,READM-30-HF-HRRP,36,,0.965,0.2381,0.2467,9,07/01/2020,06/30/2023
SAMPLE HOSPITAL 488,100487,NJ,READM-30-AMI-HRRP,49,,1.059,0.2116,0.1998,10,07/01/2020,06/30/2023
SAMPLE HOSPITAL 488,100487,NJ,READM-30-CABG-HRRP,564,,0.9924,0.1433,0.1444,81,07/01/2020,06/30/2023
SAMPLE HOSPITAL 488,100487,NJ,READM-30-COPD-HRRP,73,,0.9887,0.2414,0.2442,18,07/01/2020,06/30/2023
SAMPLE HOSPITAL 488,100487,NJ,READM-30-HIP-KNEE-HRRP,266,,1.0592,0.195,0.1841,52,07/01/2020,06/30/2023
SAMPLE HOSPITAL 489,100488,AR,READM-30-PN-HRRP,210,,1.0203,0.147,0.1441,31,07/01/2020,06/30/2023
SAMPLE HOSPITAL 489,100488,AR,READM-30-AMI-HRRP,246,,0.9028,0.1787,0.1979,44,07/01/2020,06/30/2023
SAMPLE HOSPITAL 489,100488,AR,READM-30-HIP-KNEE-HRRP,113,,1.1172,0.226,0.2023,26,07/01/2020,06/30/2023
SAMPLE HOSPITAL 489,100488,AR,READM-30-COPD-HRRP,165,,0.9987,0.2167,0.217,36,07/01/2020,06/30/2023
SAMPLE HOSPITAL 489,100488,AR,READM-30-HF-HRRP,417,,1.06,0.2516,0.2374,105,07/01/2020,06/30/2023
SAMPLE HOSPITAL 489,100488,AR,READM-30-CABG-HRRP,69,,0.9723,0.1934,0.1989,13,07/01/2020,06/30/2023
SAMPLE HOSPITAL 490,100489,CT,READM-30-CABG-HRRP,180,,1.1066,0.1877,0.1696,34,07/01/2020,06/30/2023
SAMPLE HOSPITAL 490,100489,CT,READM-30-AMI-HRRP,305,,1.0186,0.1379,0.1354,42,07/01/2020,06/30/2023
SAMPLE HOSPITAL 490,100489,CT,READM-30-PN-HRRP,674,,0.9889,0.2406,0.2433,162,07/01/2020,06/30/2023
SAMPLE HOSPITAL 490,100489,CT,READM-30-HIP-KNEE-HRRP,683,,0.9342,0.1985,0.2125,136,07/01/2020,06/30/2023
SAMPLE HOSPITAL 490,100489,CT,READM-30-COPD-HRRP,74,,0.9466,0.2092,0.221,15,07/01/2020,06/30/2023
SAMPLE HOSPITAL 491,100490,AZ,READM-30-HF-HRRP,651,,0.9903,0.2396,0.2419,156,07/01/2020,06/30/2023
SAMPLE HOSPITAL 491,100490,AZ,READM-30-CABG-HRRP,52,,0.9592,0.2299,0.2397,12,07/01/2020,06/30/2023
SAMPLE HOSPITAL 491,100490,AZ,READM-30-PN-HRRP,248,,0.9553,0.1455,0.1523,36,07/01/2020,06/30/2023
SAMPLE HOSPITAL 492,100491,NM,READM-30-CABG-HRRP,117,,1.1238,0.1368,0.1217,16,07/01/2020,06/30/2023
SAMPLE HOSPITAL 492,100491,NM,READM-30-COPD-HRRP,145,,1.0741,0.1437,0.1338,21,07/01/2020,06/30/2023
SAMPLE HOSPITAL 492,100491,NM,READM-30-HF-HRRP,175,,0.9746,0.2187,0.2244,38,07/01/2020,06/30/2023
SAMPLE HOSPITAL 492,100491,NM,READM-30-AMI-HRRP,160,,0.9838,0.207,0.2104,33,07/01/2020,06/30/2023
SAMPLE HOSPITAL 492,100491,NM,READM-30-HIP-KNEE-HRRP,1231,,1.0622,0.1532,0.1442,189,07/01/2020,06/30/2023
SAMPLE HOSPITAL 492,100491,NM,READM-30-PN-HRRP,44,,1.1464,0.1603,0.1398,7,07/01/2020,06/30/2023
SAMPLE HOSPITAL 493,100492,OR,READM-30-COPD-HRRP,430,,1.0165,0.1918,0.1887,82,07/01/2020,06/30/2023
SAMPLE HOSPITAL 493,100492,OR,READM-30-HIP-KNEE-HRRP,1241,,0.9753,0.1304,0.1337,162,07/01/2020,06/30/2023
SAMPLE HOSPITAL 493,100492,OR,READM-30-CABG-HRRP,750,,0.8907,0.1112,0.1248,83,07/01/2020,06/30/2023
SAMPLE HOSPITAL 494,100493,FL,READM-30-HF-HRRP,185,,1.0225,0.1621,0.1585,30,07/01/2020,06/30/2023
SAMPLE HOSPITAL 494,100493,FL,READM-30-COPD-HRRP,57,,1.0639,0.2283,0.2146,13,07/01/2020,06/30/2023
SAMPLE HOSPITAL 494,100493,FL,READM-30-AMI-HRRP,1350,,1.0457,0.1947,0.1862,263,07/01/2020,06/30/2023
SAMPLE HOSPITAL 494,100493,FL,READM-30-PN-HRRP,31,,0.9609,0.1453,0.1512,5,07/01/2020,06/30/2023
SAMPLE HOSPITAL 494,100493,FL,READM-30-CABG-HRRP,704,,0.9521,0.1453,0.1526,102,07/01/2020,06/30/2023
SAMPLE HOSPITAL 495,100494,IL,READM-30-HF-HRRP,2015,,0.9516,0.1632,0.1715,329,07/01/2020,06/30/2023
SAMPLE HOSPITAL 495,100494,IL,READM-30-AMI-HRRP,121,,1.0192,0.1355,0.1329,16,07/01/2020,06/30/2023
SAMPLE HOSPITAL 495,100494,IL,READM-30-CABG-HRRP,269,,1.035,0.1904,0.184,51,07/01/2020,06/30/2023
SAMPLE HOSPITAL 495,100494,IL,READM-30-COPD-HRRP,358,,0.9715,0.1552,0.1598,56,07/01/2020,06/30/2023
SAMPLE HOSPITAL 496,100495,SD,READM-30-HIP-KNEE-HRRP,25,,1.0709,0.2234,0.2086,6,07/01/2020,06/30/2023
SAMPLE HOSPITAL 496,100495,SD,READM-30-HF-HRRP,80,,0.9948,0.1551,0.1559,12,07/01/2020,06/30/2023
SAMPLE HOSPITAL 496,100495,SD,READM-30-PN-HRRP,258,,0.9648,0.2266,0.2349,58,07/01/2020,06/30/2023
SAMPLE HOSPITAL 496,100495,SD,READM-30-AMI-HRRP,94,,0.8697,0.2042,0.2348,19,07/01/2020,06/30/2023
SAMPLE HOSPITAL 496,100495,SD,READM-30-COPD-HRRP,443,,1.0117,0.2042,0.2018,90,07/01/2020,06/30/2023
SAMPLE HOSPITAL 497,100496,MI,READM-30-HF-HRRP,117,,1.1193,0.2651,0.2368,31,07/01/2020,06/30/2023
SAMPLE HOSPITAL 497,100496,MI,READM-30-COPD-HRRP,159,,0.9939,0.1196,0.1203,19,07/01/2020,06/30/2023
SAMPLE HOSPITAL 497,100496,MI,READM-30-CABG-HRRP,100,,1.0343,0.1387,0.1341,14,07/01/2020,06/30/2023
SAMPLE HOSPITAL 497,100496,MI,READM-30-HIP-KNEE-HRRP,115,,0.8937,0.1679,0.1879,19,07/01/2020,06/30/2023
SAMPLE HOSPITAL 497,100496,MI,READM-30-AMI-HRRP,206,,1.04,0.2324,0.2235,48,07/01/2020,06/30/2023
SAMPLE HOSPITAL 497,100496,MI,READM-30-PN-HRRP,98,,1.065,0.2075,0.1948,20,07/01/2020,06/30/2023
SAMPLE HOSPITAL 498,100497,SD,READM-30-COPD-HRRP,166,,0.9531,0.1351,0.1417,22,07/01/2020,06/30/2023
SAMPLE HOSPITAL 498,100497,SD,READM-30-PN-HRRP,66,,1.0292,0.2113,0.2053,14,07/01/2020,06/30/2023
SAMPLE HOSPITAL 498,100497,SD,READM-30-HIP-KNEE-HRRP,517,,1.082,0.2097,0.1938,108,07/01/2020,06/30/2023
SAMPLE HOSPITAL 498,100497,SD,READM-30-AMI-HRRP,256,,0.7885,0.1773,0.2248,45,07/01/2020,06/30/2023
SAMPLE HOSPITAL 498,100497,SD,READM-30-CABG-HRRP,87,,1.0423,0.149,0.143,13,07/01/2020,06/30/2023
SAMPLE HOSPITAL 498,100497,SD,READM-30-HF-HRRP,55,,1.0456,0.2502,0.2393,14,07/01/2020,06/30/2023
SAMPLE HOSPITAL 499,100498,OK,READM-30-COPD-HRRP,172,,0.916,0.235,0.2565,40,07/01/2020,06/30/2023
SAMPLE HOSPITAL 499,100498,OK,READM-30-AMI-HRRP,66,,1.07,0.1608,0.1503,11,07/01/2020,06/30/2023
SAMPLE HOSPITAL 499,100498,OK,READM-30-HF-HRRP,98,,1.0363,0.1319,0.1273,13,07/01/2020,06/30/2023
SAMPLE HOSPITAL 499,100498,OK,READM-30-PN-HRRP,159,,0.8949,0.1772,0.198,28,07/01/2020,06/30/2023
SAMPLE HOSPITAL 500,100499,AK,READM-30-PN-HRRP,400,,0.9321,0.1954,0.2096,78,07/01/2020,06/30/2023
SAMPLE HOSPITAL 500,100499,AK,READM-30-HF-HRRP,94,,0.9085,0.1318,0.1451,12,07/01/2020,06/30/2023
SAMPLE HOSPITAL 500,100499,AK,READM-30-CABG-HRRP,153,,0.9793,0.2474,0.2526,38,07/01/2020,06/30/2023
SAMPLE HOSPITAL 500,100499,AK,READM-30-HIP-KNEE-HRRP,192,,1.1113,0.2702,0.2431,52,07/01/2020,06/30/2023
SAMPLE HOSPITAL 500,100499,AK,READM-30-AMI-HRRP,400,,1.0015,0.1688,0.1685,68,07/01/2020,06/30/2023
SAMPLE HOSPITAL 500,100499,AK,READM-30-COPD-HRRP,188,,0.8671,0.1851,0.2135,35,07/01/2020,06/30/2023
SAMPLE HOSPITAL 501,100500,VA,READM-30-AMI-HRRP,103,,0.9596,0.225,0.2345,23,07/01/2020,06/30/2023
SAMPLE HOSPITAL 501,100500,VA,READM-30-CABG-HRRP,277,,1.0929,0.1941,0.1776,54,07/01/2020,06/30/2023
SAMPLE HOSPITAL 501,100500,VA,READM-30-COPD-HRRP,44,,1.1005,0.2227,0.2024,10,07/01/2020,06/30/2023
SAMPLE HOSPITAL 502,100501,ID,READM-30-COPD-HRRP,64,,1.0111,0.1843,0.1823,12,07/01/2020,06/30/2023
SAMPLE HOSPITAL 502,100501,ID,READM-30-HF-HRRP,236,,0.9354,0.2208,0.236,52,07/01/2020,06/30/2023
SAMPLE HOSPITAL 502,100501,ID,READM-30-HIP-KNEE-HRRP,1059,,1.0459,0.1661,0.1588,176,07/01/2020,06/30/2023
SAMPLE HOSPITAL 502,100501,ID,READM-30-AMI-HRRP,51,,1.0838,0.2472,0.2281,13,07/01/2020,06/30/2023
SAMPLE HOSPITAL 502,100501,ID,READM-30-PN-HRRP,219,,1.0291,0.1559,0.1515,34,07/01/2020,06/30/2023
SAMPLE HOSPITAL 503,100502,WA,READM-30-HF-HRRP,367,,0.8813,0.1878,0.2131,69,07/01/2020,06/30/2023
SAMPLE HOSPITAL 503,100502,WA,READM-30-HIP-KNEE-HRRP,296,,0.9809,0.233,0.2375,69,07/01/2020,06/30/2023
SAMPLE HOSPITAL 503,100502,WA,READM-30-CABG-HRRP,91,,1.0538,0.2608,0.2475,24,07/01/2020,06/30/2023
SAMPLE HOSPITAL 503,100502,WA,READM-30-PN-HRRP,65,,1.0367,0.187,0.1804,12,07/01/2020,06/30/2023
SAMPLE HOSPITAL 503,100502,WA,READM-30-AMI-HRRP,214,,0.85,0.1194,0.1405,26,07/01/2020,06/30/2023
SAMPLE HOSPITAL 503,100502,WA,READM-30-COPD-HRRP,638,,0.8726,0.1266,0.1451,81,07/01/2020,06/30/2023
SAMPLE HOSPITAL 504,100503,NJ,READM-30-COPD-HRRP,243,,0.9799,0.1282,0.1308,31,07/01/2020,06/30/2023
SAMPLE HOSPITAL 504,100503,NJ,READM-30-HIP-KNEE-HRRP,110,,0.9922,0.1894,0.1909,21,07/01/2020,06/30/2023
SAMPLE HOSPITAL 504,100503,NJ,READM-30-CABG-HRRP,123,,0.9159,0.1559,0.1702,19,07/01/2020,06/30/2023
SAMPLE HOSPITAL 504,100503,NJ,READM-30-AMI-HRRP,136,,1.0152,0.1841,0.1813,25,07/01/2020,06/30/2023
SAMPLE HOSPITAL 505,100504,NJ,READM-30-AMI-HRRP,419,,0.9569,0.1181,0.1234,49,07/01/2020,06/30/2023
SAMPLE HOSPITAL 505,100504,NJ,READM-30-HF-HRRP,33,,0.9596,0.2476,0.258,8,07/01/2020,06/30/2023
SAMPLE HOSPITAL 505,100504,NJ,READM-30-CABG-HRRP,31,,1.0565,0.2705,0.256,8,07/01/2020,06/30/2023
SAMPLE HOSPITAL 506,100505,TX,READM-30-HIP-KNEE-HRRP,378,,1.0651,0.2562,0.2405,97,07/01/2020,06/30/2023
SAMPLE HOSPITAL 506,100505,TX,READM-30-CABG-HRRP,211,,1.0389,0.1478,0.1423,31,07/01/2020,06/30/2023
SAMPLE HOSPITAL 506,100505,TX,READM-30-COPD-HRRP,173,,1.0241,0.2083,0.2034,36,07/01/2020,06/30/2023
SAMPLE HOSPITAL 507,100506,OK,READM-30-HIP-KNEE-HRRP,59,,0.9949,0.1517,0.1525,9,07/01/2020,06/30/2023
SAMPLE HOSPITAL 507,100506,OK,READM-30-HF-HRRP,688,,0.888,0.1907,0.2147,131,07/01/2020,06/30/2023
SAMPLE HOSPITAL 507,100506,OK,READM-30-AMI-HRRP,215,,0.9697,0.2316,0.2388,50,07/01/2020,06/30/2023
SAMPLE HOSPITAL 508,100507,AK,READM-30-COPD-HRRP,161,,0.889,0.2252,0.2533,36,07/01/2020,06/30/2023
SAMPLE HOSPITAL 508,100507,AK,READM-30-HIP-KNEE-HRRP,59,,1.0707,0.1622,0.1515,10,07/01/2020,06/30/2023
SAMPLE HOSPITAL 508,100507,AK,READM-30-PN-HRRP,370,,1.0361,0.2676,0.2583,99,07/01/2020,06/30/2023
SAMPLE HOSPITAL 508,100507,AK,READM-30-HF-HRRP,94,,0.9503,0.2294,0.2414,22,07/01/2020,06/30/2023
SAMPLE HOSPITAL 508,100507,AK,READM-30-AMI-HRRP,279,,0.8991,0.157,0.1746,44,07/01/2020,06/30/2023
SAMPLE HOSPITAL 508,100507,AK,READM-30-CABG-HRRP,175,,1.0274,0.2078,0.2023,36,07/01/2020,06/30/2023
SAMPLE HOSPITAL 509,100508,SC,READM-30-COPD-HRRP,275,,1.0686,0.192,0.1797,53,07/01/2020,06/30/2023
SAMPLE HOSPITAL 509,100508,SC,READM-30-HIP-KNEE-HRRP,100,,1.0124,0.129,0.1274,13,07/01/2020,06/30/2023
SAMPLE HOSPITAL 509,100508,SC,READM-30-HF-HRRP,91,,0.8845,0.1872,0.2117,17,07/01/2020,06/30/2023
SAMPLE HOSPITAL 509,100508,SC,READM-30-AMI-HRRP,108,,0.8942,0.131,0.1465,14,07/01/2020,06/30/2023
SAMPLE HOSPITAL 509,100508,SC,READM-30-PN-HRRP,1571,,0.9957,0.126,0.1265,198,07/01/2020,06/30/2023
SAMPLE HOSPITAL 510,100509,VT,READM-30-PN-HRRP,106,,1.0388,0.237,0.2281,25,07/01/2020,06/30/2023
SAMPLE HOSPITAL 510,100509,VT,READM-30-COPD-HRRP,40,,1.0096,0.1244,0.1232,5,07/01/2020,06/30/2023
SAMPLE HOSPITAL 510,100509,VT,READM-30-HF-HRRP,291,,1.037,0.2173,0.2095,63,07/01/2020,06/30/2023
SAMPLE HOSPITAL 510,100509,VT,READM-30-CABG-HRRP,408,,0.9926,0.1952,0.1967,80,07/01/2020,06/30/2023
SAMPLE HOSPITAL 510,100509,VT,READM-30-HIP-KNEE-HRRP,200,,0.9508,0.1592,0.1674,32,07/01/2020,06/30/2023
SAMPLE HOSPITAL 511,100510,MS,READM-30-COPD-HRRP,85,,0.9161,0.1676,0.1829,14,07/01/2020,06/30/2023
SAMPLE HOSPITAL 511,100510,MS,READM-30-CABG-HRRP,276,,1.0456,0.1962,0.1876,54,07/01/2020,06/30/2023
SAMPLE HOSPITAL 511,100510,MS,READM-30-HF-HRRP,1064,,1.0006,0.2277,0.2276,242,07/01/2020,06/30/2023
SAMPLE HOSPITAL 511,100510,MS,READM-30-PN-HRRP,110,,0.9964,0.143,0.1435,16,07/01/2020,06/30/2023
SAMPLE HOSPITAL 511,100510,MS,READM-30-HIP-KNEE-HRRP,170,,1.0069,0.2458,0.2441,42,07/01/2020,06/30/2023
SAMPLE HOSPITAL 512,100511,HI,READM-30-AMI-HRRP,307,,1.1814,0.2674,0.2263,82,07/01/2020,06/30/2023
SAMPLE HOSPITAL 512,100511,HI,READM-30-PN-HRRP,49,,0.9554,0.1734,0.1815,8,07/01/2020,06/30/2023
SAMPLE HOSPITAL 512,100511,HI,READM-30-CABG-HRRP,229,,0.9978,0.1348,0.1351,31,07/01/2020,06/30/2023
SAMPLE HOSPITAL 512,100511,HI,READM-30-HF-HRRP,86,,0.9283,0.1949,0.21,17,07/01/2020,06/30/2023
SAMPLE HOSPITAL 512,100511,HI,READM-30-HIP-KNEE-HRRP,224,,1.0238,0.1711,0.1671,38,07/01/2020,06/30/2023
SAMPLE HOSPITAL 513,100512,MD,READM-30-PN-HRRP,646,,0.9181,0.2218,0.2416,143,07/01/2020,06/30/2023
SAMPLE HOSPITAL 513,100512,MD,READM-30-AMI-HRRP,237,,0.9203,0.1199,0.1303,28,07/01/2020,06/30/2023
SAMPLE HOSPITAL 513,100512,MD,READM-30-CABG-HRRP,142,,1.0052,0.1998,0.1988,28,07/01/2020,06/30/2023
SAMPLE HOSPITAL 513,100512,MD,READM-30-HIP-KNEE-HRRP,118,,1.0308,0.2224,0.2158,26,07/01/2020,06/30/2023
SAMPLE HOSPITAL 514,100513,NV,READM-30-AMI-HRRP,348,,1.0881,0.204,0.1875,71,07/01/2020,06/30/2023
SAMPLE HOSPITAL 514,100513,NV,READM-30-COPD-HRRP,1238,,0.9882,0.2094,0.2119,259,07/01/2020,06/30/2023
SAMPLE HOSPITAL 514,100513,NV,READM-30-CABG-HRRP,153,,1.0632,0.2438,0.2293,37,07/01/2020,06/30/2023
SAMPLE HOSPITAL 515,100514,DE,READM-30-HF-HRRP,81,,0.9809,0.1223,0.1247,10,07/01/2020,06/30/2023
SAMPLE HOSPITAL 515,100514,DE,READM-30-CABG-HRRP,48,,1.0638,0.2065,0.1941,10,07/01/2020,06/30/2023
SAMPLE HOSPITAL 515,100514,DE,READM-30-COPD-HRRP,141,,1.0099,0.1293,0.128,18,07/01/2020,06/30/2023
SAMPLE HOSPITAL 515,100514,DE,READM-30-AMI-HRRP,138,,1.0024,0.2097,0.2092,29,07/01/2020,06/30/2023
SAMPLE HOSPITAL 516,100515,MA,READM-30-CABG-HRRP,121,,1.0162,0.2147,0.2113,26,07/01/2020,06/30/2023
SAMPLE HOSPITAL 516,100515,MA,READM-30-HF-HRRP,159,,1.0663,0.1362,0.1277,22,07/01/2020,06/30/2023
SAMPLE HOSPITAL 516,100515,MA,READM-30-PN-HRRP,185,,0.9755,0.2031,0.2082,38,07/01/2020,06/30/2023
SAMPLE HOSPITAL 516,100515,MA,READM-30-HIP-KNEE-HRRP,294,,0.9736,0.118,0.1212,35,07/01/2020,06/30/2023
SAMPLE HOSPITAL 516,100515,MA,READM-30-AMI-HRRP,48,,0.9515,0.1593,0.1674,8,07/01/2020,06/30/2023
SAMPLE HOSPITAL 516,100515,MA,READM-30-COPD-HRRP,87,,0.9961,0.1224,0.1229,11,07/01/2020,06/30/2023
SAMPLE HOSPITAL 517,100516,WI,READM-30-HF-HRRP,275,,1.0222,0.1793,0.1754,49,07/01/2020,06/30/2023
SAMPLE HOSPITAL 517,100516,WI,READM-30-HIP-KNEE-HRRP,195,,0.9926,0.1564,0.1576,30,07/01/2020,06/30/2023
SAMPLE HOSPITAL 517,100516,WI,READM-30-CABG-HRRP,129,,1.0486,0.2162,0.2062,28,07/01/2020,06/30/2023
SAMPLE HOSPITAL 518,100517,NV,READM-30-AMI-HRRP,381,,1.0339,0.2317,0.2241,88,07/01/2020,06/30/2023
SAMPLE HOSPITAL 518,100517,NV,READM-30-HIP-KNEE-HRRP,111,,0.9286,0.1449,0.156,16,07/01/2020,06/30/2023
SAMPLE HOSPITAL 518,100517,NV,READM-30-CABG-HRRP,223,,0.9737,0.1776,0.1824,40,07/01/2020,06/30/2023
SAMPLE HOSPITAL 518,100517,NV,READM-30-HF-HRRP,151,,0.972,0.1378,0.1418,21,07/01/2020,06/30/2023
SAMPLE HOSPITAL 518,100517,NV,READM-30-COPD-HRRP,29,,1.0128,0.1664,0.1643,5,07/01/2020,06/30/2023
SAMPLE HOSPITAL 518,100517,NV,READM-30-PN-HRRP,48,,0.9159,0.2254,0.2461,11,07/01/2020,06/30/2023
SAMPLE HOSPITAL 519,100518,AL,READM-30-CABG-HRRP,364,,0.9303,0.1724,0.1853,63,07/01/2020,06/30/2023
SAMPLE HOSPITAL 519,100518,AL,READM-30-HF-HRRP,41,,0.9751,0.1619,0.166,7,07/01/2020,06/30/2023
SAMPLE HOSPITAL 519,100518,AL,READM-30-COPD-HRRP,86,,0.9903,0.1528,0.1543,13,07/01/2020,06/30/2023
SAMPLE HOSPITAL 520,100519,MT,READM-30-HF-HRRP,239,,0.9512,0.1731,0.182,41,07/01/2020,06/30/2023
SAMPLE HOSPITAL 520,100519,MT,READM-30-HIP-KNEE-HRRP,74,,0.9829,0.2057,0.2093,15,07/01/2020,06/30/2023
SAMPLE HOSPITAL 520,100519,MT,READM-30-AMI-HRRP,193,,0.9362,0.2213,0.2364,43,07/01/2020,06/30/2023
SAMPLE HOSPITAL 520,100519,MT,READM-30-COPD-HRRP,411,,0.9695,0.1405,0.1449,58,07/01/2020,06/30/2023
SAMPLE HOSPITAL 520,100519,MT,READM-30-CABG-HRRP,424,,1.13,0.2146,0.1899,91,07/01/2020,06/30/2023
SAMPLE HOSPITAL 521,100520,GA,READM-30-CABG-HRRP,227,,0.9746,0.1739,0.1784,39,07/01/2020,06/30/2023
SAMPLE HOSPITAL 521,100520,GA,READM-30-AMI-HRRP,144,,0.8913,0.1109,0.1244,16,07/01/2020,06/30/2023
SAMPLE HOSPITAL 521,100520,GA,READM-30-HIP-KNEE-HRRP,243,,0.9497,0.1935,0.2038,47,07/01/2020,06/30/2023
SAMPLE HOSPITAL 521,100520,GA,READM-30-HF-HRRP,1025,,0.9234,0.1441,0.156,148,07/01/2020,06/30/2023
SAMPLE HOSPITAL 522,100521,NJ,READM-30-AMI-HRRP,740,,0.9602,0.1615,0.1682,120,07/01/2020,06/30/2023
SAMPLE HOSPITAL 522,100521,NJ,READM-30-PN-HRRP,60,,0.8436,0.1302,0.1543,8,07/01/2020,06/30/2023
SAMPLE HOSPITAL 522,100521,NJ,READM-30-COPD-HRRP,683,,1.0048,0.1441,0.1434,98,07/01/2020,06/30/2023
SAMPLE HOSPITAL 522,100521,NJ,READM-30-CABG-HRRP,182,,0.9999,0.209,0.209,38,07/01/2020,06/30/2023
SAMPLE HOSPITAL 522,100521,NJ,READM-30-HF-HRRP,168,,1.0703,0.2492,0.2328,42,07/01/2020,06/30/2023
SAMPLE HOSPITAL 522,100521,NJ,READM-30-HIP-KNEE-HRRP,372,,0.9344,0.1541,0.1649,57,07/01/2020,06/30/2023
SAMPLE HOSPITAL 523,100522,RI,READM-30-HF-HRRP,129,,1.1709,0.1454,0.1242,19,07/01/2020,06/30/2023
SAMPLE HOSPITAL 523,100522,RI,READM-30-PN-HRRP,366,,1.0984,0.1957,0.1782,72,07/01/2020,06/30/2023
SAMPLE HOSPITAL 523,100522,RI,READM-30-COPD-HRRP,211,,1.1185,0.2208,0.1974,47,07/01/2020,06/30/2023
SAMPLE HOSPITAL 523,100522,RI,READM-30-CABG-HRRP,527,,1.0141,0.2575,0.2539,136,07/01/2020,06/30/2023
SAMPLE HOSPITAL 523,100522,RI,READM-30-HIP-KNEE-HRRP,281,,0.9979,0.1424,0.1427,40,07/01/2020,06/30/2023
SAMPLE HOSPITAL 524,100523,VA,READM-30-CABG-HRRP,644,,1.0643,0.1729,0.1625,111,07/01/2020,06/30/2023
SAMPLE HOSPITAL 524,100523,VA,READM-30-HIP-KNEE-HRRP,43,,0.9894,0.151,0.1526,6,07/01/2020,06/30/2023
SAMPLE HOSPITAL 524,100523,VA,READM-30-PN-HRRP,323,,1.0089,0.1315,0.1303,42,07/01/2020,06/30/2023
SAMPLE HOSPITAL 524,100523,VA,READM-30-HF-HRRP,1017,,0.9851,0.1193,0.1211,121,07/01/2020,06/30/2023
SAMPLE HOSPITAL 525,100524,ND,READM-30-AMI-HRRP,665,,0.947,0.1418,0.1497,94,07/01/2020,06/30/2023
SAMPLE HOSPITAL 525,100524,ND,READM-30-HIP-KNEE-HRRP,101,,1.0201,0.1735,0.1701,18,07/01/2020,06/30/2023
SAMPLE HOSPITAL 525,100524,ND,READM-30-CABG-HRRP,147,,1.0275,0.1816,0.1767,27,07/01/2020,06/30/2023
SAMPLE HOSPITAL 525,100524,ND,READM-30-HF-HRRP,27,,0.9266,0.1142,0.1232,3,07/01/2020,06/30/2023
SAMPLE HOSPITAL 525,100524,ND,READM-30-PN-HRRP,387,,1.0348,0.144,0.1392,56,07/01/2020,06/30/2023
SAMPLE HOSPITAL 526,100525,OR,READM-30-AMI-HRRP,843,,0.9755,0.1361,0.1395,115,07/01/2020,06/30/2023
SAMPLE HOSPITAL 526,100525,OR,READM-30-HIP-KNEE-HRRP,177,,0.9885,0.1206,0.122,21,07/01/2020,06/30/2023
SAMPLE HOSPITAL 526,100525,OR,READM-30-CABG-HRRP,131,,0.9625,0.1711,0.1778,22,07/01/2020,06/30/2023
SAMPLE HOSPITAL 526,100525,OR,READM-30-PN-HRRP,232,,1.0417,0.2509,0.2409,58,07/01/2020,06/30/2023
SAMPLE HOSPITAL 526,100525,OR,READM-30-COPD-HRRP,411,,0.9911,0.1311,0.1323,54,07/01/2020,06/30/2023
SAMPLE HOSPITAL 527,100526,AR,READM-30-AMI-HRRP,64,,1.0822,0.2608,0.241,17,07/01/2020,06/30/2023
SAMPLE HOSPITAL 527,100526,AR,READM-30-HIP-KNEE-HRRP,554,,1.0226,0.2445,0.2391,135,07/01/2020,06/30/2023
SAMPLE HOSPITAL 527,100526,AR,READM-30-PN-HRRP,641,,1.0109,0.248,0.2453,159,07/01/2020,06/30/2023
SAMPLE HOSPITAL 527,100526,AR,READM-30-HF-HRRP,87,,1.0217,0.2371,0.2321,21,07/01/2020,06/30/2023
SAMPLE HOSPITAL 528,100527,LA,READM-30-AMI-HRRP,149,,0.9154,0.2027,0.2214,30,07/01/2020,06/30/2023
SAMPLE HOSPITAL 528,100527,LA,READM-30-COPD-HRRP,530,,1.0668,0.2583,0.2421,137,07/01/2020,06/30/2023
SAMPLE HOSPITAL 528,100527,LA,READM-30-HF-HRRP,132,,0.8877,0.1655,0.1864,22,07/01/2020,06/30/2023
SAMPLE HOSPITAL 528,100527,LA,READM-30-CABG-HRRP,27,,0.9687,0.1344,0.1387,4,07/01/2020,06/30/2023
SAMPLE HOSPITAL 528,100527,LA,READM-30-HIP-KNEE-HRRP,187,,1.1198,0.26,0.2322,49,07/01/2020,06/30/2023
SAMPLE HOSPITAL 528,100527,LA,READM-30-PN-HRRP,85,,1.0285,0.2046,0.1989,17,07/01/2020,06/30/2023
SAMPLE HOSPITAL 530,100529,RI,READM-30-HF-HRRP,250,,0.9535,0.1307,0.1371,33,07/01/2020,06/30/2023
SAMPLE HOSPITAL 530,100529,RI,READM-30-COPD-HRRP,229,,1.1013,0.2052,0.1863,47,07/01/2020,06/30/2023
SAMPLE HOSPITAL 530,100529,RI,READM-30-CABG-HRRP,222,,1.0858,0.1868,0.172,41,07/01/2020,06/30/2023
SAMPLE HOSPITAL 530,100529,RI,READM-30-HIP-KNEE-HRRP,337,,1.0684,0.2334,0.2185,79,07/01/2020,06/30/2023
SAMPLE HOSPITAL 531,100530,AR,READM-30-PN-HRRP,98,,0.9821,0.151,0.1538,15,07/01/2020,06/30/2023
SAMPLE HOSPITAL 531,100530,AR,READM-30-HF-HRRP,1057,,0.9607,0.1953,0.2033,206,07/01/2020,06/30/2023
SAMPLE HOSPITAL 531,100530,AR,READM-30-HIP-KNEE-HRRP,358,,0.8283,0.1735,0.2095,62,07/01/2020,06/30/2023
SAMPLE HOSPITAL 531,100530,AR,READM-30-COPD-HRRP,149,,1.0094,0.2266,0.2245,34,07/01/2020,06/30/2023
SAMPLE HOSPITAL 531,100530,AR,READM-30-AMI-HRRP,79,,0.9133,0.2016,0.2207,16,07/01/2020,06/30/2023
SAMPLE HOSPITAL 531,100530,AR,READM-30-CABG-HRRP,178,,0.9762,0.2284,0.234,41,07/01/2020,06/30/2023
SAMPLE HOSPITAL 532,100531,UT,READM-30-PN-HRRP,173,,0.9973,0.1706,0.1711,30,07/01/2020,06/30/2023
SAMPLE HOSPITAL 532,100531,UT,READM-30-COPD-HRRP,104,,0.9499,0.1375,0.1447,14,07/01/2020,06/30/2023
SAMPLE HOSPITAL 532,100531,UT,READM-30-AMI-HRRP,123,,1.0453,0.2102,0.2011,26,07/01/2020,06/30/2023
SAMPLE HOSPITAL 533,100532,ND,READM-30-HF-HRRP,386,,1.0896,0.2346,0.2153,91,07/01/2020,06/30/2023
SAMPLE HOSPITAL 533,100532,ND,READM-30-CABG-HRRP,49,,0.9645,0.1885,0.1954,9,07/01/2020,06/30/2023
SAMPLE HOSPITAL 533,100532,ND,READM-30-PN-HRRP,132,,1.0536,0.189,0.1794,25,07/01/2020,06/30/2023
SAMPLE HOSPITAL 533,100532,ND,READM-30-COPD-HRRP,64,,0.9962,0.1477,0.1483,9,07/01/2020,06/30/2023
SAMPLE HOSPITAL 533,100532,ND,READM-30-HIP-KNEE-HRRP,40,,0.9148,0.1637,0.1789,7,07/01/2020,06/30/2023
SAMPLE HOSPITAL 534,100533,MI,READM-30-CABG-HRRP,123,,0.9058,0.1591,0.1756,20,07/01/2020,06/30/2023
SAMPLE HOSPITAL 534,100533,MI,READM-30-COPD-HRRP,162,,0.9765,0.2463,0.2522,40,07/01/2020,06/30/2023
SAMPLE HOSPITAL 534,100533,MI,READM-30-HF-HRRP,113,,0.9386,0.1262,0.1345,14,07/01/2020,06/30/2023
SAMPLE HOSPITAL 534,100533,MI,READM-30-HIP-KNEE-HRRP,306,,1.0361,0.1721,0.1661,53,07/01/2020,06/30/2023
SAMPLE HOSPITAL 534,100533,MI,READM-30-PN-HRRP,398,,0.9516,0.1702,0.1789,68,07/01/2020,06/30/2023
SAMPLE HOSPITAL 534,100533,MI,READM-30-AMI-HRRP,347,,1.1048,0.1461,0.1322,51,07/01/2020,06/30/2023
SAMPLE HOSPITAL 535,100534,UT,READM-30-HIP-KNEE-HRRP,59,,1.069,0.1431,0.1339,8,07/01/2020,06/30/2023
SAMPLE HOSPITAL 535,100534,UT,READM-30-CABG-HRRP,109,,0.972,0.1609,0.1655,18,07/01/2020,06/30/2023
SAMPLE HOSPITAL 535,100534,UT,READM-30-COPD-HRRP,51,,1.0153,0.1345,0.1325,7,07/01/2020,06/30/2023
SAMPLE HOSPITAL 535,100534,UT,READM-30-HF-HRRP,411,,1.0328,0.2449,0.2371,101,07/01/2020,06/30/2023
SAMPLE HOSPITAL 535,100534,UT,READM-30-AMI-HRRP,292,,1.1139,0.2304,0.2068,67,07/01/2020,06/30/2023
SAMPLE HOSPITAL 535,100534,UT,READM-30-PN-HRRP,310,,0.931,0.1518,0.1631,47,07/01/2020,06/30/2023
SAMPLE HOSPITAL 536,100535,UT,READM-30-AMI-HRRP,111,,0.8567,0.1838,0.2146,20,07/01/2020,06/30/2023
SAMPLE HOSPITAL 536,100535,UT,READM-30-HIP-KNEE-HRRP,553,,0.8571,0.1174,0.137,65,07/01/2020,06/30/2023
SAMPLE HOSPITAL 536,100535,UT,READM-30-PN-HRRP,1304,,1.0014,0.2311,0.2308,301,07/01/2020,06/30/2023
SAMPLE HOSPITAL 536,100535,UT,READM-30-COPD-HRRP,566,,1.0286,0.2326,0.2261,132,07/01/2020,06/30/2023
SAMPLE HOSPITAL 537,100536,RI,READM-30-HF-HRRP,68,,0.9976,0.1845,0.1849,13,07/01/2020,06/30/2023
SAMPLE HOSPITAL 537,100536,RI,READM-30-HIP-KNEE-HRRP,183,,1.0184,0.1306,0.1282,24,07/01/2020,06/30/2023
SAMPLE HOSPITAL 537,100536,RI,READM-30-PN-HRRP,131,,0.9251,0.2323,0.2511,30,07/01/2020,06/30/2023
SAMPLE HOSPITAL 537,100536,RI,READM-30-AMI-HRRP,259,,1.1117,0.2442,0.2197,63,07/01/2020,06/30/2023
SAMPLE HOSPITAL 537,100536,RI,READM-30-COPD-HRRP,Too Few to Report,1,Too Few to Report,,,,07/01/2020,06/30/2023
SAMPLE HOSPITAL 538,100537,VT,READM-30-CABG-HRRP,107,,1.0411,0.1405,0.135,15,07/01/2020,06/30/2023
SAMPLE HOSPITAL 538,100537,VT,READM-30-HIP-KNEE-HRRP,255,,1.0194,0.2298,0.2254,59,07/01/2020,06/30/2023
SAMPLE HOSPITAL 538,100537,VT,READM-30-PN-HRRP,76,,1.0152,0.1958,0.1929,15,07/01/2020,06/30/2023
SAMPLE HOSPITAL 538,100537,VT,READM-30-HF-HRRP,186,,0.9347,0.1187,0.127,22,07/01/2020,06/30/2023
SAMPLE HOSPITAL 538,100537,VT,READM-30-COPD-HRRP,242,,0.9727,0.2395,0.2462,58,07/01/2020,06/30/2023
SAMPLE HOSPITAL 538,100537,VT,READM-30-AMI-HRRP,175,,1.0501,0.1439,0.137,25,07/01/2020,06/30/2023
SAMPLE HOSPITAL 539,100538,KY,READM-30-HIP-KNEE-HRRP,379,,1.154,0.2288,0.1983,87,07/01/2020,06/30/2023
SAMPLE HOSPITAL 539,100538,KY,READM-30-CABG-HRRP,277,,1.0742,0.1293,0.1204,36,07/01/2020,06/30/2023
SAMPLE HOSPITAL 539,100538,KY,READM-30-HF-HRRP,166,,1.0761,0.1925,0.1789,32,07/01/2020,06/30/2023
SAMPLE HOSPITAL 539,100538,KY,READM-30-PN-HRRP,640,,0.9243,0.2079,0.2249,133,07/01/2020,06/30/2023
SAMPLE HOSPITAL 540,100539,IL,READM-30-PN-HRRP,349,,1.0372,0.2241,0.2161,78,07/01/2020,06/30/2023
SAMPLE HOSPITAL 540,100539,IL,READM-30-HF-HRRP,224,,1.078,0.2552,0.2367,57,07/01/2020,06/30/2023
SAMPLE HOSPITAL 540,100539,IL,READM-30-COPD-HRRP,431,,1.0612,0.2387,0.2249,103,07/01/2020,06/30/2023
SAMPLE HOSPITAL 540,100539,IL,READM-30-HIP-KNEE-HRRP,174,,1.0165,0.2094,0.206,36,07/01/2020,06/30/2023
SAMPLE HOSPITAL 541,100540,VA,READM-30-COPD-HRRP,580,,0.9943,0.1787,0.1797,104,07/01/2020,06/30/2023
SAMPLE HOSPITAL 541,100540,VA,READM-30-CABG-HRRP,131,,0.8946,0.1152,0.1288,15,07/01/2020,06/30/2023
SAMPLE HOSPITAL 541,100540,VA,READM-30-HF-HRRP,58,,0.987,0.177,0.1793,10,07/01/2020,06/30/2023
SAMPLE HOSPITAL 541,100540,VA,READM-30-AMI-HRRP,291,,0.9889,0.1421,0.1437,41,07/01/2020,06/30/2023
SAMPLE HOSPITAL 541,100540,VA,READM-30-HIP-KNEE-HRRP,71,,1.0107,0.197,0.1949,14,07/01/2020,06/30/2023
SAMPLE HOSPITAL 541,100540,VA,READM-30-PN-HRRP,102,,1.0645,0.2686,0.2523,27,07/01/2020,06/30/2023
SAMPLE HOSPITAL 542,100541,TX,READM-30-AMI-HRRP,83,,1.0511,0.2311,0.2199,19,07/01/2020,06/30/2023
SAMPLE HOSPITAL 542,100541,TX,READM-30-HF-HRRP,88,,1.0833,0.1968,0.1817,17,07/01/2020,06/30/2023
SAMPLE HOSPITAL 542,100541,TX,READM-30-COPD-HRRP,143,,0.8707,0.1405,0.1614,20,07/01/2020,06/30/2023
SAMPLE HOSPITAL 542,100541,TX,READM-30-HIP-KNEE-HRRP,282,,0.9963,0.1914,0.1921,54,07/01/2020,06/30/2023
SAMPLE HOSPITAL 542,100541,TX,READM-30-PN-HRRP,238,,1.0302,0.142,0.1378,34,07/01/2020,06/30/2023
SAMPLE HOSPITAL 543,100542,NV,READM-30-COPD-HRRP,135,,1.0106,0.1651,0.1634,22,07/01/2020,06/30/2023
SAMPLE HOSPITAL 543,100542,NV,READM-30-CABG-HRRP,272,,0.9991,0.1962,0.1964,53,07/01/2020,06/30/2023
SAMPLE HOSPITAL 543,100542,NV,READM-30-PN-HRRP,262,,0.9231,0.1662,0.18,44,07/01/2020,06/30/2023
SAMPLE HOSPITAL 543,100542,NV,READM-30-HF-HRRP,416,,1.0282,0.237,0.2305,99,07/01/2020,06/30/2023
SAMPLE HOSPITAL 543,100542,NV,READM-30-HIP-KNEE-HRRP,70,,1.0405,0.2183,0.2098,15,07/01/2020,06/30/2023
SAMPLE HOSPITAL 544,100543,MI,READM-30-COPD-HRRP,124,,1.0828,0.2659,0.2456,33,07/01/2020,06/30/2023
SAMPLE HOSPITAL 544,100543,MI,READM-30-AMI-HRRP,337,,1.1398,0.204,0.179,69,07/01/2020,06/30/2023
SAMPLE HOSPITAL 544,100543,MI,READM-30-CABG-HRRP,132,,0.9743,0.1384,0.142,18,07/01/2020,06/30/2023
SAMPLE HOSPITAL 544,100543,MI,READM-30-HF-HRRP,255,,0.9354,0.1187,0.1269,30,07/01/2020,06/30/2023
SAMPLE HOSPITAL 545,100544,TN,READM-30-CABG-HRRP,136,,1.0396,0.1909,0.1836,26,07/01/2020,06/30/2023
SAMPLE HOSPITAL 545,100544,TN,READM-30-HF-HRRP,131,,1.0888,0.2349,0.2157,31,07/01/2020,06/30/2023
SAMPLE HOSPITAL 545,100544,TN,READM-30-HIP-KNEE-HRRP,71,,0.9088,0.2238,0.2463,16,07/01/2020,06/30/2023
SAMPLE HOSPITAL 545,100544,TN,READM-30-PN-HRRP,913,,0.8317,0.1062,0.1277,97,07/01/2020,06/30/2023
SAMPLE HOSPITAL 546,100545,WV,READM-30-HF-HRRP,232,,0.9537,0.2129,0.2232,49,07/01/2020,06/30/2023
SAMPLE HOSPITAL 546,100545,WV,READM-30-COPD-HRRP,187,,0.9213,0.1732,0.188,32,07/01/2020,06/30/2023
SAMPLE HOSPITAL 546,100545,WV,READM-30-AMI-HRRP,48,,0.8521,0.1544,0.1812,7,07/01/2020,06/30/2023
SAMPLE HOSPITAL 547,100546,AK,READM-30-COPD-HRRP,186,,1.0114,0.1875,0.1854,35,07/01/2020,06/30/2023
SAMPLE HOSPITAL 547,100546,AK,READM-30-PN-HRRP,113,,0.9455,0.2067,0.2186,23,07/01/2020,06/30/2023
SAMPLE HOSPITAL 547,100546,AK,READM-30-HIP-KNEE-HRRP,172,,0.9722,0.1816,0.1868,31,07/01/2020,06/30/2023
SAMPLE HOSPITAL 547,100546,AK,READM-30-AMI-HRRP,226,,1.103,0.1427,0.1294,32,07/01/2020,06/30/2023
SAMPLE HOSPITAL 547,100546,AK,READM-30-HF-HRRP,93,,1.1297,0.2366,0.2094,22,07/01/2020,06/30/2023
SAMPLE HOSPITAL 547,100546,AK,READM-30-CABG-HRRP,214,,0.99,0.1217,0.1229,26,07/01/2020,06/30/2023
SAMPLE HOSPITAL 548,100547,CA,READM-30-HF-HRRP,191,,1.1704,0.2341,0.2,45,07/01/2020,06/30/2023
SAMPLE HOSPITAL 548,100547,CA,READM-30-PN-HRRP,499,,0.9718,0.2039,0.2098,102,07/01/2020,06/30/2023
SAMPLE HOSPITAL 548,100547,CA,READM-30-CABG-HRRP,432,,1.0852,0.1362,0.1255,59,07/01/2020,06/30/2023
SAMPLE HOSPITAL 548,100547,CA,READM-30-HIP-KNEE-HRRP,156,,1.0599,0.2524,0.2381,39,07/01/2020,06/30/2023
SAMPLE HOSPITAL 549,100548,PA,READM-30-HF-HRRP,105,,0.9655,0.2496,0.2585,26,07/01/2020,06/30/2023
SAMPLE HOSPITAL 549,100548,PA,READM-30-COPD-HRRP,354,,1.0248,0.2219,0.2165,79,07/01/2020,06/30/2023
SAMPLE HOSPITAL 549,100548,PA,READM-30-HIP-KNEE-HRRP,252,,0.9939,0.1611,0.1621,41,07/01/2020,06/30/2023
SAMPLE HOSPITAL 549,100548,PA,READM-30-CABG-HRRP,100,,0.9403,0.1687,0.1794,17,07/01/2020,06/30/2023
SAMPLE HOSPITAL 550,100549,WV,READM-30-PN-HRRP,178,,1.1069,0.1633,0.1475,29,07/01/2020,06/30/2023
SAMPLE HOSPITAL 550,100549,WV,READM-30-AMI-HRRP,115,,0.9275,0.2088,0.2251,24,07/01/2020,06/30/2023
SAMPLE HOSPITAL 550,100549,WV,READM-30-HF-HRRP,1014,,0.951,0.2237,0.2352,227,07/01/2020,06/30/2023
SAMPLE HOSPITAL 550,100549,WV,READM-30-COPD-HRRP,938,,0.9248,0.2034,0.2199,191,07/01/2020,06/30/2023
SAMPLE HOSPITAL 550,100549,WV,READM-30-HIP-KNEE-HRRP,478,,0.9897,0.2266,0.229,108,07/01/2020,06/30/2023
SAMPLE HOSPITAL 550,100549,WV,READM-30-CABG-HRRP,398,,0.9765,0.2508,0.2568,100,07/01/2020,06/30/2023
SAMPLE HOSPITAL 551,100550,WI,READM-30-AMI-HRRP,281,,1.0376,0.1462,0.1409,41,07/01/2020,06/30/2023
SAMPLE HOSPITAL 551,100550,WI,READM-30-HF-HRRP,113,,1.1126,0.2226,0.2001,25,07/01/2020,06/30/2023
SAMPLE HOSPITAL 551,100550,WI,READM-30-PN-HRRP,154,,1.0189,0.1907,0.1872,29,07/01/2020,06/30/2023
SAMPLE HOSPITAL 551,100550,WI,READM-30-COPD-HRRP,809,,1.0267,0.2565,0.2498,208,07/01/2020,06/30/2023
SAMPLE HOSPITAL 551,100550,WI,READM-30-CABG-HRRP,1075,,0.9974,0.2518,0.2525,271,07/01/2020,06/30/2023
SAMPLE HOSPITAL 551,100550,WI,READM-30-HIP-KNEE-HRRP,218,,1.0383,0.2432,0.2342,53,07/01/2020,06/30/2023
SAMPLE HOSPITAL 552,100551,WY,READM-30-HF-HRRP,175,,1.0461,0.1656,0.1583,29,07/01/2020,06/30/2023
SAMPLE HOSPITAL 552,100551,WY,READM-30-PN-HRRP,916,,1.085,0.2542,0.2343,233,07/01/2020,06/30/2023
SAMPLE HOSPITAL 552,100551,WY,READM-30-COPD-HRRP,251,,0.9898,0.1315,0.1329,33,07/01/2020,06/30/2023
SAMPLE HOSPITAL 552,100551,WY,READM-30-CABG-HRRP,149,,0.9756,0.1297,0.1329,19,07/01/2020,06/30/2023
SAMPLE HOSPITAL 552,100551,WY,READM-30-AMI-HRRP,142,,0.9207,0.179,0.1944,25,07/01/2020,06/30/2023
SAMPLE HOSPITAL 552,100551,WY,READM-30-HIP-KNEE-HRRP,679,,1.1052,0.2,0.181,136,07/01/2020,06/30/2023
SAMPLE HOSPITAL 553,100552,IN,READM-30-PN-HRRP,372,,0.9462,0.1298,0.1372,48,07/01/2020,06/30/2023
SAMPLE HOSPITAL 553,100552,IN,READM-30-CABG-HRRP,35,,0.8745,0.2233,0.2554,8,07/01/2020,06/30/2023
SAMPLE HOSPITAL 553,100552,IN,READM-30-COPD-HRRP,887,,0.998,0.1729,0.1732,153,07/01/2020,06/30/2023
SAMPLE HOSPITAL 553,100552,IN,READM-30-HIP-KNEE-HRRP,73,,1.0025,0.2413,0.2407,18,07/01/2020,06/30/2023
SAMPLE HOSPITAL 554,100553,SC,READM-30-HIP-KNEE-HRRP,67,,1.0493,0.1259,0.12,8,07/01/2020,06/30/2023
SAMPLE HOSPITAL 554,100553,SC,READM-30-COPD-HRRP,208,,0.8453,0.1908,0.2257,40,07/01/2020,06/30/2023
SAMPLE HOSPITAL 554,100553,SC,READM-30-CABG-HRRP,102,,0.9356,0.1569,0.1677,16,07/01/2020,06/30/2023
SAMPLE HOSPITAL 554,100553,SC,READM-30-HF-HRRP,264,,1.0898,0.1442,0.1323,38,07/01/2020,06/30/2023
SAMPLE HOSPITAL 555,100554,LA,READM-30-CABG-HRRP,270,,0.9276,0.1636,0.1764,44,07/01/2020,06/30/2023
SAMPLE HOSPITAL 555,100554,LA,READM-30-COPD-HRRP,159,,1.0955,0.1632,0.149,26,07/01/2020,06/30/2023
SAMPLE HOSPITAL 555,100554,LA,READM-30-PN-HRRP,373,,0.933,0.1548,0.1659,58,07/01/2020,06/30/2023
SAMPLE HOSPITAL 555,100554,LA,READM-30-HIP-KNEE-HRRP,387,,1.1007,0.2215,0.2012,86,07/01/2020,06/30/2023
SAMPLE HOSPITAL 555,100554,LA,READM-30-HF-HRRP,183,,1.0456,0.1929,0.1845,35,07/01/2020,06/30/2023
SAMPLE HOSPITAL 555,100554,LA,READM-30-AMI-HRRP,77,,1.0579,0.2383,0.2253,18,07/01/2020,06/30/2023
SAMPLE HOSPITAL 556,100555,AR,READM-30-HIP-KNEE-HRRP,164,,0.9944,0.2526,0.254,41,07/01/2020,06/30/2023
SAMPLE HOSPITAL 556,100555,AR,READM-30-AMI-HRRP,157,,0.956,0.2028,0.2121,32,07/01/2020,06/30/2023
SAMPLE HOSPITAL 556,100555,AR,READM-30-COPD-HRRP,177,,1.013,0.2358,0.2328,42,07/01/2020,06/30/2023
SAMPLE HOSPITAL 556,100555,AR,READM-30-HF-HRRP,81,,1.0629,0.2426,0.2282,20,07/01/2020,06/30/2023
SAMPLE HOSPITAL 556,100555,AR,READM-30-PN-HRRP,509,,0.9635,0.1777,0.1844,90,07/01/2020,06/30/2023
SAMPLE HOSPITAL 557,100556,HI,READM-30-CABG-HRRP,173,,0.9775,0.2368,0.2423,41,07/01/2020,06/30/2023
SAMPLE HOSPITAL 557,100556,HI,READM-30-HIP-KNEE-HRRP,605,,0.9678,0.1436,0.1484,87,07/01/2020,06/30/2023
SAMPLE HOSPITAL 557,100556,HI,READM-30-PN-HRRP,186,,0.8821,0.171,0.1938,32,07/01/2020,06/30/2023
SAMPLE HOSPITAL 557,100556,HI,READM-30-COPD-HRRP,546,,0.9884,0.1738,0.1758,95,07/01/2020,06/30/2023
SAMPLE HOSPITAL 558,100557,WV,READM-30-COPD-HRRP,145,,1.0988,0.272,0.2475,39,07/01/2020,06/30/2023
SAMPLE HOSPITAL 558,100557,WV,READM-30-CABG-HRRP,144,,1.0399,0.1963,0.1888,28,07/01/2020,06/30/2023
SAMPLE HOSPITAL 558,100557,WV,READM-30-AMI-HRRP,649,,1.0481,0.2301,0.2195,149,07/01/2020,06/30/2023
SAMPLE HOSPITAL 558,100557,WV,READM-30-HF-HRRP,255,,1.0492,0.2188,0.2085,56,07/01/2020,06/30/2023
SAMPLE HOSPITAL 559,100558,PA,READM-30-AMI-HRRP,453,,0.9737,0.2416,0.2481,109,07/01/2020,06/30/2023
SAMPLE HOSPITAL 559,100558,PA,READM-30-CABG-HRRP,116,,1.1053,0.1599,0.1447,19,07/01/2020,06/30/2023
SAMPLE HOSPITAL 559,100558,PA,READM-30-HIP-KNEE-HRRP,261,,0.9214,0.1614,0.1752,42,07/01/2020,06/30/2023
SAMPLE HOSPITAL 559,100558,PA,READM-30-HF-HRRP,26,,0.9095,0.1327,0.1459,3,07/01/2020,06/30/2023
SAMPLE HOSPITAL 560,100559,SD,READM-30-AMI-HRRP,127,,1.045,0.1904,0.1822,24,07/01/2020,06/30/2023
SAMPLE HOSPITAL 560,100559,SD,READM-30-PN-HRRP,63,,1.1758,0.303,0.2577,19,07/01/2020,06/30/2023
SAMPLE HOSPITAL 560,100559,SD,READM-30-CABG-HRRP,64,,1.0894,0.2072,0.1902,13,07/01/2020,06/30/2023
SAMPLE HOSPITAL 561,100560,IA,READM-30-HF-HRRP,273,,0.9743,0.1519,0.1559,41,07/01/2020,06/30/2023
SAMPLE HOSPITAL 561,100560,IA,READM-30-AMI-HRRP,150,,0.9608,0.147,0.153,22,07/01/2020,06/30/2023
SAMPLE HOSPITAL 561,100560,IA,READM-30-COPD-HRRP,328,,0.9694,0.1891,0.1951,62,07/01/2020,06/30/2023
SAMPLE HOSPITAL 561,100560,IA,READM-30-CABG-HRRP,294,,1.0099,0.197,0.1951,58,07/01/2020,06/30/2023
SAMPLE HOSPITAL 562,100561,CO,READM-30-PN-HRRP,Too Few to Report,1,Too Few to Report,,,,07/01/2020,06/30/2023
SAMPLE HOSPITAL 562,100561,CO,READM-30-AMI-HRRP,129,,0.9579,0.2176,0.2272,28,07/01/2020,06/30/2023
SAMPLE HOSPITAL 562,100561,CO,READM-30-HF-HRRP,735,,0.9705,0.1876,0.1933,138,07/01/2020,06/30/2023
SAMPLE HOSPITAL 562,100561,CO,READM-30-CABG-HRRP,47,,0.9176,0.1486,0.1619,7,07/01/2020,06/30/2023
SAMPLE HOSPITAL 562,100561,CO,READM-30-HIP-KNEE-HRRP,54,,0.9736,0.2115,0.2172,11,07/01/2020,06/30/2023
SAMPLE HOSPITAL 562,100561,CO,READM-30-COPD-HRRP,244,,1.0817,0.2528,0.2337,62,07/01/2020,06/30/2023
SAMPLE HOSPITAL 563,100562,MA,READM-30-PN-HRRP,72,,1.0347,0.1283,0.124,9,07/01/2020,06/30/2023
SAMPLE HOSPITAL 563,100562,MA,READM-30-CABG-HRRP,182,,1.0465,0.1971,0.1883,36,07/01/2020,06/30/2023
SAMPLE HOSPITAL 563,100562,MA,READM-30-HF-HRRP,Too Few to Report,1,Too Few to Report,,,,07/01/2020,06/30/2023
SAMPLE HOSPITAL 563,100562,MA,READM-30-COPD-HRRP,506,,1.1251,0.2912,0.2588,147,07/01/2020,06/30/2023
SAMPLE HOSPITAL 563,100562,MA,READM-30-HIP-KNEE-HRRP,720,,0.9566,0.18,0.1882,130,07/01/2020,06/30/2023
SAMPLE HOSPITAL 563,100562,MA,READM-30-AMI-HRRP,404,,1.0905,0.2279,0.209,92,07/01/2020,06/30/2023
SAMPLE HOSPITAL 564,100563,NV,READM-30-HF-HRRP,455,,0.9686,0.1601,0.1653,73,07/01/2020,06/30/2023
SAMPLE HOSPITAL 564,100563,NV,READM-30-HIP-KNEE-HRRP,170,,0.9246,0.2239,0.2422,38,07/01/2020,06/30/2023
SAMPLE HOSPITAL 564,100563,NV,READM-30-CABG-HRRP,755,,1.0646,0.2116,0.1988,160,07/01/2020,06/30/2023
SAMPLE HOSPITAL 564,100563,NV,READM-30-AMI-HRRP,1081,,0.9743,0.2393,0.2456,259,07/01/2020,06/30/2023
SAMPLE HOSPITAL 564,100563,NV,READM-30-PN-HRRP,70,,1.0546,0.2143,0.2032,15,07/01/2020,06/30/2023
SAMPLE HOSPITAL 564,100563,NV,READM-30-COPD-HRRP,219,,0.972,0.1377,0.1417,30,07/01/2020,06/30/2023
SAMPLE HOSPITAL 565,100564,VT,READM-30-PN-HRRP,57,,1.0509,0.2268,0.2158,13,07/01/2020,06/30/2023
SAMPLE HOSPITAL 565,100564,VT,READM-30-COPD-HRRP,543,,0.8678,0.2116,0.2438,115,07/01/2020,06/30/2023
SAMPLE HOSPITAL 565,100564,VT,READM-30-AMI-HRRP,104,,1.0537,0.1495,0.1419,16,07/01/2020,06/30/2023
SAMPLE HOSPITAL 566,100565,NJ,READM-30-COPD-HRRP,510,,0.9172,0.1373,0.1497,70,07/01/2020,06/30/2023
SAMPLE HOSPITAL 566,100565,NJ,READM-30-HIP-KNEE-HRRP,79,,1.1838,0.1933,0.1633,15,07/01/2020,06/30/2023
SAMPLE HOSPITAL 566,100565,NJ,READM-30-CABG-HRRP,301,,0.9817,0.228,0.2322,69,07/01/2020,06/30/2023
SAMPLE HOSPITAL 566,100565,NJ,READM-30-HF-HRRP,216,,1.0678,0.2125,0.199,46,07/01/2020,06/30/2023
SAMPLE HOSPITAL 567,100566,SD,READM-30-HF-HRRP,57,,1.0546,0.1749,0.1658,10,07/01/2020,06/30/2023
SAMPLE HOSPITAL 567,100566,SD,READM-30-AMI-HRRP,618,,0.9698,0.22,0.2269,136,07/01/2020,06/30/2023
SAMPLE HOSPITAL 567,100566,SD,READM-30-HIP-KNEE-HRRP,304,,1.0927,0.1331,0.1218,40,07/01/2020,06/30/2023
SAMPLE HOSPITAL 567,100566,SD,READM-30-COPD-HRRP,101,,0.9964,0.2291,0.2299,23,07/01/2020,06/30/2023
SAMPLE HOSPITAL 568,100567,SC,READM-30-CABG-HRRP,342,,0.9687,0.1315,0.1358,45,07/01/2020,06/30/2023
SAMPLE HOSPITAL 568,100567,SC,READM-30-PN-HRRP,165,,1.0107,0.2338,0.2313,39,07/01/2020,06/30/2023
SAMPLE HOSPITAL 568,100567,SC,READM-30-COPD-HRRP,74,,0.9623,0.1248,0.1297,9,07/01/2020,06/30/2023
SAMPLE HOSPITAL 568,100567,SC,READM-30-AMI-HRRP,96,,1.0365,0.209,0.2016,20,07/01/2020,06/30/2023
SAMPLE HOSPITAL 569,100568,NJ,READM-30-HF-HRRP,181,,0.9075,0.1576,0.1737,29,07/01/2020,06/30/2023
SAMPLE HOSPITAL 569,100568,NJ,READM-30-CABG-HRRP,436,,1.0133,0.1589,0.1568,69,07/01/2020,06/30/2023
SAMPLE HOSPITAL 569,100568,NJ,READM-30-HIP-KNEE-HRRP,313,,1.0268,0.2668,0.2598,84,07/01/2020,06/30/2023
SAMPLE HOSPITAL 569,100568,NJ,READM-30-AMI-HRRP,211,,0.9196,0.1809,0.1967,38,07/01/2020,06/30/2023
SAMPLE HOSPITAL 569,100568,NJ,READM-30-COPD-HRRP,219,,0.9275,0.2338,0.2521,51,07/01/2020,06/30/2023
SAMPLE HOSPITAL 569,100568,NJ,READM-30-PN-HRRP,398,,0.969,0.2208,0.2279,88,07/01/2020,06/30/2023
SAMPLE HOSPITAL 570,100569,KS,READM-30-HIP-KNEE-HRRP,190,,1.0314,0.1814,0.1759,34,07/01/2020,06/30/2023
SAMPLE HOSPITAL 570,100569,KS,READM-30-AMI-HRRP,911,,1.0402,0.1258,0.1209,115,07/01/2020,06/30/2023
SAMPLE HOSPITAL 570,100569,KS,READM-30-COPD-HRRP,252,,0.9583,0.199,0.2077,50,07/01/2020,06/30/2023
SAMPLE HOSPITAL 570,100569,KS,READM-30-HF-HRRP,444,,1.0309,0.2521,0.2445,112,07/01/2020,06/30/2023
SAMPLE HOSPITAL 570,100569,KS,READM-30-PN-HRRP,1278,,0.9848,0.1487,0.151,190,07/01/2020,06/30/2023
SAMPLE HOSPITAL 570,100569,KS,READM-30-CABG-HRRP,116,,0.9278,0.1676,0.1806,19,07/01/2020,06/30/2023
SAMPLE HOSPITAL 571,100570,NC,READM-30-COPD-HRRP,542,,0.8778,0.2101,0.2394,114,07/01/2020,06/30/2023
SAMPLE HOSPITAL 571,100570,NC,READM-30-AMI-HRRP,376,,0.9015,0.2207,0.2448,83,07/01/2020,06/30/2023
SAMPLE HOSPITAL 571,100570,NC,READM-30-HIP-KNEE-HRRP,Too Few to Report,1,Too Few to Report,,,,07/01/2020,06/30/2023
SAMPLE HOSPITAL 572,100571,NH,READM-30-CABG-HRRP,92,,1.0563,0.2564,0.2427,24,07/01/2020,06/30/2023
SAMPLE HOSPITAL 572,100571,NH,READM-30-AMI-HRRP,888,,1.1253,0.138,0.1226,123,07/01/2020,06/30/2023
SAMPLE HOSPITAL 572,100571,NH,READM-30-COPD-HRRP,92,,0.9808,0.1758,0.1792,16,07/01/2020,06/30/2023
SAMPLE HOSPITAL 572,100571,NH,READM-30-HF-HRRP,430,,1.1127,0.1816,0.1632,78,07/01/2020,06/30/2023
SAMPLE HOSPITAL 573,100572,ME,READM-30-HIP-KNEE-HRRP,30,,0.9431,0.1197,0.1269,4,07/01/2020,06/30/2023
SAMPLE HOSPITAL 573,100572,ME,READM-30-HF-HRRP,153,,0.9783,0.179,0.183,27,07/01/2020,06/30/2023
SAMPLE HOSPITAL 573,100572,ME,READM-30-CABG-HRRP,83,,0.9596,0.2302,0.2399,19,07/01/2020,06/30/2023
SAMPLE HOSPITAL 573,100572,ME,READM-30-AMI-HRRP,66,,1.0431,0.2707,0.2595,18,07/01/2020,06/30/2023
SAMPLE HOSPITAL 573,100572,ME,READM-30-COPD-HRRP,142,,0.9937,0.1875,0.1887,27,07/01/2020,06/30/2023
SAMPLE HOSPITAL 574,100573,UT,READM-30-HF-HRRP,105,,1.044,0.1639,0.157,17,07/01/2020,06/30/2023
SAMPLE HOSPITAL 574,100573,UT,READM-30-COPD-HRRP,78,,0.942,0.1552,0.1648,12,07/01/2020,06/30/2023
SAMPLE HOSPITAL 574,100573,UT,READM-30-PN-HRRP,90,,1.0767,0.1795,0.1667,16,07/01/2020,06/30/2023
SAMPLE HOSPITAL 575,100574,NE,READM-30-AMI-HRRP,798,,1.0301,0.1741,0.169,139,07/01/2020,06/30/2023
SAMPLE HOSPITAL 575,100574,NE,READM-30-HIP-KNEE-HRRP,200,,1.0707,0.1364,0.1274,27,07/01/2020,06/30/2023
SAMPLE HOSPITAL 575,100574,NE,READM-30-COPD-HRRP,72,,0.907,0.1369,0.1509,10,07/01/2020,06/30/2023
SAMPLE HOSPITAL 576,100575,MD,READM-30-PN-HRRP,668,,1.0801,0.171,0.1583,114,07/01/2020,06/30/2023
SAMPLE HOSPITAL 576,100575,MD,READM-30-CABG-HRRP,29,,0.9677,0.2303,0.238,7,07/01/2020,06/30/2023
SAMPLE HOSPITAL 576,100575,MD,READM-30-AMI-HRRP,475,,0.8829,0.1873,0.2121,89,07/01/2020,06/30/2023
SAMPLE HOSPITAL 576,100575,MD,READM-30-COPD-HRRP,137,,1.0572,0.1406,0.133,19,07/01/2020,06/30/2023
SAMPLE HOSPITAL 576,100575,MD,READM-30-HIP-KNEE-HRRP,547,,1.0254,0.1845,0.1799,101,07/01/2020,06/30/2023
SAMPLE HOSPITAL 577,100576,NJ,READM-30-COPD-HRRP,179,,1.0485,0.2145,0.2046,38,07/01/2020,06/30/2023
SAMPLE HOSPITAL 577,100576,NJ,READM-30-HIP-KNEE-HRRP,875,,1.0866,0.1723,0.1586,151,07/01/2020,06/30/2023
SAMPLE HOSPITAL 577,100576,NJ,READM-30-CABG-HRRP,Too Few to Report,1,Too Few to Report,,,,07/01/2020,06/30/2023
SAMPLE HOSPITAL 577,100576,NJ,READM-30-AMI-HRRP,61,,1.0267,0.1497,0.1458,9,07/01/2020,06/30/2023
SAMPLE HOSPITAL 577,100576,NJ,READM-30-HF-HRRP,156,,1.0488,0.1417,0.1351,22,07/01/2020,06/30/2023
SAMPLE HOSPITAL 578,100577,KS,READM-30-AMI-HRRP,94,,0.9577,0.2411,0.2517,23,07/01/2020,06/30/2023
SAMPLE HOSPITAL 578,100577,KS,READM-30-COPD-HRRP,488,,1.0526,0.1384,0.1315,68,07/01/2020,06/30/2023
SAMPLE HOSPITAL 578,100577,KS,READM-30-PN-HRRP,43,,1.1096,0.1638,0.1476,7,07/01/2020,06/30/2023
SAMPLE HOSPITAL 578,100577,KS,READM-30-HIP-KNEE-HRRP,101,,1.1464,0.1638,0.1429,17,07/01/2020,06/30/2023
SAMPLE HOSPITAL 578,100577,KS,READM-30-CABG-HRRP,184,,0.9834,0.1589,0.1616,29,07/01/2020,06/30/2023
SAMPLE HOSPITAL 578,100577,KS,READM-30-HF-HRRP,121,,1.0415,0.234,0.2247,28,07/01/2020,06/30/2023
SAMPLE HOSPITAL 579,100578,MS,READM-30-CABG-HRRP,654,,0.9407,0.229,0.2434,150,07/01/2020,06/30/2023
SAMPLE HOSPITAL 579,100578,MS,READM-30-AMI-HRRP,107,,0.9673,0.2444,0.2527,26,07/01/2020,06/30/2023
SAMPLE HOSPITAL 579,100578,MS,READM-30-PN-HRRP,759,,0.9409,0.1287,0.1368,98,07/01/2020,06/30/2023
SAMPLE HOSPITAL 579,100578,MS,READM-30-HF-HRRP,417,,0.9739,0.1584,0.1626,66,07/01/2020,06/30/2023
SAMPLE HOSPITAL 580,100579,MA,READM-30-COPD-HRRP,221,,0.9356,0.1946,0.208,43,07/01/2020,06/30/2023
SAMPLE HOSPITAL 580,100579,MA,READM-30-PN-HRRP,55,,0.9673,0.196,0.2026,11,07/01/2020,06/30/2023
SAMPLE HOSPITAL 580,100579,MA,READM-30-HIP-KNEE-HRRP,300,,1.0567,0.1754,0.166,53,07/01/2020,06/30/2023
SAMPLE HOSPITAL 580,100579,MA,READM-30-AMI-HRRP,118,,1.1343,0.2414,0.2128,28,07/01/2020,06/30/2023
SAMPLE HOSPITAL 580,100579,MA,READM-30-HF-HRRP,108,,1.0815,0.1494,0.1381,16,07/01/2020,06/30/2023
SAMPLE HOSPITAL 580,100579,MA,READM-30-CABG-HRRP,458,,1.0148,0.2586,0.2548,118,07/01/2020,06/30/2023
SAMPLE HOSPITAL 581,100580,OR,READM-30-HIP-KNEE-HRRP,1016,,0.9792,0.1697,0.1733,172,07/01/2020,06/30/2023
SAMPLE HOSPITAL 581,100580,OR,READM-30-PN-HRRP,218,,0.9669,0.1493,0.1544,33,07/01/2020,06/30/2023
SAMPLE HOSPITAL 581,100580,OR,READM-30-AMI-HRRP,283,,1.0201,0.148,0.1451,42,07/01/2020,06/30/2023
SAMPLE HOSPITAL 582,100581,NH,READM-30-COPD-HRRP,26,,1.0046,0.2445,0.2434,6,07/01/2020,06/30/2023
SAMPLE HOSPITAL 582,100581,NH,READM-30-PN-HRRP,81,,1.0347,0.2539,0.2454,21,07/01/2020,06/30/2023
SAMPLE HOSPITAL 582,100581,NH,READM-30-AMI-HRRP,186,,0.9824,0.1277,0.13,24,07/01/2020,06/30/2023
SAMPLE HOSPITAL 583,100582,AK,READM-30-CABG-HRRP,69,,1.0062,0.2112,0.2099,15,07/01/2020,06/30/2023
SAMPLE HOSPITAL 583,100582,AK,READM-30-AMI-HRRP,256,,1.0045,0.171,0.1702,44,07/01/2020,06/30/2023
SAMPLE HOSPITAL 583,100582,AK,READM-30-HIP-KNEE-HRRP,Too Few to Report,1,Too Few to Report,,,,07/01/2020,06/30/2023
SAMPLE HOSPITAL 583,100582,AK,READM-30-COPD-HRRP,256,,1.0765,0.246,0.2285,63,07/01/2020,06/30/2023
SAMPLE HOSPITAL 583,100582,AK,READM-30-PN-HRRP,287,,1.0214,0.2473,0.2421,71,07/01/2020,06/30/2023
SAMPLE HOSPITAL 583,100582,AK,READM-30-HF-HRRP,79,,1.0445,0.2316,0.2217,18,07/01/2020,06/30/2023
SAMPLE HOSPITAL 584,100583,TX,READM-30-CABG-HRRP,643,,1.1282,0.1845,0.1635,119,07/01/2020,06/30/2023
SAMPLE HOSPITAL 584,100583,TX,READM-30-COPD-HRRP,63,,1.073,0.1543,0.1438,10,07/01/2020,06/30/2023
SAMPLE HOSPITAL 584,100583,TX,READM-30-HF-HRRP,639,,1.0151,0.1661,0.1636,106,07/01/2020,06/30/2023
SAMPLE HOSPITAL 585,100584,OK,READM-30-COPD-HRRP,271,,1.0268,0.1236,0.1204,33,07/01/2020,06/30/2023
SAMPLE HOSPITAL 585,100584,OK,READM-30-HIP-KNEE-HRRP,81,,0.9857,0.1889,0.1916,15,07/01/2020,06/30/2023
SAMPLE HOSPITAL 585,100584,OK,READM-30-CABG-HRRP,494,,0.9501,0.142,0.1495,70,07/01/2020,06/30/2023
SAMPLE HOSPITAL 585,100584,OK,READM-30-AMI-HRRP,43,,1.0437,0.2706,0.2593,12,07/01/2020,06/30/2023
SAMPLE HOSPITAL 585,100584,OK,READM-30-PN-HRRP,434,,0.9841,0.141,0.1433,61,07/01/2020,06/30/2023
SAMPLE HOSPITAL 585,100584,OK,READM-30-HF-HRRP,317,,0.9177,0.1177,0.1283,37,07/01/2020,06/30/2023
SAMPLE HOSPITAL 586,100585,FL,READM-30-HF-HRRP,216,,1.0166,0.1552,0.1527,34,07/01/2020,06/30/2023
SAMPLE HOSPITAL 586,100585,FL,READM-30-PN-HRRP,Too Few to Report,1,Too Few to Report,,,,07/01/2020,06/30/2023
SAMPLE HOSPITAL 586,100585,FL,READM-30-AMI-HRRP,265,,0.9474,0.2189,0.2311,58,07/01/2020,06/30/2023
SAMPLE HOSPITAL 586,100585,FL,READM-30-HIP-KNEE-HRRP,926,,0.9535,0.233,0.2444,216,07/01/2020,06/30/2023
SAMPLE HOSPITAL 587,100586,CO,READM-30-COPD-HRRP,576,,1.0232,0.2135,0.2087,123,07/01/2020,06/30/2023
SAMPLE HOSPITAL 587,100586,CO,READM-30-AMI-HRRP,1048,,1.1012,0.2262,0.2054,237,07/01/2020,06/30/2023
SAMPLE HOSPITAL 587,100586,CO,READM-30-HF-HRRP,256,,0.9195,0.2005,0.2181,51,07/01/2020,06/30/2023
SAMPLE HOSPITAL 587,100586,CO,READM-30-HIP-KNEE-HRRP,28,,1.0666,0.1641,0.1539,5,07/01/2020,06/30/2023
SAMPLE HOSPITAL 587,100586,CO,READM-30-PN-HRRP,517,,1.0601,0.2185,0.2061,113,07/01/2020,06/30/2023
SAMPLE HOSPITAL 588,100587,OK,READM-30-HIP-KNEE-HRRP,134,,1.003,0.1273,0.1269,17,07/01/2020,06/30/2023
SAMPLE HOSPITAL 588,100587,OK,READM-30-HF-HRRP,450,,0.9471,0.231,0.2439,104,07/01/2020,06/30/2023
SAMPLE HOSPITAL 588,100587,OK,READM-30-PN-HRRP,135,,0.8616,0.1813,0.2104,24,07/01/2020,06/30/2023
SAMPLE HOSPITAL 589,100588,GA,READM-30-HF-HRRP,121,,1.0621,0.2236,0.2105,27,07/01/2020,06/30/2023
SAMPLE HOSPITAL 589,100588,GA,READM-30-HIP-KNEE-HRRP,94,,1.009,0.1729,0.1714,16,07/01/2020,06/30/2023
SAMPLE HOSPITAL 589,100588,GA,READM-30-COPD-HRRP,762,,1.0412,0.1953,0.1876,149,07/01/2020,06/30/2023
SAMPLE HOSPITAL 589,100588,GA,READM-30-AMI-HRRP,418,,1.0471,0.2131,0.2035,89,07/01/2020,06/30/2023
SAMPLE HOSPITAL 590,100589,AK,READM-30-PN-HRRP,785,,0.9932,0.1798,0.181,141,07/01/2020,06/30/2023
SAMPLE HOSPITAL 590,100589,AK,READM-30-COPD-HRRP,199,,0.9966,0.1765,0.1771,35,07/01/2020,06/30/2023
SAMPLE HOSPITAL 590,100589,AK,READM-30-HIP-KNEE-HRRP,117,,1.0572,0.1385,0.131,16,07/01/2020,06/30/2023
SAMPLE HOSPITAL 590,100589,AK,READM-30-HF-HRRP,30,,1.1278,0.2459,0.218,7,07/01/2020,06/30/2023
SAMPLE HOSPITAL 590,100589,AK,READM-30-CABG-HRRP,188,,1.0587,0.2434,0.2299,46,07/01/2020,06/30/2023
SAMPLE HOSPITAL 590,100589,AK,READM-30-AMI-HRRP,89,,1.1337,0.253,0.2232,23,07/01/2020,06/30/2023
SAMPLE HOSPITAL 591,100590,VT,READM-30-COPD-HRRP,93,,0.9616,0.1726,0.1795,16,07/01/2020,06/30/2023
SAMPLE HOSPITAL 591,100590,VT,READM-30-HIP-KNEE-HRRP,188,,0.9296,0.2017,0.217,38,07/01/2020,06/30/2023
SAMPLE HOSPITAL 591,100590,VT,READM-30-CABG-HRRP,129,,0.9682,0.2324,0.24,30,07/01/2020,06/30/2023
SAMPLE HOSPITAL 591,100590,VT,READM-30-HF-HRRP,497,,0.9877,0.2519,0.255,125,07/01/2020,06/30/2023
SAMPLE HOSPITAL 592,100591,NE,READM-30-AMI-HRRP,392,,1.0466,0.189,0.1806,74,07/01/2020,06/30/2023
SAMPLE HOSPITAL 592,100591,NE,READM-30-PN-HRRP,203,,0.8476,0.1688,0.1991,34,07/01/2020,06/30/2023
SAMPLE HOSPITAL 592,100591,NE,READM-30-HF-HRRP,69,,0.9744,0.1313,0.1348,9,07/01/2020,06/30/2023
SAMPLE HOSPITAL 592,100591,NE,READM-30-COPD-HRRP,223,,0.9019,0.118,0.1308,26,07/01/2020,06/30/2023
SAMPLE HOSPITAL 592,100591,NE,READM-30-CABG-HRRP,276,,0.933,0.1353,0.145,37,07/01/2020,06/30/2023
SAMPLE HOSPITAL 593,100592,WI,READM-30-CABG-HRRP,475,,1.0754,0.1439,0.1338,68,07/01/2020,06/30/2023
SAMPLE HOSPITAL 593,100592,WI,READM-30-HIP-KNEE-HRRP,151,,1.0933,0.2454,0.2245,37,07/01/2020,06/30/2023
SAMPLE HOSPITAL 593,100592,WI,READM-30-HF-HRRP,80,,1.1004,0.1633,0.1484,13,07/01/2020,06/30/2023
SAMPLE HOSPITAL 593,100592,WI,READM-30-AMI-HRRP,170,,1.0785,0.2555,0.2369,43,07/01/2020,06/30/2023
SAMPLE HOSPITAL 593,100592,WI,READM-30-COPD-HRRP,126,,1.0389,0.1888,0.1817,24,07/01/2020,06/30/2023
SAMPLE HOSPITAL 593,100592,WI,READM-30-PN-HRRP,273,,1.042,0.2241,0.2151,61,07/01/2020,06/30/2023
SAMPLE HOSPITAL 594,100593,OH,READM-30-CABG-HRRP,194,,0.8029,0.1982,0.2469,38,07/01/2020,06/30/2023
SAMPLE HOSPITAL 594,100593,OH,READM-30-AMI-HRRP,306,,0.8987,0.16,0.178,49,07/01/2020,06/30/2023
SAMPLE HOSPITAL 594,100593,OH,READM-30-HF-HRRP,257,,1.0452,0.2304,0.2204,59,07/01/2020,06/30/2023
SAMPLE HOSPITAL 594,100593,OH,READM-30-HIP-KNEE-HRRP,565,,0.9605,0.2334,0.243,132,07/01/2020,06/30/2023
SAMPLE HOSPITAL 594,100593,OH,READM-30-PN-HRRP,138,,0.9693,0.1781,0.1837,25,07/01/2020,06/30/2023
SAMPLE HOSPITAL 595,100594,CT,READM-30-HF-HRRP,111,,0.8601,0.1706,0.1983,19,07/01/2020,06/30/2023
SAMPLE HOSPITAL 595,100594,CT,READM-30-CABG-HRRP,158,,1.082,0.1543,0.1426,24,07/01/2020,06/30/2023
SAMPLE HOSPITAL 595,100594,CT,READM-30-AMI-HRRP,39,,1.07,0.171,0.1598,7,07/01/2020,06/30/2023
SAMPLE HOSPITAL 595,100594,CT,READM-30-HIP-KNEE-HRRP,248,,0.9942,0.2038,0.205,51,07/01/2020,06/30/2023
SAMPLE HOSPITAL 596,100595,NE,READM-30-CABG-HRRP,169,,0.9412,0.1646,0.1749,28,07/01/2020,06/30/2023
SAMPLE HOSPITAL 596,100595,NE,READM-30-COPD-HRRP,233,,1.0212,0.218,0.2135,51,07/01/2020,06/30/2023
SAMPLE HOSPITAL 596,100595,NE,READM-30-AMI-HRRP,743,,0.9165,0.1975,0.2155,147,07/01/2020,06/30/2023
SAMPLE HOSPITAL 597,100596,RI,READM-30-PN-HRRP,284,,0.939,0.1175,0.1251,33,07/01/2020,06/30/2023
SAMPLE HOSPITAL 597,100596,RI,READM-30-AMI-HRRP,108,,1.0694,0.1773,0.1658,19,07/01/2020,06/30/2023
SAMPLE HOSPITAL 597,100596,RI,READM-30-HF-HRRP,103,,1.0571,0.1514,0.1432,16,07/01/2020,06/30/2023
SAMPLE HOSPITAL 597,100596,RI,READM-30-CABG-HRRP,172,,0.9938,0.1752,0.1763,30,07/01/2020,06/30/2023
SAMPLE HOSPITAL 597,100596,RI,READM-30-COPD-HRRP,760,,0.9016,0.2103,0.2333,160,07/01/2020,06/30/2023
SAMPLE HOSPITAL 598,100597,FL,READM-30-CABG-HRRP,Too Few to Report,1,Too Few to Report,,,,07/01/2020,06/30/2023
SAMPLE HOSPITAL 598,100597,FL,READM-30-COPD-HRRP,62,,1.0133,0.2089,0.2062,13,07/01/2020,06/30/2023
SAMPLE HOSPITAL 598,100597,FL,READM-30-HF-HRRP,352,,0.9607,0.1978,0.2059,70,07/01/2020,06/30/2023
SAMPLE HOSPITAL 598,100597,FL,READM-30-AMI-HRRP,143,,1.0369,0.1357,0.1309,19,07/01/2020,06/30/2023
SAMPLE HOSPITAL 598,100597,FL,READM-30-HIP-KNEE-HRRP,116,,0.9153,0.1183,0.1293,14,07/01/2020,06/30/2023
SAMPLE HOSPITAL 599,100598,AZ,READM-30-HF-HRRP,157,,1.1538,0.2266,0.1964,36,07/01/2020,06/30/2023
SAMPLE HOSPITAL 599,100598,AZ,READM-30-AMI-HRRP,217,,1.0581,0.1837,0.1736,40,07/01/2020,06/30/2023
SAMPLE HOSPITAL 599,100598,AZ,READM-30-HIP-KNEE-HRRP,165,,0.9875,0.1466,0.1485,24,07/01/2020,06/30/2023
SAMPLE HOSPITAL 600,100599,DE,READM-30-HF-HRRP,108,,1.0892,0.2439,0.2239,26,07/01/2020,06/30/2023
SAMPLE HOSPITAL 600,100599,DE,READM-30-AMI-HRRP,31,,1.0996,0.139,0.1264,4,07/01/2020,06/30/2023
SAMPLE HOSPITAL 600,100599,DE,READM-30-COPD-HRRP,189,,1.0094,0.2175,0.2155,41,07/01/2020,06/30/2023
SAMPLE HOSPITAL 600,100599,DE,READM-30-PN-HRRP,35,,1.0916,0.2576,0.236,9,07/01/2020,06/30/2023
SAMPLE HOSPITAL 601,100600,NC,READM-30-COPD-HRRP,309,,0.9292,0.1581,0.1702,49,07/01/2020,06/30/2023
SAMPLE HOSPITAL 601,100600,NC,READM-30-AMI-HRRP,63,,0.9528,0.2043,0.2144,13,07/01/2020,06/30/2023
SAMPLE HOSPITAL 601,100600,NC,READM-30-HIP-KNEE-HRRP,173,,0.9197,0.1311,0.1426,23,07/01/2020,06/30/2023
SAMPLE HOSPITAL 602,100601,IN,READM-30-HF-HRRP,355,,1.0325,0.2235,0.2165,79,07/01/2020,06/30/2023
SAMPLE HOSPITAL 602,100601,IN,READM-30-PN-HRRP,591,,1.0413,0.151,0.145,89,07/01/2020,06/30/2023
SAMPLE HOSPITAL 602,100601,IN,READM-30-COPD-HRRP,98,,0.9703,0.1557,0.1605,15,07/01/2020,06/30/2023
SAMPLE HOSPITAL 602,100601,IN,READM-30-AMI-HRRP,79,,0.9623,0.1267,0.1317,10,07/01/2020,06/30/2023
SAMPLE HOSPITAL 602,100601,IN,READM-30-CABG-HRRP,73,,1.0298,0.2576,0.2501,19,07/01/2020,06/30/2023
SAMPLE HOSPITAL 602,100601,IN,READM-30-HIP-KNEE-HRRP,1026,,1.0404,0.2421,0.2327,248,07/01/2020,06/30/2023
SAMPLE HOSPITAL 603,100602,MO,READM-30-CABG-HRRP,233,,1.0596,0.2413,0.2277,56,07/01/2020,06/30/2023
SAMPLE HOSPITAL 603,100602,MO,READM-30-COPD-HRRP,Too Few to Report,1,Too Few to Report,,,,07/01/2020,06/30/2023
SAMPLE HOSPITAL 603,100602,MO,READM-30-HF-HRRP,209,,1.085,0.2044,0.1884,43,07/01/2020,06/30/2023
SAMPLE HOSPITAL 603,100602,MO,READM-30-PN-HRRP,47,,1.0428,0.1273,0.1221,6,07/01/2020,06/30/2023
SAMPLE HOSPITAL 603,100602,MO,READM-30-HIP-KNEE-HRRP,158,,0.9324,0.225,0.2413,36,07/01/2020,06/30/2023
SAMPLE HOSPITAL 603,100602,MO,READM-30-AMI-HRRP,133,,0.914,0.1398,0.153,19,07/01/2020,06/30/2023
SAMPLE HOSPITAL 604,100603,OK,READM-30-AMI-HRRP,141,,1.0054,0.2117,0.2106,30,07/01/2020,06/30/2023
SAMPLE HOSPITAL 604,100603,OK,READM-30-HF-HRRP,164,,0.951,0.2164,0.2276,35,07/01/2020,06/30/2023
SAMPLE HOSPITAL 604,100603,OK,READM-30-COPD-HRRP,108,,1.0437,0.1455,0.1394,16,07/01/2020,06/30/2023
SAMPLE HOSPITAL 604,100603,OK,READM-30-HIP-KNEE-HRRP,276,,0.9895,0.1464,0.148,40,07/01/2020,06/30/2023
SAMPLE HOSPITAL 604,100603,OK,READM-30-PN-HRRP,427,,1.0021,0.174,0.1736,74,07/01/2020,06/30/2023
SAMPLE HOSPITAL 604,100603,OK,READM-30-CABG-HRRP,539,,0.9457,0.2328,0.2462,125,07/01/2020,06/30/2023
SAMPLE HOSPITAL 605,100604,IA,READM-30-HF-HRRP,61,,0.9849,0.1495,0.1518,9,07/01/2020,06/30/2023
SAMPLE HOSPITAL 605,100604,IA,READM-30-AMI-HRRP,89,,0.9819,0.1372,0.1397,12,07/01/2020,06/30/2023
SAMPLE HOSPITAL 605,100604,IA,READM-30-CABG-HRRP,244,,0.9202,0.1578,0.1715,39,07/01/2020,06/30/2023
SAMPLE HOSPITAL 605,100604,IA,READM-30-HIP-KNEE-HRRP,833,,1.0554,0.2231,0.2114,186,07/01/2020,06/30/2023
SAMPLE HOSPITAL 606,100605,MT,READM-30-HIP-KNEE-HRRP,126,,0.9744,0.1637,0.168,21,07/01/2020,06/30/2023
SAMPLE HOSPITAL 606,100605,MT,READM-30-CABG-HRRP,1220,,0.9527,0.1678,0.1761,205,07/01/2020,06/30/2023
SAMPLE HOSPITAL 606,100605,MT,READM-30-AMI-HRRP,47,,0.9868,0.1455,0.1474,7,07/01/2020,06/30/2023
SAMPLE HOSPITAL 606,100605,MT,READM-30-PN-HRRP,130,,0.9772,0.1363,0.1395,18,07/01/2020,06/30/2023
SAMPLE HOSPITAL 606,100605,MT,READM-30-COPD-HRRP,128,,0.9438,0.154,0.1632,20,07/01/2020,06/30/2023
SAMPLE HOSPITAL 607,100606,CA,READM-30-HIP-KNEE-HRRP,407,,0.8559,0.1574,0.1839,64,07/01/2020,06/30/2023
SAMPLE HOSPITAL 607,100606,CA,READM-30-HF-HRRP,107,,1.0802,0.2308,0.2137,25,07/01/2020,06/30/2023
SAMPLE HOSPITAL 607,100606,CA,READM-30-PN-HRRP,136,,0.9852,0.178,0.1807,24,07/01/2020,06/30/2023
SAMPLE HOSPITAL 607,100606,CA,READM-30-COPD-HRRP,82,,0.9949,0.2158,0.2169,18,07/01/2020,06/30/2023
SAMPLE HOSPITAL 607,100606,CA,READM-30-AMI-HRRP,621,,0.9827,0.1603,0.1631,100,07/01/2020,06/30/2023
SAMPLE HOSPITAL 608,100607,WI,READM-30-CABG-HRRP,85,,0.9959,0.1888,0.1896,16,07/01/2020,06/30/2023
SAMPLE HOSPITAL 608,100607,WI,READM-30-HF-HRRP,121,,0.9892,0.1667,0.1685,20,07/01/2020,06/30/2023
SAMPLE HOSPITAL 608,100607,WI,READM-30-AMI-HRRP,113,,0.987,0.1733,0.1756,20,07/01/2020,06/30/2023
SAMPLE HOSPITAL 608,100607,WI,READM-30-HIP-KNEE-HRRP,422,,0.9606,0.1358,0.1414,57,07/01/2020,06/30/2023
SAMPLE HOSPITAL 608,100607,WI,READM-30-COPD-HRRP,Too Few to Report,1,Too Few to Report,,,,07/01/2020,06/30/2023
SAMPLE HOSPITAL 608,100607,WI,READM-30-PN-HRRP,74,,1.0445,0.1999,0.1914,15,07/01/2020,06/30/2023
SAMPLE HOSPITAL 609,100608,GA,READM-30-CABG-HRRP,145,,1.0501,0.1861,0.1772,27,07/01/2020,06/30/2023
SAMPLE HOSPITAL 609,100608,GA,READM-30-PN-HRRP,79,,1.0928,0.1649,0.1509,13,07/01/2020,06/30/2023
SAMPLE HOSPITAL 609,100608,GA,READM-30-HIP-KNEE-HRRP,167,,1.0064,0.1983,0.197,33,07/01/2020,06/30/2023
SAMPLE HOSPITAL 609,100608,GA,READM-30-COPD-HRRP,165,,0.8749,0.2213,0.253,37,07/01/2020,06/30/2023
SAMPLE HOSPITAL 609,100608,GA,READM-30-HF-HRRP,298,,0.9713,0.1569,0.1615,47,07/01/2020,06/30/2023
SAMPLE HOSPITAL 609,100608,GA,READM-30-AMI-HRRP,276,,0.9828,0.2359,0.24,65,07/01/2020,06/30/2023
SAMPLE HOSPITAL 610,100609,RI,READM-30-AMI-HRRP,1108,,0.9208,0.1526,0.1657,169,07/01/2020,06/30/2023
SAMPLE HOSPITAL 610,100609,RI,READM-30-COPD-HRRP,295,,0.975,0.2288,0.2347,67,07/01/2020,06/30/2023
SAMPLE HOSPITAL 610,100609,RI,READM-30-PN-HRRP,186,,1.0359,0.2065,0.1993,38,07/01/2020,06/30/2023
SAMPLE HOSPITAL 610,100609,RI,READM-30-HF-HRRP,257,,1.0563,0.2419,0.229,62,07/01/2020,06/30/2023
SAMPLE HOSPITAL 610,100609,RI,READM-30-CABG-HRRP,446,,0.9804,0.2461,0.251,110,07/01/2020,06/30/2023
SAMPLE HOSPITAL 611,100610,IL,READM-30-CABG-HRRP,189,,1.026,0.2017,0.1966,38,07/01/2020,06/30/2023
SAMPLE HOSPITAL 611,100610,IL,READM-30-HF-HRRP,Too Few to Report,1,Too Few to Report,,,,07/01/2020,06/30/2023
SAMPLE HOSPITAL 611,100610,IL,READM-30-HIP-KNEE-HRRP,160,,1.0984,0.2502,0.2278,40,07/01/2020,06/30/2023
SAMPLE HOSPITAL 611,100610,IL,READM-30-COPD-HRRP,48,,1.042,0.1955,0.1876,9,07/01/2020,06/30/2023
SAMPLE HOSPITAL 612,100611,NV,READM-30-AMI-HRRP,89,,1.0422,0.257,0.2466,23,07/01/2020,06/30/2023
SAMPLE HOSPITAL 612,100611,NV,READM-30-HF-HRRP,844,,0.9238,0.2349,0.2543,198,07/01/2020,06/30/2023
SAMPLE HOSPITAL 612,100611,NV,READM-30-HIP-KNEE-HRRP,648,,0.9667,0.21,0.2172,136,07/01/2020,06/30/2023
SAMPLE HOSPITAL 613,100612,FL,READM-30-CABG-HRRP,92,,0.9158,0.2111,0.2305,19,07/01/2020,06/30/2023
SAMPLE HOSPITAL 613,100612,FL,READM-30-HF-HRRP,40,,1.0472,0.2049,0.1957,8,07/01/2020,06/30/2023
SAMPLE HOSPITAL 613,100612,FL,READM-30-AMI-HRRP,242,,1.0567,0.2301,0.2178,56,07/01/2020,06/30/2023
SAMPLE HOSPITAL 613,100612,FL,READM-30-HIP-KNEE-HRRP,389,,1.0432,0.2218,0.2126,86,07/01/2020,06/30/2023
SAMPLE HOSPITAL 614,100613,NM,READM-30-PN-HRRP,350,,0.8951,0.1084,0.1211,38,07/01/2020,06/30/2023
SAMPLE HOSPITAL 614,100613,NM,READM-30-CABG-HRRP,202,,1.0373,0.2421,0.2334,49,07/01/2020,06/30/2023
SAMPLE HOSPITAL 614,100613,NM,READM-30-HIP-KNEE-HRRP,124,,1.0421,0.2252,0.2161,28,07/01/2020,06/30/2023
SAMPLE HOSPITAL 614,100613,NM,READM-30-HF-HRRP,377,,0.9284,0.2282,0.2458,86,07/01/2020,06/30/2023
SAMPLE HOSPITAL 615,100614,AK,READM-30-AMI-HRRP,205,,0.9995,0.1991,0.1992,41,07/01/2020,06/30/2023
SAMPLE HOSPITAL 615,100614,AK,READM-30-PN-HRRP,290,,0.9798,0.1413,0.1442,41,07/01/2020,06/30/2023
SAMPLE HOSPITAL 615,100614,AK,READM-30-HIP-KNEE-HRRP,210,,0.9577,0.1429,0.1492,30,07/01/2020,06/30/2023
SAMPLE HOSPITAL 615,100614,AK,READM-30-HF-HRRP,415,,0.9962,0.2011,0.2019,83,07/01/2020,06/30/2023
SAMPLE HOSPITAL 616,100615,CT,READM-30-AMI-HRRP,218,,1.0855,0.1599,0.1473,35,07/01/2020,06/30/2023
SAMPLE HOSPITAL 616,100615,CT,READM-30-CABG-HRRP,69,,1.0076,0.1831,0.1817,13,07/01/2020,06/30/2023
SAMPLE HOSPITAL 616,100615,CT,READM-30-HIP-KNEE-HRRP,619,,1.1209,0.2241,0.1999,139,07/01/2020,06/30/2023
SAMPLE HOSPITAL 616,100615,CT,READM-30-PN-HRRP,57,,1.0852,0.246,0.2267,14,07/01/2020,06/30/2023
SAMPLE HOSPITAL 616,100615,CT,READM-30-HF-HRRP,64,,0.9864,0.1478,0.1498,9,07/01/2020,06/30/2023
SAMPLE HOSPITAL 617,100616,DE,READM-30-HF-HRRP,159,,0.9598,0.1171,0.122,19,07/01/2020,06/30/2023
SAMPLE HOSPITAL 617,100616,DE,READM-30-COPD-HRRP,449,,0.9979,0.2192,0.2197,98,07/01/2020,06/30/2023
SAMPLE HOSPITAL 617,100616,DE,READM-30-AMI-HRRP,130,,0.8636,0.1248,0.1445,16,07/01/2020,06/30/2023
SAMPLE HOSPITAL 617,100616,DE,READM-30-CABG-HRRP,411,,1.0202,0.1607,0.1575,66,07/01/2020,06/30/2023
SAMPLE HOSPITAL 617,100616,DE,READM-30-HIP-KNEE-HRRP,267,,1.0965,0.1638,0.1494,44,07/01/2020,06/30/2023
SAMPLE HOSPITAL 617,100616,DE,READM-30-PN-HRRP,56,,0.9545,0.1458,0.1528,8,07/01/2020,06/30/2023
SAMPLE HOSPITAL 618,100617,AK,READM-30-CABG-HRRP,317,,0.8767,0.1183,0.1349,38,07/01/2020,06/30/2023
SAMPLE HOSPITAL 618,100617,AK,READM-30-AMI-HRRP,39,,0.9851,0.2037,0.2068,8,07/01/2020,06/30/2023
SAMPLE HOSPITAL 618,100617,AK,READM-30-HIP-KNEE-HRRP,299,,1.0204,0.2088,0.2046,62,07/01/2020,06/30/2023
SAMPLE HOSPITAL 618,100617,AK,READM-30-HF-HRRP,71,,0.9989,0.2278,0.2281,16,07/01/2020,06/30/2023
SAMPLE HOSPITAL 618,100617,AK,READM-30-COPD-HRRP,137,,1.0322,0.1356,0.1314,19,07/01/2020,06/30/2023
SAMPLE HOSPITAL 618,100617,AK,READM-30-PN-HRRP,65,,1.0187,0.141,0.1384,9,07/01/2020,06/30/2023
SAMPLE HOSPITAL 619,100618,HI,READM-30-HF-HRRP,184,,1.0246,0.2001,0.1953,37,07/01/2020,06/30/2023
SAMPLE HOSPITAL 619,100618,HI,READM-30-COPD-HRRP,1050,,0.8418,0.1407,0.1671,148,07/01/2020,06/30/2023
SAMPLE HOSPITAL 619,100618,HI,READM-30-PN-HRRP,114,,0.9327,0.1184,0.1269,13,07/01/2020,06/30/2023
SAMPLE HOSPITAL 619,100618,HI,READM-30-CABG-HRRP,160,,0.9934,0.2003,0.2016,32,07/01/2020,06/30/2023
SAMPLE HOSPITAL 619,100618,HI,READM-30-AMI-HRRP,104,,0.9463,0.1756,0.1856,18,07/01/2020,06/30/2023
SAMPLE HOSPITAL 620,100619,ME,READM-30-AMI-HRRP,73,,0.9989,0.1819,0.1821,13,07/01/2020,06/30/2023
SAMPLE HOSPITAL 620,100619,ME,READM-30-CABG-HRRP,299,,1.0155,0.211,0.2078,63,07/01/2020,06/30/2023
SAMPLE HOSPITAL 620,100619,ME,READM-30-HIP-KNEE-HRRP,95,,1.0186,0.1665,0.1635,16,07/01/2020,06/30/2023
SAMPLE HOSPITAL 620,100619,ME,READM-30-COPD-HRRP,743,,1.1156,0.1822,0.1633,135,07/01/2020,06/30/2023
SAMPLE HOSPITAL 620,100619,ME,READM-30-PN-HRRP,226,,1.0284,0.2081,0.2024,47,07/01/2020,06/30/2023
SAMPLE HOSPITAL 620,100619,ME,READM-30-HF-HRRP,80,,0.9718,0.2434,0.2505,19,07/01/2020,06/30/2023
SAMPLE HOSPITAL 621,100620,CA,READM-30-AMI-HRRP,116,,1.0199,0.2094,0.2053,24,07/01/2020,06/30/2023
SAMPLE HOSPITAL 621,100620,CA,READM-30-HIP-KNEE-HRRP,98,,1.0195,0.1743,0.171,17,07/01/2020,06/30/2023
SAMPLE HOSPITAL 621,100620,CA,READM-30-PN-HRRP,249,,1.004,0.1266,0.1261,32,07/01/2020,06/30/2023
SAMPLE HOSPITAL 622,100621,NV,READM-30-PN-HRRP,257,,0.9641,0.2147,0.2227,55,07/01/2020,06/30/2023
SAMPLE HOSPITAL 622,100621,NV,READM-30-HIP-KNEE-HRRP,401,,0.9323,0.2019,0.2166,81,07/01/2020,06/30/2023
SAMPLE HOSPITAL 622,100621,NV,READM-30-CABG-HRRP,247,,0.9786,0.1995,0.2039,49,07/01/2020,06/30/2023
SAMPLE HOSPITAL 623,100622,SD,READM-30-HF-HRRP,205,,0.9819,0.2009,0.2046,41,07/01/2020,06/30/2023
SAMPLE HOSPITAL 623,100622,SD,READM-30-CABG-HRRP,100,,1.0098,0.1735,0.1718,17,07/01/2020,06/30/2023
SAMPLE HOSPITAL 623,100622,SD,READM-30-COPD-HRRP,180,,0.9813,0.1291,0.1316,23,07/01/2020,06/30/2023
SAMPLE HOSPITAL 623,100622,SD,READM-30-PN-HRRP,66,,1.0462,0.1847,0.1765,12,07/01/2020,06/30/2023
SAMPLE HOSPITAL 623,100622,SD,READM-30-AMI-HRRP,255,,0.9243,0.1985,0.2148,51,07/01/2020,06/30/2023
SAMPLE HOSPITAL 623,100622,SD,READM-30-HIP-KNEE-HRRP,126,,0.9904,0.1457,0.1471,18,07/01/2020,06/30/2023
SAMPLE HOSPITAL 624,100623,OR,READM-30-AMI-HRRP,299,,0.9677,0.2501,0.2584,75,07/01/2020,06/30/2023
SAMPLE HOSPITAL 624,100623,OR,READM-30-PN-HRRP,193,,1.016,0.2212,0.2177,43,07/01/2020,06/30/2023
SAMPLE HOSPITAL 624,100623,OR,READM-30-HIP-KNEE-HRRP,1519,,0.9734,0.1953,0.2006,297,07/01/2020,06/30/2023
SAMPLE HOSPITAL 625,100624,SD,READM-30-CABG-HRRP,123,,1.0818,0.2557,0.2364,31,07/01/2020,06/30/2023
SAMPLE HOSPITAL 625,100624,SD,READM-30-COPD-HRRP,26,,0.9356,0.1488,0.159,4,07/01/2020,06/30/2023
SAMPLE HOSPITAL 625,100624,SD,READM-30-AMI-HRRP,272,,0.9804,0.1636,0.1669,44,07/01/2020,06/30/2023
SAMPLE HOSPITAL 625,100624,SD,READM-30-HF-HRRP,399,,1.0739,0.2229,0.2076,89,07/01/2020,06/30/2023
SAMPLE HOSPITAL 625,100624,SD,READM-30-HIP-KNEE-HRRP,302,,0.9892,0.2061,0.2084,62,07/01/2020,06/30/2023
SAMPLE HOSPITAL 626,100625,MD,READM-30-PN-HRRP,352,,1.0453,0.1929,0.1845,68,07/01/2020,06/30/2023
SAMPLE HOSPITAL 626,100625,MD,READM-30-HF-HRRP,1539,,1.0264,0.2484,0.242,382,07/01/2020,06/30/2023
SAMPLE HOSPITAL 626,100625,MD,READM-30-COPD-HRRP,283,,0.9717,0.2044,0.2104,58,07/01/2020,06/30/2023
SAMPLE HOSPITAL 626,100625,MD,READM-30-HIP-KNEE-HRRP,255,,0.9369,0.2006,0.2141,51,07/01/2020,06/30/2023
SAMPLE HOSPITAL 627,100626,LA,READM-30-AMI-HRRP,291,,1.0477,0.1984,0.1894,58,07/01/2020,06/30/2023
SAMPLE HOSPITAL 627,100626,LA,READM-30-COPD-HRRP,144,,1.0747,0.1295,0.1205,19,07/01/2020,06/30/2023
SAMPLE HOSPITAL 627,100626,LA,READM-30-HF-HRRP,275,,0.9448,0.1905,0.2016,52,07/01/2020,06/30/2023
SAMPLE HOSPITAL 627,100626,LA,READM-30-PN-HRRP,206,,0.968,0.1225,0.1266,25,07/01/2020,06/30/2023
SAMPLE HOSPITAL 628,100627,MA,READM-30-PN-HRRP,124,,0.9694,0.1164,0.1201,14,07/01/2020,06/30/2023
SAMPLE HOSPITAL 628,100627,MA,READM-30-COPD-HRRP,463,,0.8993,0.2108,0.2344,98,07/01/2020,06/30/2023
SAMPLE HOSPITAL 628,100627,MA,READM-30-CABG-HRRP,267,,0.9953,0.2045,0.2055,55,07/01/2020,06/30/2023
SAMPLE HOSPITAL 628,100627,MA,READM-30-HIP-KNEE-HRRP,416,,0.9835,0.2012,0.2046,84,07/01/2020,06/30/2023
SAMPLE HOSPITAL 628,100627,MA,READM-30-AMI-HRRP,34,,1.0277,0.2061,0.2005,7,07/01/2020,06/30/2023
SAMPLE HOSPITAL 628,100627,MA,READM-30-HF-HRRP,370,,0.9782,0.1431,0.1463,53,07/01/2020,06/30/2023
SAMPLE HOSPITAL 629,100628,ND,READM-30-PN-HRRP,153,,1.1064,0.2805,0.2535,43,07/01/2020,06/30/2023
SAMPLE HOSPITAL 629,100628,ND,READM-30-CABG-HRRP,300,,1.1289,0.2078,0.1841,62,07/01/2020,06/30/2023
SAMPLE HOSPITAL 629,100628,ND,READM-30-HIP-KNEE-HRRP,79,,1.0608,0.2644,0.2492,21,07/01/2020,06/30/2023
SAMPLE HOSPITAL 629,100628,ND,READM-30-AMI-HRRP,211,,0.9889,0.172,0.1739,36,07/01/2020,06/30/2023
SAMPLE HOSPITAL 630,100629,MI,READM-30-COPD-HRRP,765,,0.9644,0.1276,0.1323,98,07/01/2020,06/30/2023
SAMPLE HOSPITAL 630,100629,MI,READM-30-HIP-KNEE-HRRP,228,,1.0325,0.1475,0.1429,34,07/01/2020,06/30/2023
SAMPLE HOSPITAL 630,100629,MI,READM-30-PN-HRRP,111,,1.0387,0.1298,0.125,14,07/01/2020,06/30/2023
SAMPLE HOSPITAL 631,100630,KY,READM-30-CABG-HRRP,156,,1.0162,0.1993,0.1961,31,07/01/2020,06/30/2023
SAMPLE HOSPITAL 631,100630,KY,READM-30-PN-HRRP,240,,0.9135,0.1589,0.174,38,07/01/2020,06/30/2023
SAMPLE HOSPITAL 631,100630,KY,READM-30-COPD-HRRP,193,,0.9664,0.1465,0.1516,28,07/01/2020,06/30/2023
SAMPLE HOSPITAL 632,100631,MS,READM-30-CABG-HRRP,365,,1.0017,0.2583,0.2579,94,07/01/2020,06/30/2023
SAMPLE HOSPITAL 632,100631,MS,READM-30-HF-HRRP,419,,0.9939,0.2441,0.2456,102,07/01/2020,06/30/2023
SAMPLE HOSPITAL 632,100631,MS,READM-30-PN-HRRP,53,,0.9681,0.1585,0.1637,8,07/01/2020,06/30/2023
SAMPLE HOSPITAL 633,100632,KY,READM-30-HIP-KNEE-HRRP,153,,1.0566,0.201,0.1902,31,07/01/2020,06/30/2023
SAMPLE HOSPITAL 633,100632,KY,READM-30-HF-HRRP,209,,0.9969,0.1641,0.1646,34,07/01/2020,06/30/2023
SAMPLE HOSPITAL 633,100632,KY,READM-30-COPD-HRRP,107,,0.9107,0.1411,0.1549,15,07/01/2020,06/30/2023
SAMPLE HOSPITAL 633,100632,KY,READM-30-CABG-HRRP,134,,1.0189,0.1918,0.1882,26,07/01/2020,06/30/2023
SAMPLE HOSPITAL 633,100632,KY,READM-30-AMI-HRRP,730,,1.1401,0.2272,0.1993,166,07/01/2020,06/30/2023
SAMPLE HOSPITAL 633,100632,KY,READM-30-PN-HRRP,533,,1.0645,0.2188,0.2055,117,07/01/2020,06/30/2023
SAMPLE HOSPITAL 634,100633,MD,READM-30-PN-HRRP,72,,1.0268,0.2664,0.2594,19,07/01/2020,06/30/2023
SAMPLE HOSPITAL 634,100633,MD,READM-30-HIP-KNEE-HRRP,221,,1.0283,0.1992,0.1937,44,07/01/2020,06/30/2023
SAMPLE HOSPITAL 634,100633,MD,READM-30-CABG-HRRP,68,,1.117,0.1878,0.1681,13,07/01/2020,06/30/2023
SAMPLE HOSPITAL 634,100633,MD,READM-30-AMI-HRRP,324,,0.8887,0.1158,0.1303,38,07/01/2020,06/30/2023
SAMPLE HOSPITAL 634,100633,MD,READM-30-HF-HRRP,88,,1.0235,0.1288,0.1258,11,07/01/2020,06/30/2023
SAMPLE HOSPITAL 635,100634,AZ,READM-30-HIP-KNEE-HRRP,108,,0.935,0.2307,0.2467,25,07/01/2020,06/30/2023
SAMPLE HOSPITAL 635,100634,AZ,READM-30-PN-HRRP,101,,0.9536,0.1383,0.145,14,07/01/2020,06/30/2023
SAMPLE HOSPITAL 635,100634,AZ,READM-30-HF-HRRP,413,,1.0476,0.2285,0.2181,94,07/01/2020,06/30/2023
SAMPLE HOSPITAL 635,100634,AZ,READM-30-CABG-HRRP,108,,1.0568,0.1975,0.1869,21,07/01/2020,06/30/2023
SAMPLE HOSPITAL 635,100634,AZ,READM-30-COPD-HRRP,95,,1.0539,0.2691,0.2553,26,07/01/2020,06/30/2023
SAMPLE HOSPITAL 636,100635,CT,READM-30-HF-HRRP,328,,0.9071,0.17,0.1874,56,07/01/2020,06/30/2023
SAMPLE HOSPITAL 636,100635,CT,READM-30-AMI-HRRP,120,,0.8813,0.1812,0.2056,22,07/01/2020,06/30/2023
SAMPLE HOSPITAL 636,100635,CT,READM-30-HIP-KNEE-HRRP,102,,1.0179,0.2405,0.2363,25,07/01/2020,06/30/2023
SAMPLE HOSPITAL 636,100635,CT,READM-30-CABG-HRRP,116,,0.9428,0.1684,0.1786,20,07/01/2020,06/30/2023
SAMPLE HOSPITAL 636,100635,CT,READM-30-PN-HRRP,528,,0.8985,0.1438,0.16,76,07/01/2020,06/30/2023
SAMPLE HOSPITAL 636,100635,CT,READM-30-COPD-HRRP,474,,0.9953,0.2137,0.2147,101,07/01/2020,06/30/2023
SAMPLE HOSPITAL 637,100636,TN,READM-30-CABG-HRRP,501,,0.9775,0.1504,0.1539,75,07/01/2020,06/30/2023
SAMPLE HOSPITAL 637,100636,TN,READM-30-COPD-HRRP,104,,1.0531,0.2513,0.2386,26,07/01/2020,06/30/2023
SAMPLE HOSPITAL 637,100636,TN,READM-30-PN-HRRP,273,,0.9491,0.1331,0.1402,36,07/01/2020,06/30/2023
SAMPLE HOSPITAL 637,100636,TN,READM-30-HF-HRRP,300,,1.0344,0.2523,0.2439,76,07/01/2020,06/30/2023
SAMPLE HOSPITAL 637,100636,TN,READM-30-HIP-KNEE-HRRP,135,,0.9164,0.1409,0.1537,19,07/01/2020,06/30/2023
SAMPLE HOSPITAL 637,100636,TN,READM-30-AMI-HRRP,286,,1.0038,0.183,0.1823,52,07/01/2020,06/30/2023
SAMPLE HOSPITAL 638,100637,RI,READM-30-HF-HRRP,67,,0.8862,0.2303,0.2599,15,07/01/2020,06/30/2023
SAMPLE HOSPITAL 638,100637,RI,READM-30-CABG-HRRP,485,,1.0214,0.2475,0.2423,120,07/01/2020,06/30/2023
SAMPLE HOSPITAL 638,100637,RI,READM-30-PN-HRRP,1032,,0.9096,0.1578,0.1735,163,07/01/2020,06/30/2023
SAMPLE HOSPITAL 638,100637,RI,READM-30-COPD-HRRP,596,,0.9799,0.2178,0.2223,130,07/01/2020,06/30/2023
SAMPLE HOSPITAL 638,100637,RI,READM-30-AMI-HRRP,243,,1.0052,0.1959,0.1949,48,07/01/2020,06/30/2023
SAMPLE HOSPITAL 638,100637,RI,READM-30-HIP-KNEE-HRRP,123,,0.9344,0.2198,0.2352,27,07/01/2020,06/30/2023
SAMPLE HOSPITAL 639,100638,CO,READM-30-HF-HRRP,139,,1.1423,0.2453,0.2147,34,07/01/2020,06/30/2023
SAMPLE HOSPITAL 639,100638,CO,READM-30-COPD-HRRP,76,,1.075,0.2236,0.208,17,07/01/2020,06/30/2023
SAMPLE HOSPITAL 639,100638,CO,READM-30-PN-HRRP,184,,0.9729,0.2299,0.2363,42,07/01/2020,06/30/2023
SAMPLE HOSPITAL 639,100638,CO,READM-30-HIP-KNEE-HRRP,145,,0.9739,0.1598,0.1641,23,07/01/2020,06/30/2023
SAMPLE HOSPITAL 639,100638,CO,READM-30-AMI-HRRP,33,,0.9688,0.1234,0.1274,4,07/01/2020,06/30/2023
SAMPLE HOSPITAL 639,100638,CO,READM-30-CABG-HRRP,437,,1.0495,0.2435,0.232,106,07/01/2020,06/30/2023
SAMPLE HOSPITAL 640,100639,CO,READM-30-CABG-HRRP,287,,1.0112,0.165,0.1632,47,07/01/2020,06/30/2023
SAMPLE HOSPITAL 640,100639,CO,READM-30-HF-HRRP,298,,0.9572,0.1666,0.174,50,07/01/2020,06/30/2023
SAMPLE HOSPITAL 640,100639,CO,READM-30-PN-HRRP,459,,0.9325,0.1904,0.2042,87,07/01/2020,06/30/2023
SAMPLE HOSPITAL 640,100639,CO,READM-30-HIP-KNEE-HRRP,390,,0.8556,0.2183,0.2552,85,07/01/2020,06/30/2023
SAMPLE HOSPITAL 640,100639,CO,READM-30-AMI-HRRP,115,,0.986,0.231,0.2343,27,07/01/2020,06/30/2023
SAMPLE HOSPITAL 641,100640,WY,READM-30-PN-HRRP,290,,1.0086,0.1295,0.1284,38,07/01/2020,06/30/2023
SAMPLE HOSPITAL 641,100640,WY,READM-30-AMI-HRRP,74,,0.987,0.2241,0.2271,17,07/01/2020,06/30/2023
SAMPLE HOSPITAL 641,100640,WY,READM-30-CABG-HRRP,198,,1.0004,0.2161,0.216,43,07/01/2020,06/30/2023
SAMPLE HOSPITAL 641,100640,WY,READM-30-HIP-KNEE-HRRP,376,,0.9368,0.1505,0.1606,57,07/01/2020,06/30/2023
SAMPLE HOSPITAL 642,100641,MO,READM-30-HF-HRRP,32,,1.0484,0.2726,0.26,9,07/01/2020,06/30/2023
SAMPLE HOSPITAL 642,100641,MO,READM-30-CABG-HRRP,280,,1.029,0.2404,0.2336,67,07/01/2020,06/30/2023
SAMPLE HOSPITAL 642,100641,MO,READM-30-HIP-KNEE-HRRP,70,,1.0852,0.2277,0.2098,16,07/01/2020,06/30/2023
SAMPLE HOSPITAL 642,100641,MO,READM-30-AMI-HRRP,192,,0.9257,0.1378,0.1489,26,07/01/2020,06/30/2023
SAMPLE HOSPITAL 643,100642,KY,READM-30-COPD-HRRP,121,,0.9908,0.1452,0.1465,18,07/01/2020,06/30/2023
SAMPLE HOSPITAL 643,100642,KY,READM-30-CABG-HRRP,520,,0.9636,0.1918,0.199,100,07/01/2020,06/30/2023
SAMPLE HOSPITAL 643,100642,KY,READM-30-HIP-KNEE-HRRP,233,,0.97,0.2427,0.2502,57,07/01/2020,06/30/2023
SAMPLE HOSPITAL 643,100642,KY,READM-30-HF-HRRP,64,,0.8409,0.197,0.2343,13,07/01/2020,06/30/2023
SAMPLE HOSPITAL 643,100642,KY,READM-30-PN-HRRP,57,,0.976,0.1624,0.1664,9,07/01/2020,06/30/2023
SAMPLE HOSPITAL 643,100642,KY,READM-30-AMI-HRRP,239,,1.048,0.1699,0.1621,41,07/01/2020,06/30/2023
SAMPLE HOSPITAL 644,100643,VT,READM-30-AMI-HRRP,245,,0.9951,0.2514,0.2526,62,07/01/2020,06/30/2023
SAMPLE HOSPITAL 644,100643,VT,READM-30-HF-HRRP,155,,0.955,0.1933,0.2024,30,07/01/2020,06/30/2023
SAMPLE HOSPITAL 644,100643,VT,READM-30-COPD-HRRP,91,,0.896,0.2019,0.2253,18,07/01/2020,06/30/2023
SAMPLE HOSPITAL 644,100643,VT,READM-30-HIP-KNEE-HRRP,138,,1.0581,0.1795,0.1696,25,07/01/2020,06/30/2023
SAMPLE HOSPITAL 645,100644,MN,READM-30-PN-HRRP,33,,1.0725,0.2361,0.2201,8,07/01/2020,06/30/2023
SAMPLE HOSPITAL 645,100644,MN,READM-30-CABG-HRRP,247,,1.0038,0.2282,0.2273,56,07/01/2020,06/30/2023
SAMPLE HOSPITAL 645,100644,MN,READM-30-COPD-HRRP,499,,1.0103,0.1886,0.1867,94,07/01/2020,06/30/2023
SAMPLE HOSPITAL 645,100644,MN,READM-30-AMI-HRRP,638,,0.9541,0.231,0.2421,147,07/01/2020,06/30/2023
SAMPLE HOSPITAL 646,100645,KY,READM-30-HF-HRRP,424,,1.0181,0.161,0.1581,68,07/01/2020,06/30/2023
SAMPLE HOSPITAL 646,100645,KY,READM-30-HIP-KNEE-HRRP,227,,1.1111,0.1658,0.1492,38,07/01/2020,06/30/2023
SAMPLE HOSPITAL 646,100645,KY,READM-30-PN-HRRP,102,,1.0518,0.2634,0.2504,27,07/01/2020,06/30/2023
SAMPLE HOSPITAL 646,100645,KY,READM-30-CABG-HRRP,44,,1.0771,0.1375,0.1277,6,07/01/2020,06/30/2023
SAMPLE HOSPITAL 646,100645,KY,READM-30-COPD-HRRP,129,,0.9929,0.1434,0.1444,18,07/01/2020,06/30/2023
SAMPLE HOSPITAL 647,100646,NY,READM-30-HIP-KNEE-HRRP,89,,1.0674,0.2595,0.2431,23,07/01/2020,06/30/2023
SAMPLE HOSPITAL 647,100646,NY,READM-30-COPD-HRRP,119,,0.9426,0.1941,0.2059,23,07/01/2020,06/30/2023
SAMPLE HOSPITAL 647,100646,NY,READM-30-CABG-HRRP,53,,0.9858,0.1933,0.1961,10,07/01/2020,06/30/2023
SAMPLE HOSPITAL 647,100646,NY,READM-30-PN-HRRP,120,,0.9789,0.2238,0.2286,27,07/01/2020,06/30/2023
SAMPLE HOSPITAL 647,100646,NY,READM-30-HF-HRRP,45,,0.8812,0.1925,0.2185,9,07/01/2020,06/30/2023
SAMPLE HOSPITAL 647,100646,NY,READM-30-AMI-HRRP,645,,1.0204,0.2392,0.2344,154,07/01/2020,06/30/2023
SAMPLE HOSPITAL 648,100647,ND,READM-30-COPD-HRRP,92,,0.9742,0.2315,0.2376,21,07/01/2020,06/30/2023
SAMPLE HOSPITAL 648,100647,ND,READM-30-HIP-KNEE-HRRP,81,,1.0107,0.2621,0.2593,21,07/01/2020,06/30/2023
SAMPLE HOSPITAL 648,100647,ND,READM-30-CABG-HRRP,46,,1.0241,0.2382,0.2326,11,07/01/2020,06/30/2023
SAMPLE HOSPITAL 648,100647,ND,READM-30-HF-HRRP,64,,1.0258,0.1847,0.1801,12,07/01/2020,06/30/2023
SAMPLE HOSPITAL 649,100648,IL,READM-30-CABG-HRRP,92,,0.9544,0.2214,0.232,20,07/01/2020,06/30/2023
SAMPLE HOSPITAL 649,100648,IL,READM-30-COPD-HRRP,206,,0.8771,0.1927,0.2197,40,07/01/2020,06/30/2023
SAMPLE HOSPITAL 649,100648,IL,READM-30-PN-HRRP,90,,1.0238,0.173,0.169,16,07/01/2020,06/30/2023
SAMPLE HOSPITAL 649,100648,IL,READM-30-HIP-KNEE-HRRP,505,,1.0822,0.1406,0.1299,71,07/01/2020,06/30/2023
SAMPLE HOSPITAL 650,100649,AZ,READM-30-PN-HRRP,286,,0.9442,0.1347,0.1427,39,07/01/2020,06/30/2023
SAMPLE HOSPITAL 650,100649,AZ,READM-30-COPD-HRRP,209,,0.9857,0.1783,0.1809,37,07/01/2020,06/30/2023
SAMPLE HOSPITAL 650,100649,AZ,READM-30-HF-HRRP,109,,1.0197,0.2036,0.1997,22,07/01/2020,06/30/2023
SAMPLE HOSPITAL 650,100649,AZ,READM-30-AMI-HRRP,178,,0.9213,0.1912,0.2075,34,07/01/2020,06/30/2023
SAMPLE HOSPITAL 651,100650,ID,READM-30-CABG-HRRP,213,,0.9667,0.2168,0.2243,46,07/01/2020,06/30/2023
SAMPLE HOSPITAL 651,100650,ID,READM-30-HIP-KNEE-HRRP,153,,0.9644,0.1608,0.1667,25,07/01/2020,06/30/2023
SAMPLE HOSPITAL 651,100650,ID,READM-30-AMI-HRRP,708,,1.017,0.1227,0.1206,87,07/01/2020,06/30/2023
SAMPLE HOSPITAL 651,100650,ID,READM-30-COPD-HRRP,193,,0.9996,0.1378,0.1379,27,07/01/2020,06/30/2023
SAMPLE HOSPITAL 651,100650,ID,READM-30-PN-HRRP,73,,0.999,0.2019,0.2021,15,07/01/2020,06/30/2023
SAMPLE HOSPITAL 652,100651,ND,READM-30-PN-HRRP,54,,0.9685,0.132,0.1363,7,07/01/2020,06/30/2023
SAMPLE HOSPITAL 652,100651,ND,READM-30-AMI-HRRP,Too Few to Report,1,Too Few to Report,,,,07/01/2020,06/30/2023
SAMPLE HOSPITAL 652,100651,ND,READM-30-CABG-HRRP,220,,1.0362,0.2067,0.1995,45,07/01/2020,06/30/2023
SAMPLE HOSPITAL 652,100651,ND,READM-30-HF-HRRP,392,,1.0342,0.1326,0.1282,52,07/01/2020,06/30/2023
SAMPLE HOSPITAL 652,100651,ND,READM-30-COPD-HRRP,131,,0.9782,0.2156,0.2204,28,07/01/2020,06/30/2023
SAMPLE HOSPITAL 653,100652,MA,READM-30-HF-HRRP,395,,0.9784,0.1384,0.1415,55,07/01/2020,06/30/2023
SAMPLE HOSPITAL 653,100652,MA,READM-30-PN-HRRP,Too Few to Report,1,Too Few to Report,,,,07/01/2020,06/30/2023
SAMPLE HOSPITAL 653,100652,MA,READM-30-HIP-KNEE-HRRP,128,,1.1203,0.2399,0.2141,31,07/01/2020,06/30/2023
SAMPLE HOSPITAL 654,100653,MI,READM-30-COPD-HRRP,1604,,1.0085,0.2108,0.209,338,07/01/2020,06/30/2023
SAMPLE HOSPITAL 654,100653,MI,READM-30-AMI-HRRP,132,,0.8731,0.2187,0.2505,29,07/01/2020,06/30/2023
SAMPLE HOSPITAL 654,100653,MI,READM-30-PN-HRRP,293,,0.9956,0.2051,0.206,60,07/01/2020,06/30/2023
SAMPLE HOSPITAL 654,100653,MI,READM-30-HIP-KNEE-HRRP,462,,0.9628,0.1178,0.1224,54,07/01/2020,06/30/2023
SAMPLE HOSPITAL 655,100654,CO,READM-30-HIP-KNEE-HRRP,93,,0.9285,0.1467,0.158,14,07/01/2020,06/30/2023
SAMPLE HOSPITAL 655,100654,CO,READM-30-AMI-HRRP,167,,1.0444,0.1468,0.1406,25,07/01/2020,06/30/2023
SAMPLE HOSPITAL 655,100654,CO,READM-30-HF-HRRP,455,,1.1148,0.1686,0.1512,77,07/01/2020,06/30/2023
SAMPLE HOSPITAL 656,100655,DE,READM-30-HF-HRRP,134,,1.0102,0.1785,0.1767,24,07/01/2020,06/30/2023
SAMPLE HOSPITAL 656,100655,DE,READM-30-HIP-KNEE-HRRP,507,,1.088,0.1493,0.1372,76,07/01/2020,06/30/2023
SAMPLE HOSPITAL 656,100655,DE,READM-30-CABG-HRRP,377,,1.0131,0.2283,0.2253,86,07/01/2020,06/30/2023
SAMPLE HOSPITAL 656,100655,DE,READM-30-COPD-HRRP,301,,0.9511,0.1416,0.1489,43,07/01/2020,06/30/2023
SAMPLE HOSPITAL 656,100655,DE,READM-30-AMI-HRRP,72,,1.0388,0.1821,0.1753,13,07/01/2020,06/30/2023
SAMPLE HOSPITAL 656,100655,DE,READM-30-PN-HRRP,276,,1.0316,0.263,0.2549,73,07/01/2020,06/30/2023
SAMPLE HOSPITAL 657,100656,NY,READM-30-AMI-HRRP,111,,0.9486,0.1631,0.1719,18,07/01/2020,06/30/2023
SAMPLE HOSPITAL 657,100656,NY,READM-30-COPD-HRRP,395,,0.9339,0.125,0.1338,49,07/01/2020,06/30/2023
SAMPLE HOSPITAL 657,100656,NY,READM-30-CABG-HRRP,251,,1.0294,0.2279,0.2214,57,07/01/2020,06/30/2023
SAMPLE HOSPITAL 657,100656,NY,READM-30-PN-HRRP,90,,0.9725,0.1241,0.1276,11,07/01/2020,06/30/2023
SAMPLE HOSPITAL 658,100657,NV,READM-30-COPD-HRRP,226,,0.8994,0.222,0.2468,50,07/01/2020,06/30/2023
SAMPLE HOSPITAL 658,100657,NV,READM-30-HIP-KNEE-HRRP,127,,0.9905,0.2493,0.2517,32,07/01/2020,06/30/2023
SAMPLE HOSPITAL 658,100657,NV,READM-30-PN-HRRP,95,,1.0882,0.2815,0.2587,27,07/01/2020,06/30/2023
SAMPLE HOSPITAL 658,100657,NV,READM-30-CABG-HRRP,167,,0.9646,0.2322,0.2407,39,07/01/2020,06/30/2023
SAMPLE HOSPITAL 658,100657,NV,READM-30-HF-HRRP,Too Few to Report,1,Too Few to Report,,,,07/01/2020,06/30/2023
SAMPLE HOSPITAL 659,100658,ME,READM-30-HIP-KNEE-HRRP,57,,0.9945,0.1852,0.1862,11,07/01/2020,06/30/2023
SAMPLE HOSPITAL 659,100658,ME,READM-30-AMI-HRRP,60,,1.0075,0.1963,0.1948,12,07/01/2020,06/30/2023
SAMPLE HOSPITAL 659,100658,ME,READM-30-CABG-HRRP,364,,0.9771,0.1745,0.1786,64,07/01/2020,06/30/2023
SAMPLE HOSPITAL 659,100658,ME,READM-30-PN-HRRP,858,,0.9634,0.1973,0.2048,169,07/01/2020,06/30/2023
SAMPLE HOSPITAL 659,100658,ME,READM-30-HF-HRRP,278,,0.9344,0.1629,0.1743,45,07/01/2020,06/30/2023
SAMPLE HOSPITAL 659,100658,ME,READM-30-COPD-HRRP,236,,1.0146,0.179,0.1764,42,07/01/2020,06/30/2023
SAMPLE HOSPITAL 660,100659,ND,READM-30-AMI-HRRP,198,,1.0154,0.1902,0.1873,38,07/01/2020,06/30/2023
SAMPLE HOSPITAL 660,100659,ND,READM-30-CABG-HRRP,182,,1.0116,0.1725,0.1705,31,07/01/2020,06/30/2023
SAMPLE HOSPITAL 660,100659,ND,READM-30-HF-HRRP,178,,1.0244,0.1391,0.1358,25,07/01/2020,06/30/2023
SAMPLE HOSPITAL 661,100660,MN,READM-30-CABG-HRRP,188,,1.0679,0.2267,0.2123,43,07/01/2020,06/30/2023
SAMPLE HOSPITAL 661,100660,MN,READM-30-HF-HRRP,114,,0.9711,0.1596,0.1644,18,07/01/2020,06/30/2023
SAMPLE HOSPITAL 661,100660,MN,READM-30-PN-HRRP,77,,1.0314,0.1789,0.1735,14,07/01/2020,06/30/2023
SAMPLE HOSPITAL 661,100660,MN,READM-30-COPD-HRRP,61,,1.0416,0.2456,0.2358,15,07/01/2020,06/30/2023
SAMPLE HOSPITAL 661,100660,MN,READM-30-AMI-HRRP,280,,1.0675,0.2274,0.213,64,07/01/2020,06/30/2023
SAMPLE HOSPITAL 662,100661,AZ,READM-30-COPD-HRRP,212,,0.9904,0.17,0.1716,36,07/01/2020,06/30/2023
SAMPLE HOSPITAL 662,100661,AZ,READM-30-CABG-HRRP,106,,0.9172,0.1225,0.1336,13,07/01/2020,06/30/2023
SAMPLE HOSPITAL 662,100661,AZ,READM-30-HF-HRRP,215,,0.9984,0.1962,0.1965,42,07/01/2020,06/30/2023
SAMPLE HOSPITAL 662,100661,AZ,READM-30-AMI-HRRP,427,,1.0918,0.2508,0.2297,107,07/01/2020,06/30/2023
SAMPLE HOSPITAL 662,100661,AZ,READM-30-HIP-KNEE-HRRP,94,,1.0606,0.1552,0.1463,15,07/01/2020,06/30/2023
SAMPLE HOSPITAL 663,100662,IN,READM-30-CABG-HRRP,238,,0.9491,0.2433,0.2564,58,07/01/2020,06/30/2023
SAMPLE HOSPITAL 663,100662,IN,READM-30-AMI-HRRP,167,,1.0706,0.1546,0.1444,26,07/01/2020,06/30/2023
SAMPLE HOSPITAL 663,100662,IN,READM-30-PN-HRRP,742,,1.0236,0.1542,0.1506,114,07/01/2020,06/30/2023
SAMPLE HOSPITAL 664,100663,AL,READM-30-PN-HRRP,35,,1.0701,0.2076,0.194,7,07/01/2020,06/30/2023
SAMPLE HOSPITAL 664,100663,AL,READM-30-COPD-HRRP,78,,1.0458,0.2475,0.2367,19,07/01/2020,06/30/2023
SAMPLE HOSPITAL 664,100663,AL,READM-30-CABG-HRRP,256,,1.1092,0.2245,0.2024,57,07/01/2020,06/30/2023
SAMPLE HOSPITAL 665,100664,VT,READM-30-AMI-HRRP,204,,1.062,0.2257,0.2125,46,07/01/2020,06/30/2023
SAMPLE HOSPITAL 665,100664,VT,READM-30-HIP-KNEE-HRRP,252,,1.0169,0.2313,0.2275,58,07/01/2020,06/30/2023
SAMPLE HOSPITAL 665,100664,VT,READM-30-CABG-HRRP,456,,1.0028,0.1554,0.155,71,07/01/2020,06/30/2023
SAMPLE HOSPITAL 665,100664,VT,READM-30-COPD-HRRP,157,,0.9726,0.1872,0.1925,29,07/01/2020,06/30/2023
SAMPLE HOSPITAL 665,100664,VT,READM-30-PN-HRRP,93,,1.0434,0.2551,0.2445,24,07/01/2020,06/30/2023
SAMPLE HOSPITAL 666,100665,VT,READM-30-HIP-KNEE-HRRP,152,,1.2234,0.3117,0.2548,47,07/01/2020,06/30/2023
SAMPLE HOSPITAL 666,100665,VT,READM-30-CABG-HRRP,51,,1.0798,0.2418,0.2239,12,07/01/2020,06/30/2023
SAMPLE HOSPITAL 666,100665,VT,READM-30-HF-HRRP,376,,0.9952,0.1215,0.1221,46,07/01/2020,06/30/2023
SAMPLE HOSPITAL 666,100665,VT,READM-30-AMI-HRRP,185,,0.9442,0.2379,0.252,44,07/01/2020,06/30/2023
SAMPLE HOSPITAL 666,100665,VT,READM-30-PN-HRRP,130,,0.9541,0.2218,0.2325,29,07/01/2020,06/30/2023
SAMPLE HOSPITAL 667,100666,NV,READM-30-CABG-HRRP,356,,1.0069,0.1751,0.1739,62,07/01/2020,06/30/2023
SAMPLE HOSPITAL 667,100666,NV,READM-30-AMI-HRRP,414,,0.9519,0.2069,0.2174,86,07/01/2020,06/30/2023
SAMPLE HOSPITAL 667,100666,NV,READM-30-HF-HRRP,127,,1.0357,0.2555,0.2467,32,07/01/2020,06/30/2023
SAMPLE HOSPITAL 667,100666,NV,READM-30-PN-HRRP,91,,0.9349,0.1711,0.183,16,07/01/2020,06/30/2023
SAMPLE HOSPITAL 667,100666,NV,READM-30-COPD-HRRP,262,,1.0896,0.2693,0.2472,71,07/01/2020,06/30/2023
SAMPLE HOSPITAL 667,100666,NV,READM-30-HIP-KNEE-HRRP,164,,1.0569,0.246,0.2328,40,07/01/2020,06/30/2023
SAMPLE HOSPITAL 668,100667,MI,READM-30-AMI-HRRP,189,,1.1385,0.2531,0.2223,48,07/01/2020,06/30/2023
SAMPLE HOSPITAL 668,100667,MI,READM-30-PN-HRRP,319,,1.115,0.1774,0.1591,57,07/01/2020,06/30/2023
SAMPLE HOSPITAL 668,100667,MI,READM-30-COPD-HRRP,707,,1.0068,0.2514,0.2497,178,07/01/2020,06/30/2023
SAMPLE HOSPITAL 669,100668,MT,READM-30-PN-HRRP,157,,0.9597,0.2414,0.2515,38,07/01/2020,06/30/2023
SAMPLE HOSPITAL 669,100668,MT,READM-30-HIP-KNEE-HRRP,97,,0.9465,0.2121,0.2241,21,07/01/2020,06/30/2023
SAMPLE HOSPITAL 669,100668,MT,READM-30-CABG-HRRP,289,,1.1984,0.3013,0.2514,87,07/01/2020,06/30/2023
SAMPLE HOSPITAL 669,100668,MT,READM-30-HF-HRRP,85,,0.973,0.1171,0.1204,10,07/01/2020,06/30/2023
SAMPLE HOSPITAL 670,100669,NV,READM-30-CABG-HRRP,381,,0.9346,0.2191,0.2344,83,07/01/2020,06/30/2023
SAMPLE HOSPITAL 670,100669,NV,READM-30-PN-HRRP,95,,1.0716,0.1368,0.1277,13,07/01/2020,06/30/2023
SAMPLE HOSPITAL 670,100669,NV,READM-30-HF-HRRP,189,,0.9909,0.2019,0.2038,38,07/01/2020,06/30/2023
SAMPLE HOSPITAL 670,100669,NV,READM-30-COPD-HRRP,207,,0.9709,0.211,0.2173,44,07/01/2020,06/30/2023
SAMPLE HOSPITAL 670,100669,NV,READM-30-AMI-HRRP,320,,0.9512,0.2023,0.2127,65,07/01/2020,06/30/2023
SAMPLE HOSPITAL 671,100670,AK,READM-30-COPD-HRRP,329,,1.0366,0.1358,0.131,45,07/01/2020,06/30/2023
SAMPLE HOSPITAL 671,100670,AK,READM-30-HIP-KNEE-HRRP,376,,1.0202,0.2004,0.1964,75,07/01/2020,06/30/2023
SAMPLE HOSPITAL 671,100670,AK,READM-30-HF-HRRP,672,,1.0136,0.178,0.1756,120,07/01/2020,06/30/2023
SAMPLE HOSPITAL 672,100671,FL,READM-30-AMI-HRRP,92,,0.9405,0.1444,0.1535,13,07/01/2020,06/30/2023
SAMPLE HOSPITAL 672,100671,FL,READM-30-PN-HRRP,86,,1.0456,0.2408,0.2303,21,07/01/2020,06/30/2023
SAMPLE HOSPITAL 672,100671,FL,READM-30-HF-HRRP,260,,0.9518,0.2386,0.2507,62,07/01/2020,06/30/2023
SAMPLE HOSPITAL 673,100672,SC,READM-30-PN-HRRP,217,,0.9693,0.1277,0.1317,28,07/01/2020,06/30/2023
SAMPLE HOSPITAL 673,100672,SC,READM-30-HF-HRRP,266,,1.0867,0.1909,0.1757,51,07/01/2020,06/30/2023
SAMPLE HOSPITAL 673,100672,SC,READM-30-COPD-HRRP,166,,1.0607,0.2558,0.2412,42,07/01/2020,06/30/2023
SAMPLE HOSPITAL 673,100672,SC,READM-30-AMI-HRRP,53,,0.9812,0.2257,0.23,12,07/01/2020,06/30/2023
SAMPLE HOSPITAL 673,100672,SC,READM-30-CABG-HRRP,395,,0.9898,0.2017,0.2038,80,07/01/2020,06/30/2023
SAMPLE HOSPITAL 673,100672,SC,READM-30-HIP-KNEE-HRRP,257,,1.0367,0.2502,0.2413,64,07/01/2020,06/30/2023
SAMPLE HOSPITAL 674,100673,NY,READM-30-HF-HRRP,224,,0.8678,0.1421,0.1638,32,07/01/2020,06/30/2023
SAMPLE HOSPITAL 674,100673,NY,READM-30-HIP-KNEE-HRRP,90,,1.0956,0.1453,0.1326,13,07/01/2020,06/30/2023
SAMPLE HOSPITAL 674,100673,NY,READM-30-AMI-HRRP,116,,1.0763,0.2763,0.2567,32,07/01/2020,06/30/2023
SAMPLE HOSPITAL 675,100674,OK,READM-30-AMI-HRRP,129,,1.1574,0.2781,0.2403,36,07/01/2020,06/30/2023
SAMPLE HOSPITAL 675,100674,OK,READM-30-COPD-HRRP,500,,0.9935,0.2009,0.2022,100,07/01/2020,06/30/2023
SAMPLE HOSPITAL 675,100674,OK,READM-30-PN-HRRP,81,,0.9708,0.1428,0.1471,12,07/01/2020,06/30/2023
SAMPLE HOSPITAL 675,100674,OK,READM-30-HF-HRRP,291,,1.0569,0.1613,0.1526,47,07/01/2020,06/30/2023
SAMPLE HOSPITAL 675,100674,OK,READM-30-CABG-HRRP,148,,0.9972,0.182,0.1825,27,07/01/2020,06/30/2023
SAMPLE HOSPITAL 676,100675,VT,READM-30-COPD-HRRP,128,,0.9655,0.1781,0.1845,23,07/01/2020,06/30/2023
SAMPLE HOSPITAL 676,100675,VT,READM-30-HF-HRRP,705,,0.871,0.1807,0.2075,127,07/01/2020,06/30/2023
SAMPLE HOSPITAL 676,100675,VT,READM-30-HIP-KNEE-HRRP,309,,0.883,0.1832,0.2075,57,07/01/2020,06/30/2023
SAMPLE HOSPITAL 676,100675,VT,READM-30-AMI-HRRP,339,,1.057,0.149,0.141,51,07/01/2020,06/30/2023
SAMPLE HOSPITAL 676,100675,VT,READM-30-CABG-HRRP,471,,1.0008,0.2513,0.2511,118,07/01/2020,06/30/2023
SAMPLE HOSPITAL 677,100676,CT,READM-30-CABG-HRRP,813,,0.9688,0.1639,0.1692,133,07/01/2020,06/30/2023
SAMPLE HOSPITAL 677,100676,CT,READM-30-AMI-HRRP,1961,,0.9536,0.1514,0.1588,297,07/01/2020,06/30/2023
SAMPLE HOSPITAL 677,100676,CT,READM-30-COPD-HRRP,551,,0.9971,0.219,0.2196,121,07/01/2020,06/30/2023
SAMPLE HOSPITAL 677,100676,CT,READM-30-HIP-KNEE-HRRP,258,,1.0216,0.1367,0.1338,35,07/01/2020,06/30/2023
SAMPLE HOSPITAL 677,100676,CT,READM-30-HF-HRRP,168,,0.9615,0.1293,0.1345,22,07/01/2020,06/30/2023
SAMPLE HOSPITAL 678,100677,WI,READM-30-PN-HRRP,91,,1.0586,0.1308,0.1236,12,07/01/2020,06/30/2023
SAMPLE HOSPITAL 678,100677,WI,READM-30-COPD-HRRP,218,,1.0023,0.1711,0.1707,37,07/01/2020,06/30/2023
SAMPLE HOSPITAL 678,100677,WI,READM-30-HF-HRRP,144,,0.8929,0.178,0.1993,26,07/01/2020,06/30/2023
SAMPLE HOSPITAL 678,100677,WI,READM-30-CABG-HRRP,277,,0.9808,0.1713,0.1747,47,07/01/2020,06/30/2023
SAMPLE HOSPITAL 679,100678,NE,READM-30-CABG-HRRP,77,,1.119,0.1531,0.1368,12,07/01/2020,06/30/2023
SAMPLE HOSPITAL 679,100678,NE,READM-30-HF-HRRP,320,,1.0702,0.1494,0.1396,48,07/01/2020,06/30/2023
SAMPLE HOSPITAL 679,100678,NE,READM-30-HIP-KNEE-HRRP,76,,0.9588,0.2168,0.2261,16,07/01/2020,06/30/2023
SAMPLE HOSPITAL 679,100678,NE,READM-30-COPD-HRRP,84,,1.0498,0.151,0.1438,13,07/01/2020,06/30/2023
SAMPLE HOSPITAL 679,100678,NE,READM-30-PN-HRRP,126,,0.9317,0.1862,0.1999,23,07/01/2020,06/30/2023
SAMPLE HOSPITAL 680,100679,IA,READM-30-PN-HRRP,169,,1.07,0.2705,0.2528,46,07/01/2020,06/30/2023
SAMPLE HOSPITAL 680,100679,IA,READM-30-HIP-KNEE-HRRP,381,,1.0612,0.2678,0.2524,102,07/01/2020,06/30/2023
SAMPLE HOSPITAL 680,100679,IA,READM-30-AMI-HRRP,372,,1.0429,0.1553,0.1489,58,07/01/2020,06/30/2023
SAMPLE HOSPITAL 680,100679,IA,READM-30-COPD-HRRP,416,,1.0838,0.1955,0.1804,81,07/01/2020,06/30/2023
SAMPLE HOSPITAL 680,100679,IA,READM-30-HF-HRRP,371,,1.0111,0.1654,0.1636,61,07/01/2020,06/30/2023
SAMPLE HOSPITAL 680,100679,IA,READM-30-CABG-HRRP,48,,1.0507,0.1293,0.1231,6,07/01/2020,06/30/2023
SAMPLE HOSPITAL 682,100681,OR,READM-30-HIP-KNEE-HRRP,701,,1.1342,0.2236,0.1971,157,07/01/2020,06/30/2023
SAMPLE HOSPITAL 682,100681,OR,READM-30-AMI-HRRP,205,,1.0993,0.1585,0.1442,32,07/01/2020,06/30/2023
SAMPLE HOSPITAL 682,100681,OR,READM-30-COPD-HRRP,193,,1.0218,0.2389,0.2338,46,07/01/2020,06/30/2023
SAMPLE HOSPITAL 682,100681,OR,READM-30-CABG-HRRP,83,,1.1121,0.1537,0.1382,13,07/01/2020,06/30/2023
SAMPLE HOSPITAL 682,100681,OR,READM-30-HF-HRRP,177,,0.9603,0.2018,0.2101,36,07/01/2020,06/30/2023
SAMPLE HOSPITAL 683,100682,WA,READM-30-HF-HRRP,202,,1.025,0.1965,0.1917,40,07/01/2020,06/30/2023
SAMPLE HOSPITAL 683,100682,WA,READM-30-HIP-KNEE-HRRP,67,,1.0326,0.1436,0.1391,10,07/01/2020,06/30/2023
SAMPLE HOSPITAL 683,100682,WA,READM-30-CABG-HRRP,193,,1.0224,0.2391,0.2339,46,07/01/2020,06/30/2023
SAMPLE HOSPITAL 683,100682,WA,READM-30-AMI-HRRP,107,,1.0353,0.1652,0.1596,18,07/01/2020,06/30/2023
SAMPLE HOSPITAL 683,100682,WA,READM-30-COPD-HRRP,60,,0.9912,0.1488,0.1501,9,07/01/2020,06/30/2023
SAMPLE HOSPITAL 683,100682,WA,READM-30-PN-HRRP,165,,0.9824,0.1621,0.165,27,07/01/2020,06/30/2023
SAMPLE HOSPITAL 684,100683,VT,READM-30-HF-HRRP,Too Few to Report,1,Too Few to Report,,,,07/01/2020,06/30/2023
SAMPLE HOSPITAL 684,100683,VT,READM-30-HIP-KNEE-HRRP,505,,0.9555,0.1518,0.1589,77,07/01/2020,06/30/2023
SAMPLE HOSPITAL 684,100683,VT,READM-30-CABG-HRRP,114,,0.9695,0.117,0.1207,13,07/01/2020,06/30/2023
SAMPLE HOSPITAL 684,100683,VT,READM-30-COPD-HRRP,234,,0.987,0.1805,0.1829,42,07/01/2020,06/30/2023
SAMPLE HOSPITAL 684,100683,VT,READM-30-AMI-HRRP,41,,0.9191,0.2112,0.2298,9,07/01/2020,06/30/2023
SAMPLE HOSPITAL 685,100684,WA,READM-30-HIP-KNEE-HRRP,73,,0.9936,0.1816,0.1828,13,07/01/2020,06/30/2023
SAMPLE HOSPITAL 685,100684,WA,READM-30-PN-HRRP,632,,0.9418,0.146,0.155,92,07/01/2020,06/30/2023
SAMPLE HOSPITAL 685,100684,WA,READM-30-AMI-HRRP,641,,0.9974,0.1684,0.1688,108,07/01/2020,06/30/2023
SAMPLE HOSPITAL 685,100684,WA,READM-30-HF-HRRP,440,,1.0901,0.2146,0.1969,94,07/01/2020,06/30/2023
SAMPLE HOSPITAL 685,100684,WA,READM-30-COPD-HRRP,2246,,0.9937,0.1972,0.1984,443,07/01/2020,06/30/2023
SAMPLE HOSPITAL 686,100685,AK,READM-30-CABG-HRRP,476,,1.0152,0.1949,0.192,93,07/01/2020,06/30/2023
SAMPLE HOSPITAL 686,100685,AK,READM-30-HF-HRRP,209,,0.9023,0.1307,0.1448,27,07/01/2020,06/30/2023
SAMPLE HOSPITAL 686,100685,AK,READM-30-AMI-HRRP,33,,0.9816,0.1376,0.1402,5,07/01/2020,06/30/2023
SAMPLE HOSPITAL 687,100686,MS,READM-30-HIP-KNEE-HRRP,34,,0.944,0.178,0.1886,6,07/01/2020,06/30/2023
SAMPLE HOSPITAL 687,100686,MS,READM-30-COPD-HRRP,297,,1.0343,0.1484,0.1435,44,07/01/2020,06/30/2023
SAMPLE HOSPITAL 687,100686,MS,READM-30-PN-HRRP,249,,0.9243,0.1729,0.1871,43,07/01/2020,06/30/2023
SAMPLE HOSPITAL 687,100686,MS,READM-30-CABG-HRRP,289,,1.0531,0.2107,0.2001,61,07/01/2020,06/30/2023
SAMPLE HOSPITAL 687,100686,MS,READM-30-AMI-HRRP,412,,0.8944,0.2061,0.2304,85,07/01/2020,06/30/2023
SAMPLE HOSPITAL 689,100688,VA,READM-30-HF-HRRP,99,,0.9867,0.208,0.2108,21,07/01/2020,06/30/2023
SAMPLE HOSPITAL 689,100688,VA,READM-30-HIP-KNEE-HRRP,173,,0.983,0.15,0.1526,26,07/01/2020,06/30/2023
SAMPLE HOSPITAL 689,100688,VA,READM-30-PN-HRRP,289,,1.0249,0.2516,0.2455,73,07/01/2020,06/30/2023
SAMPLE HOSPITAL 689,100688,VA,READM-30-AMI-HRRP,195,,1.0155,0.1761,0.1734,34,07/01/2020,06/30/2023
SAMPLE HOSPITAL 689,100688,VA,READM-30-COPD-HRRP,198,,0.9077,0.2134,0.2351,42,07/01/2020,06/30/2023
SAMPLE HOSPITAL 690,100689,CO,READM-30-HIP-KNEE-HRRP,46,,0.9742,0.1865,0.1914,9,07/01/2020,06/30/2023
SAMPLE HOSPITAL 690,100689,CO,READM-30-AMI-HRRP,257,,0.9753,0.2425,0.2486,62,07/01/2020,06/30/2023
SAMPLE HOSPITAL 690,100689,CO,READM-30-COPD-HRRP,60,,0.9313,0.1605,0.1723,10,07/01/2020,06/30/2023
SAMPLE HOSPITAL 690,100689,CO,READM-30-CABG-HRRP,207,,0.9103,0.173,0.1901,36,07/01/2020,06/30/2023
SAMPLE HOSPITAL 691,100690,KY,READM-30-HF-HRRP,287,,1.0555,0.2156,0.2043,62,07/01/2020,06/30/2023
SAMPLE HOSPITAL 691,100690,KY,READM-30-PN-HRRP,154,,0.9745,0.1482,0.1521,23,07/01/2020,06/30/2023
SAMPLE HOSPITAL 691,100690,KY,READM-30-HIP-KNEE-HRRP,49,,0.948,0.2047,0.2159,10,07/01/2020,06/30/2023
SAMPLE HOSPITAL 691,100690,KY,READM-30-COPD-HRRP,57,,0.9298,0.1552,0.1669,9,07/01/2020,06/30/2023
SAMPLE HOSPITAL 691,100690,KY,READM-30-CABG-HRRP,414,,1.0232,0.2321,0.2268,96,07/01/2020,06/30/2023
SAMPLE HOSPITAL 691,100690,KY,READM-30-AMI-HRRP,94,,1.0691,0.1768,0.1654,17,07/01/2020,06/30/2023
SAMPLE HOSPITAL 692,100691,VT,READM-30-AMI-HRRP,214,,0.9608,0.202,0.2102,43,07/01/2020,06/30/2023
SAMPLE HOSPITAL 692,100691,VT,READM-30-CABG-HRRP,139,,1.0778,0.2235,0.2074,31,07/01/2020,06/30/2023
SAMPLE HOSPITAL 692,100691,VT,READM-30-COPD-HRRP,92,,0.9075,0.2306,0.2541,21,07/01/2020,06/30/2023
SAMPLE HOSPITAL 692,100691,VT,READM-30-HF-HRRP,278,,0.9606,0.2404,0.2503,67,07/01/2020,06/30/2023
SAMPLE HOSPITAL 692,100691,VT,READM-30-PN-HRRP,269,,1.1653,0.1803,0.1547,49,07/01/2020,06/30/2023
SAMPLE HOSPITAL 692,100691,VT,READM-30-HIP-KNEE-HRRP,361,,1.0067,0.1363,0.1354,49,07/01/2020,06/30/2023
SAMPLE HOSPITAL 693,100692,AZ,READM-30-COPD-HRRP,278,,0.9841,0.2413,0.2452,67,07/01/2020,06/30/2023
SAMPLE HOSPITAL 693,100692,AZ,READM-30-HF-HRRP,363,,0.9217,0.1539,0.167,56,07/01/2020,06/30/2023
SAMPLE HOSPITAL 693,100692,AZ,READM-30-AMI-HRRP,172,,1.048,0.2218,0.2116,38,07/01/2020,06/30/2023
SAMPLE HOSPITAL 693,100692,AZ,READM-30-PN-HRRP,139,,0.9848,0.227,0.2305,32,07/01/2020,06/30/2023
SAMPLE HOSPITAL 693,100692,AZ,READM-30-CABG-HRRP,45,,1.0148,0.2483,0.2447,11,07/01/2020,06/30/2023
SAMPLE HOSPITAL 694,100693,AR,READM-30-AMI-HRRP,201,,1.0359,0.18,0.1738,36,07/01/2020,06/30/2023
SAMPLE HOSPITAL 694,100693,AR,READM-30-PN-HRRP,269,,0.9755,0.128,0.1312,34,07/01/2020,06/30/2023
SAMPLE HOSPITAL 694,100693,AR,READM-30-HF-HRRP,191,,0.9269,0.1744,0.1882,33,07/01/2020,06/30/2023
SAMPLE HOSPITAL 695,100694,MI,READM-30-COPD-HRRP,28,,0.9956,0.1753,0.1761,5,07/01/2020,06/30/2023
SAMPLE HOSPITAL 695,100694,MI,READM-30-AMI-HRRP,278,,1.0963,0.173,0.1578,48,07/01/2020,06/30/2023
SAMPLE HOSPITAL 695,100694,MI,READM-30-PN-HRRP,224,,0.916,0.2325,0.2538,52,07/01/2020,06/30/2023
SAMPLE HOSPITAL 695,100694,MI,READM-30-HIP-KNEE-HRRP,114,,0.915,0.1187,0.1297,14,07/01/2020,06/30/2023
SAMPLE HOSPITAL 695,100694,MI,READM-30-CABG-HRRP,605,,0.9836,0.1629,0.1656,99,07/01/2020,06/30/2023
SAMPLE HOSPITAL 696,100695,CO,READM-30-CABG-HRRP,59,,1.0329,0.1656,0.1603,10,07/01/2020,06/30/2023
SAMPLE HOSPITAL 696,100695,CO,READM-30-HIP-KNEE-HRRP,126,,1.0738,0.2519,0.2346,32,07/01/2020,06/30/2023
SAMPLE HOSPITAL 696,100695,CO,READM-30-HF-HRRP,244,,0.969,0.1319,0.1361,32,07/01/2020,06/30/2023
SAMPLE HOSPITAL 697,100696,WV,READM-30-PN-HRRP,245,,0.9975,0.1222,0.1225,30,07/01/2020,06/30/2023
SAMPLE HOSPITAL 697,100696,WV,READM-30-AMI-HRRP,364,,1.0524,0.2058,0.1956,75,07/01/2020,06/30/2023
SAMPLE HOSPITAL 697,100696,WV,READM-30-CABG-HRRP,69,,1.09,0.1749,0.1605,12,07/01/2020,06/30/2023
SAMPLE HOSPITAL 697,100696,WV,READM-30-COPD-HRRP,57,,0.9832,0.1438,0.1463,8,07/01/2020,06/30/2023
SAMPLE HOSPITAL 697,100696,WV,READM-30-HIP-KNEE-HRRP,243,,0.9538,0.212,0.2223,52,07/01/2020,06/30/2023
SAMPLE HOSPITAL 697,100696,WV,READM-30-HF-HRRP,96,,0.9894,0.1528,0.1544,15,07/01/2020,06/30/2023
SAMPLE HOSPITAL 698,100697,IL,READM-30-CABG-HRRP,97,,1.0652,0.2218,0.2082,22,07/01/2020,06/30/2023
SAMPLE HOSPITAL 698,100697,IL,READM-30-AMI-HRRP,209,,1.0721,0.1645,0.1534,34,07/01/2020,06/30/2023
SAMPLE HOSPITAL 698,100697,IL,READM-30-HF-HRRP,33,,0.9874,0.124,0.1256,4,07/01/2020,06/30/2023
SAMPLE HOSPITAL 698,100697,IL,READM-30-PN-HRRP,274,,0.9264,0.1435,0.1549,39,07/01/2020,06/30/2023
SAMPLE HOSPITAL 698,100697,IL,READM-30-HIP-KNEE-HRRP,299,,1.0019,0.249,0.2485,74,07/01/2020,06/30/2023
SAMPLE HOSPITAL 698,100697,IL,READM-30-COPD-HRRP,195,,0.9811,0.207,0.211,40,07/01/2020,06/30/2023
SAMPLE HOSPITAL 699,100698,AK,READM-30-HIP-KNEE-HRRP,68,,0.9145,0.122,0.1334,8,07/01/2020,06/30/2023
SAMPLE HOSPITAL 699,100698,AK,READM-30-PN-HRRP,405,,1.0225,0.2348,0.2296,95,07/01/2020,06/30/2023
SAMPLE HOSPITAL 699,100698,AK,READM-30-CABG-HRRP,59,,1.0953,0.1528,0.1395,9,07/01/2020,06/30/2023
SAMPLE HOSPITAL 699,100698,AK,READM-30-HF-HRRP,428,,1.0737,0.1737,0.1618,74,07/01/2020,06/30/2023
SAMPLE HOSPITAL 700,100699,AK,READM-30-CABG-HRRP,63,,0.9972,0.1552,0.1556,10,07/01/2020,06/30/2023
SAMPLE HOSPITAL 700,100699,AK,READM-30-COPD-HRRP,749,,0.9892,0.2336,0.2362,175,07/01/2020,06/30/2023
SAMPLE HOSPITAL 700,100699,AK,READM-30-PN-HRRP,Too Few to Report,1,Too Few to Report,,,,07/01/2020,06/30/2023
SAMPLE HOSPITAL 700,100699,AK,READM-30-HIP-KNEE-HRRP,129,,0.9632,0.2401,0.2493,31,07/01/2020,06/30/2023
SAMPLE HOSPITAL 700,100699,AK,READM-30-HF-HRRP,107,,0.9974,0.228,0.2286,24,07/01/2020,06/30/2023
SAMPLE HOSPITAL 701,100700,ME,READM-30-CABG-HRRP,136,,0.9347,0.1588,0.1699,22,07/01/2020,06/30/2023
SAMPLE HOSPITAL 701,100700,ME,READM-30-AMI-HRRP,87,,0.9908,0.2358,0.238,21,07/01/2020,06/30/2023
SAMPLE HOSPITAL 701,100700,ME,READM-30-PN-HRRP,92,,1.0034,0.1897,0.1891,17,07/01/2020,06/30/2023
SAMPLE HOSPITAL 701,100700,ME,READM-30-HF-HRRP,40,,0.9984,0.2593,0.2597,10,07/01/2020,06/30/2023
SAMPLE HOSPITAL 702,100701,MD,READM-30-COPD-HRRP,156,,0.9795,0.2102,0.2146,33,07/01/2020,06/30/2023
SAMPLE HOSPITAL 702,100701,MD,READM-30-AMI-HRRP,373,,1.0278,0.1434,0.1395,53,07/01/2020,06/30/2023
SAMPLE HOSPITAL 702,100701,MD,READM-30-PN-HRRP,97,,1.0096,0.2309,0.2287,22,07/01/2020,06/30/2023
SAMPLE HOSPITAL 702,100701,MD,READM-30-HF-HRRP,153,,1.0735,0.1826,0.1701,28,07/01/2020,06/30/2023
SAMPLE HOSPITAL 702,100701,MD,READM-30-CABG-HRRP,154,,0.9538,0.1742,0.1826,27,07/01/2020,06/30/2023
SAMPLE HOSPITAL 703,100702,KS,READM-30-COPD-HRRP,71,,1.0256,0.2415,0.2355,17,07/01/2020,06/30/2023
SAMPLE HOSPITAL 703,100702,KS,READM-30-HIP-KNEE-HRRP,52,,0.8509,0.2031,0.2387,11,07/01/2020,06/30/2023
SAMPLE HOSPITAL 703,100702,KS,READM-30-AMI-HRRP,1973,,1.0372,0.2577,0.2485,508,07/01/2020,06/30/2023
SAMPLE HOSPITAL 703,100702,KS,READM-30-PN-HRRP,100,,1.0038,0.2606,0.2596,26,07/01/2020,06/30/2023
SAMPLE HOSPITAL 703,100702,KS,READM-30-CABG-HRRP,347,,0.9491,0.1263,0.1331,44,07/01/2020,06/30/2023
SAMPLE HOSPITAL 703,100702,KS,READM-30-HF-HRRP,325,,1.0844,0.1473,0.1358,48,07/01/2020,06/30/2023
SAMPLE HOSPITAL 704,100703,AK,READM-30-COPD-HRRP,267,,1.0135,0.2409,0.2377,64,07/01/2020,06/30/2023
SAMPLE HOSPITAL 704,100703,AK,READM-30-PN-HRRP,82,,0.961,0.2198,0.2287,18,07/01/2020,06/30/2023
SAMPLE HOSPITAL 704,100703,AK,READM-30-HIP-KNEE-HRRP,367,,0.9833,0.1654,0.1682,61,07/01/2020,06/30/2023
SAMPLE HOSPITAL 705,100704,SD,READM-30-COPD-HRRP,53,,1.013,0.2235,0.2206,12,07/01/2020,06/30/2023
SAMPLE HOSPITAL 705,100704,SD,READM-30-HIP-KNEE-HRRP,107,,1.0629,0.2097,0.1973,22,07/01/2020,06/30/2023
SAMPLE HOSPITAL 705,100704,SD,READM-30-PN-HRRP,389,,1.037,0.1626,0.1568,63,07/01/2020,06/30/2023
SAMPLE HOSPITAL 705,100704,SD,READM-30-AMI-HRRP,793,,1.0964,0.2472,0.2255,196,07/01/2020,06/30/2023
SAMPLE HOSPITAL 705,100704,SD,READM-30-HF-HRRP,1221,,0.8922,0.1935,0.2169,236,07/01/2020,06/30/2023
SAMPLE HOSPITAL 705,100704,SD,READM-30-CABG-HRRP,Too Few to Report,1,Too Few to Report,,,,07/01/2020,06/30/2023
SAMPLE HOSPITAL 706,100705,AL,READM-30-PN-HRRP,222,,1.0829,0.2254,0.2081,50,07/01/2020,06/30/2023
SAMPLE HOSPITAL 706,100705,AL,READM-30-CABG-HRRP,341,,0.985,0.1656,0.1681,56,07/01/2020,06/30/2023
SAMPLE HOSPITAL 706,100705,AL,READM-30-AMI-HRRP,79,,1.0133,0.141,0.1391,11,07/01/2020,06/30/2023
SAMPLE HOSPITAL 707,100706,RI,READM-30-COPD-HRRP,68,,1.0159,0.2596,0.2555,18,07/01/2020,06/30/2023
SAMPLE HOSPITAL 707,100706,RI,READM-30-HIP-KNEE-HRRP,124,,1.0517,0.2652,0.2522,33,07/01/2020,06/30/2023
SAMPLE HOSPITAL 707,100706,RI,READM-30-PN-HRRP,674,,0.9342,0.1647,0.1763,111,07/01/2020,06/30/2023
SAMPLE HOSPITAL 707,100706,RI,READM-30-CABG-HRRP,144,,1.0174,0.2269,0.223,33,07/01/2020,06/30/2023
SAMPLE HOSPITAL 708,100707,FL,READM-30-AMI-HRRP,248,,1.0841,0.2582,0.2382,64,07/01/2020,06/30/2023
SAMPLE HOSPITAL 708,100707,FL,READM-30-CABG-HRRP,879,,0.9793,0.1821,0.186,160,07/01/2020,06/30/2023
SAMPLE HOSPITAL 708,100707,FL,READM-30-PN-HRRP,228,,0.927,0.1936,0.2088,44,07/01/2020,06/30/2023
SAMPLE HOSPITAL 708,100707,FL,READM-30-COPD-HRRP,866,,0.9853,0.2451,0.2488,212,07/01/2020,06/30/2023
SAMPLE HOSPITAL 708,100707,FL,READM-30-HIP-KNEE-HRRP,333,,0.9627,0.24,0.2493,80,07/01/2020,06/30/2023
SAMPLE HOSPITAL 709,100708,LA,READM-30-CABG-HRRP,258,,1.0409,0.1772,0.1702,46,07/01/2020,06/30/2023
SAMPLE HOSPITAL 709,100708,LA,READM-30-COPD-HRRP,161,,1.1151,0.155,0.139,25,07/01/2020,06/30/2023
SAMPLE HOSPITAL 709,100708,LA,READM-30-PN-HRRP,1215,,1.0152,0.1478,0.1456,180,07/01/2020,06/30/2023
SAMPLE HOSPITAL 709,100708,LA,READM-30-HF-HRRP,218,,1.0831,0.2497,0.2305,54,07/01/2020,06/30/2023
SAMPLE HOSPITAL 709,100708,LA,READM-30-HIP-KNEE-HRRP,92,,0.8894,0.1095,0.1231,10,07/01/2020,06/30/2023
SAMPLE HOSPITAL 710,100709,AL,READM-30-CABG-HRRP,125,,0.939,0.1591,0.1694,20,07/01/2020,06/30/2023
SAMPLE HOSPITAL 710,100709,AL,READM-30-PN-HRRP,216,,0.9296,0.1422,0.153,31,07/01/2020,06/30/2023
SAMPLE HOSPITAL 710,100709,AL,READM-30-COPD-HRRP,342,,0.953,0.1459,0.1531,50,07/01/2020,06/30/2023
SAMPLE HOSPITAL 710,100709,AL,READM-30-HF-HRRP,152,,0.9204,0.1189,0.1292,18,07/01/2020,06/30/2023
SAMPLE HOSPITAL 710,100709,AL,READM-30-HIP-KNEE-HRRP,189,,0.8617,0.1596,0.1852,30,07/01/2020,06/30/2023
SAMPLE HOSPITAL 710,100709,AL,READM-30-AMI-HRRP,248,,0.9913,0.2082,0.21,52,07/01/2020,06/30/2023
SAMPLE HOSPITAL 711,100710,OH,READM-30-HIP-KNEE-HRRP,694,,1.072,0.174,0.1623,121,07/01/2020,06/30/2023
SAMPLE HOSPITAL 711,100710,OH,READM-30-COPD-HRRP,113,,0.9889,0.2281,0.2307,26,07/01/2020,06/30/2023
SAMPLE HOSPITAL 711,100710,OH,READM-30-CABG-HRRP,304,,0.9524,0.1581,0.166,48,07/01/2020,06/30/2023
SAMPLE HOSPITAL 711,100710,OH,READM-30-HF-HRRP,263,,0.996,0.2061,0.2069,54,07/01/2020,06/30/2023
SAMPLE HOSPITAL 711,100710,OH,READM-30-PN-HRRP,216,,0.9934,0.172,0.1731,37,07/01/2020,06/30/2023
SAMPLE HOSPITAL 712,100711,DE,READM-30-PN-HRRP,60,,0.983,0.1359,0.1382,8,07/01/2020,06/30/2023
SAMPLE HOSPITAL 712,100711,DE,READM-30-AMI-HRRP,147,,1.1279,0.1979,0.1755,29,07/01/2020,06/30/2023
SAMPLE HOSPITAL 712,100711,DE,READM-30-HF-HRRP,315,,0.9905,0.2508,0.2532,79,07/01/2020,06/30/2023
SAMPLE HOSPITAL 713,100712,IL,READM-30-COPD-HRRP,103,,1.115,0.1355,0.1215,14,07/01/2020,06/30/2023
SAMPLE HOSPITAL 713,100712,IL,READM-30-CABG-HRRP,140,,0.9596,0.1232,0.1284,17,07/01/2020,06/30/2023
SAMPLE HOSPITAL 713,100712,IL,READM-30-AMI-HRRP,321,,0.9489,0.1885,0.1986,61,07/01/2020,06/30/2023
SAMPLE HOSPITAL 713,100712,IL,READM-30-PN-HRRP,64,,1.0097,0.2002,0.1983,13,07/01/2020,06/30/2023
SAMPLE HOSPITAL 714,100713,NY,READM-30-AMI-HRRP,308,,0.9171,0.1212,0.1322,37,07/01/2020,06/30/2023
SAMPLE HOSPITAL 714,100713,NY,READM-30-PN-HRRP,359,,1.0349,0.1471,0.1421,53,07/01/2020,06/30/2023
SAMPLE HOSPITAL 714,100713,NY,READM-30-COPD-HRRP,846,,0.94,0.1238,0.1317,105,07/01/2020,06/30/2023
SAMPLE HOSPITAL 714,100713,NY,READM-30-HIP-KNEE-HRRP,352,,1.0085,0.1834,0.1819,65,07/01/2020,06/30/2023
SAMPLE HOSPITAL 715,100714,TX,READM-30-CABG-HRRP,42,,0.9668,0.1628,0.1684,7,07/01/2020,06/30/2023
SAMPLE HOSPITAL 715,100714,TX,READM-30-COPD-HRRP,267,,1.0988,0.1832,0.1667,49,07/01/2020,06/30/2023
SAMPLE HOSPITAL 715,100714,TX,READM-30-HIP-KNEE-HRRP,566,,1.1103,0.1582,0.1425,90,07/01/2020,06/30/2023
SAMPLE HOSPITAL 715,100714,TX,READM-30-AMI-HRRP,84,,0.9958,0.2136,0.2145,18,07/01/2020,06/30/2023
SAMPLE HOSPITAL 715,100714,TX,READM-30-HF-HRRP,366,,0.8559,0.1303,0.1522,48,07/01/2020,06/30/2023
SAMPLE HOSPITAL 716,100715,ND,READM-30-COPD-HRRP,81,,0.938,0.2254,0.2403,18,07/01/2020,06/30/2023
SAMPLE HOSPITAL 716,100715,ND,READM-30-HIP-KNEE-HRRP,235,,1.0699,0.1589,0.1485,37,07/01/2020,06/30/2023
SAMPLE HOSPITAL 716,100715,ND,READM-30-CABG-HRRP,65,,0.9628,0.1889,0.1962,12,07/01/2020,06/30/2023
SAMPLE HOSPITAL 717,100716,NV,READM-30-COPD-HRRP,92,,0.9893,0.1289,0.1303,12,07/01/2020,06/30/2023
SAMPLE HOSPITAL 717,100716,NV,READM-30-HIP-KNEE-HRRP,322,,0.8109,0.131,0.1616,42,07/01/2020,06/30/2023
SAMPLE HOSPITAL 717,100716,NV,READM-30-CABG-HRRP,391,,0.9416,0.186,0.1975,73,07/01/2020,06/30/2023
SAMPLE HOSPITAL 717,100716,NV,READM-30-AMI-HRRP,202,,1.0385,0.1467,0.1413,30,07/01/2020,06/30/2023
SAMPLE HOSPITAL 717,100716,NV,READM-30-PN-HRRP,417,,0.9734,0.2416,0.2482,101,07/01/2020,06/30/2023
SAMPLE HOSPITAL 718,100717,AR,READM-30-AMI-HRRP,131,,0.9863,0.1209,0.1226,16,07/01/2020,06/30/2023
SAMPLE HOSPITAL 718,100717,AR,READM-30-PN-HRRP,296,,1.0969,0.182,0.1659,54,07/01/2020,06/30/2023
SAMPLE HOSPITAL 718,100717,AR,READM-30-HF-HRRP,662,,0.9605,0.2268,0.2361,150,07/01/2020,06/30/2023
SAMPLE HOSPITAL 718,100717,AR,READM-30-COPD-HRRP,143,,1.0395,0.1415,0.1361,20,07/01/2020,06/30/2023
SAMPLE HOSPITAL 718,100717,AR,READM-30-HIP-KNEE-HRRP,67,,1.0256,0.1464,0.1427,10,07/01/2020,06/30/2023
SAMPLE HOSPITAL 718,100717,AR,READM-30-CABG-HRRP,46,,0.9989,0.1476,0.1478,7,07/01/2020,06/30/2023
SAMPLE HOSPITAL 719,100718,CA,READM-30-PN-HRRP,132,,1.0577,0.1303,0.1232,17,07/01/2020,06/30/2023
SAMPLE HOSPITAL 719,100718,CA,READM-30-HIP-KNEE-HRRP,238,,0.9886,0.143,0.1446,34,07/01/2020,06/30/2023
SAMPLE HOSPITAL 719,100718,CA,READM-30-HF-HRRP,38,,1.0071,0.2551,0.2533,10,07/01/2020,06/30/2023
SAMPLE HOSPITAL 719,100718,CA,READM-30-CABG-HRRP,394,,1.1218,0.1375,0.1226,54,07/01/2020,06/30/2023
SAMPLE HOSPITAL 719,100718,CA,READM-30-AMI-HRRP,442,,1.0496,0.1842,0.1755,81,07/01/2020,06/30/2023
SAMPLE HOSPITAL 720,100719,KY,READM-30-COPD-HRRP,624,,1.0246,0.2375,0.2318,148,07/01/2020,06/30/2023
SAMPLE HOSPITAL 720,100719,KY,READM-30-HIP-KNEE-HRRP,1086,,1.0623,0.274,0.2579,298,07/01/2020,06/30/2023
SAMPLE HOSPITAL 720,100719,KY,READM-30-AMI-HRRP,185,,1.0407,0.2089,0.2007,39,07/01/2020,06/30/2023
SAMPLE HOSPITAL 720,100719,KY,READM-30-PN-HRRP,290,,1.0141,0.1768,0.1743,51,07/01/2020,06/30/2023
SAMPLE HOSPITAL 720,100719,KY,READM-30-HF-HRRP,204,,0.9695,0.1206,0.1244,25,07/01/2020,06/30/2023
SAMPLE HOSPITAL 721,100720,PA,READM-30-HIP-KNEE-HRRP,95,,1.0691,0.1664,0.1556,16,07/01/2020,06/30/2023
SAMPLE HOSPITAL 721,100720,PA,READM-30-HF-HRRP,86,,1.0404,0.192,0.1845,17,07/01/2020,06/30/2023
SAMPLE HOSPITAL 721,100720,PA,READM-30-COPD-HRRP,939,,1.0187,0.2108,0.2069,198,07/01/2020,06/30/2023
SAMPLE HOSPITAL 721,100720,PA,READM-30-CABG-HRRP,894,,1.072,0.2781,0.2594,249,07/01/2020,06/30/2023
SAMPLE HOSPITAL 721,100720,PA,READM-30-PN-HRRP,240,,1.034,0.1362,0.1317,33,07/01/2020,06/30/2023
SAMPLE HOSPITAL 722,100721,MD,READM-30-CABG-HRRP,212,,0.8996,0.1436,0.1596,30,07/01/2020,06/30/2023
SAMPLE HOSPITAL 722,100721,MD,READM-30-COPD-HRRP,57,,1.0543,0.203,0.1925,12,07/01/2020,06/30/2023
SAMPLE HOSPITAL 722,100721,MD,READM-30-AMI-HRRP,173,,0.8701,0.147,0.1689,25,07/01/2020,06/30/2023
SAMPLE HOSPITAL 722,100721,MD,READM-30-HF-HRRP,348,,1.0479,0.2475,0.2362,86,07/01/2020,06/30/2023
SAMPLE HOSPITAL 722,100721,MD,READM-30-PN-HRRP,274,,0.9414,0.2142,0.2275,59,07/01/2020,06/30/2023
SAMPLE HOSPITAL 723,100722,IA,READM-30-HIP-KNEE-HRRP,203,,1.0771,0.2569,0.2385,52,07/01/2020,06/30/2023
SAMPLE HOSPITAL 723,100722,IA,READM-30-AMI-HRRP,265,,0.9926,0.2276,0.2293,60,07/01/2020,06/30/2023
SAMPLE HOSPITAL 723,100722,IA,READM-30-PN-HRRP,49,,0.9425,0.2323,0.2465,11,07/01/2020,06/30/2023
SAMPLE HOSPITAL 724,100723,NJ,READM-30-CABG-HRRP,164,,0.9806,0.1558,0.1589,26,07/01/2020,06/30/2023
SAMPLE HOSPITAL 724,100723,NJ,READM-30-COPD-HRRP,158,,0.8837,0.197,0.2229,31,07/01/2020,06/30/2023
SAMPLE HOSPITAL 724,100723,NJ,READM-30-HF-HRRP,375,,1.0555,0.1774,0.1681,67,07/01/2020,06/30/2023
SAMPLE HOSPITAL 724,100723,NJ,READM-30-PN-HRRP,122,,1.0502,0.1844,0.1756,22,07/01/2020,06/30/2023
SAMPLE HOSPITAL 725,100724,MN,READM-30-AMI-HRRP,224,,1.031,0.2505,0.243,56,07/01/2020,06/30/2023
SAMPLE HOSPITAL 725,100724,MN,READM-30-PN-HRRP,52,,0.9774,0.1603,0.164,8,07/01/2020,06/30/2023
SAMPLE HOSPITAL 725,100724,MN,READM-30-COPD-HRRP,243,,1.0729,0.2398,0.2235,58,07/01/2020,06/30/2023
SAMPLE HOSPITAL 726,100725,MD,READM-30-COPD-HRRP,628,,0.9385,0.128,0.1364,80,07/01/2020,06/30/2023
SAMPLE HOSPITAL 726,100725,MD,READM-30-AMI-HRRP,61,,0.9623,0.1246,0.1295,8,07/01/2020,06/30/2023
SAMPLE HOSPITAL 726,100725,MD,READM-30-CABG-HRRP,55,,0.9605,0.1906,0.1984,10,07/01/2020,06/30/2023
SAMPLE HOSPITAL 726,100725,MD,READM-30-PN-HRRP,203,,1.02,0.2063,0.2023,42,07/01/2020,06/30/2023
SAMPLE HOSPITAL 727,100726,AR,READM-30-HF-HRRP,86,,1.004,0.2408,0.2398,21,07/01/2020,06/30/2023
SAMPLE HOSPITAL 727,100726,AR,READM-30-HIP-KNEE-HRRP,175,,0.9836,0.2514,0.2556,44,07/01/2020,06/30/2023
SAMPLE HOSPITAL 727,100726,AR,READM-30-AMI-HRRP,65,,1.031,0.2294,0.2225,15,07/01/2020,06/30/2023
SAMPLE HOSPITAL 727,100726,AR,READM-30-PN-HRRP,149,,0.9524,0.1583,0.1662,24,07/01/2020,06/30/2023
SAMPLE HOSPITAL 727,100726,AR,READM-30-COPD-HRRP,88,,0.8747,0.1523,0.1741,13,07/01/2020,06/30/2023
SAMPLE HOSPITAL 728,100727,TX,READM-30-HIP-KNEE-HRRP,137,,1.0342,0.2147,0.2076,29,07/01/2020,06/30/2023
SAMPLE HOSPITAL 728,100727,TX,READM-30-COPD-HRRP,303,,0.9688,0.2185,0.2255,66,07/01/2020,06/30/2023
SAMPLE HOSPITAL 728,100727,TX,READM-30-CABG-HRRP,114,,1.0077,0.2524,0.2505,29,07/01/2020,06/30/2023
SAMPLE HOSPITAL 729,100728,NE,READM-30-AMI-HRRP,374,,1.0233,0.2062,0.2015,77,07/01/2020,06/30/2023
SAMPLE HOSPITAL 729,100728,NE,READM-30-CABG-HRRP,70,,0.9738,0.2528,0.2596,18,07/01/2020,06/30/2023
SAMPLE HOSPITAL 729,100728,NE,READM-30-PN-HRRP,54,,0.8791,0.1741,0.198,9,07/01/2020,06/30/2023
SAMPLE HOSPITAL 729,100728,NE,READM-30-COPD-HRRP,59,,1.0277,0.1838,0.1788,11,07/01/2020,06/30/2023
SAMPLE HOSPITAL 729,100728,NE,READM-30-HIP-KNEE-HRRP,72,,1.1229,0.1781,0.1586,13,07/01/2020,06/30/2023
SAMPLE HOSPITAL 729,100728,NE,READM-30-HF-HRRP,435,,1.0111,0.1291,0.1277,56,07/01/2020,06/30/2023
SAMPLE HOSPITAL 730,100729,KS,READM-30-PN-HRRP,957,,1.0813,0.1325,0.1225,127,07/01/2020,06/30/2023
SAMPLE HOSPITAL 730,100729,KS,READM-30-COPD-HRRP,246,,1.1279,0.1558,0.1381,38,07/01/2020,06/30/2023
SAMPLE HOSPITAL 730,100729,KS,READM-30-AMI-HRRP,252,,1.0283,0.2216,0.2155,56,07/01/2020,06/30/2023
SAMPLE HOSPITAL 730,100729,KS,READM-30-HF-HRRP,69,,1.0149,0.123,0.1212,8,07/01/2020,06/30/2023
SAMPLE HOSPITAL 730,100729,KS,READM-30-HIP-KNEE-HRRP,399,,0.9381,0.168,0.1791,67,07/01/2020,06/30/2023
SAMPLE HOSPITAL 731,100730,MS,READM-30-HF-HRRP,185,,0.9675,0.2006,0.2073,37,07/01/2020,06/30/2023
SAMPLE HOSPITAL 731,100730,MS,READM-30-AMI-HRRP,268,,1.0114,0.1646,0.1627,44,07/01/2020,06/30/2023
SAMPLE HOSPITAL 731,100730,MS,READM-30-HIP-KNEE-HRRP,359,,1.0236,0.1311,0.1281,47,07/01/2020,06/30/2023
SAMPLE HOSPITAL 731,100730,MS,READM-30-CABG-HRRP,71,,0.9794,0.2213,0.226,16,07/01/2020,06/30/2023
SAMPLE HOSPITAL 731,100730,MS,READM-30-COPD-HRRP,249,,0.9752,0.191,0.1959,48,07/01/2020,06/30/2023
SAMPLE HOSPITAL 733,100732,UT,READM-30-HIP-KNEE-HRRP,183,,0.9004,0.1578,0.1753,29,07/01/2020,06/30/2023
SAMPLE HOSPITAL 733,100732,UT,READM-30-HF-HRRP,260,,1.0598,0.1393,0.1314,36,07/01/2020,06/30/2023
SAMPLE HOSPITAL 733,100732,UT,READM-30-CABG-HRRP,183,,0.9663,0.2426,0.2511,44,07/01/2020,06/30/2023
SAMPLE HOSPITAL 733,100732,UT,READM-30-COPD-HRRP,414,,1.0037,0.1523,0.1517,63,07/01/2020,06/30/2023
SAMPLE HOSPITAL 734,100733,VA,READM-30-HIP-KNEE-HRRP,759,,1.0473,0.1957,0.1869,149,07/01/2020,06/30/2023
SAMPLE HOSPITAL 734,100733,VA,READM-30-HF-HRRP,1074,,1.0805,0.2795,0.2587,300,07/01/2020,06/30/2023
SAMPLE HOSPITAL 734,100733,VA,READM-30-AMI-HRRP,1405,,1.0676,0.1795,0.1681,252,07/01/2020,06/30/2023
SAMPLE HOSPITAL 734,100733,VA,READM-30-CABG-HRRP,303,,1.0808,0.1346,0.1245,41,07/01/2020,06/30/2023
SAMPLE HOSPITAL 734,100733,VA,READM-30-COPD-HRRP,176,,1.0785,0.2087,0.1935,37,07/01/2020,06/30/2023
SAMPLE HOSPITAL 735,100734,AZ,READM-30-COPD-HRRP,301,,0.887,0.1067,0.1203,32,07/01/2020,06/30/2023
SAMPLE HOSPITAL 735,100734,AZ,READM-30-HF-HRRP,705,,1.0639,0.1846,0.1735,130,07/01/2020,06/30/2023
SAMPLE HOSPITAL 735,100734,AZ,READM-30-CABG-HRRP,114,,0.9406,0.232,0.2467,26,07/01/2020,06/30/2023
SAMPLE HOSPITAL 735,100734,AZ,READM-30-HIP-KNEE-HRRP,459,,0.9916,0.1651,0.1665,76,07/01/2020,06/30/2023
SAMPLE HOSPITAL 735,100734,AZ,READM-30-AMI-HRRP,105,,0.9322,0.2118,0.2272,22,07/01/2020,06/30/2023
SAMPLE HOSPITAL 735,100734,AZ,READM-30-PN-HRRP,209,,0.9705,0.2513,0.2589,53,07/01/2020,06/30/2023
SAMPLE HOSPITAL 736,100735,IN,READM-30-HIP-KNEE-HRRP,302,,1.1002,0.2494,0.2267,75,07/01/2020,06/30/2023
SAMPLE HOSPITAL 736,100735,IN,READM-30-AMI-HRRP,573,,0.9806,0.1919,0.1957,110,07/01/2020,06/30/2023
SAMPLE HOSPITAL 736,100735,IN,READM-30-COPD-HRRP,138,,0.9784,0.2074,0.212,29,07/01/2020,06/30/2023
SAMPLE HOSPITAL 736,100735,IN,READM-30-HF-HRRP,325,,1.0531,0.1626,0.1544,53,07/01/2020,06/30/2023
SAMPLE HOSPITAL 736,100735,IN,READM-30-PN-HRRP,53,,1.0477,0.2193,0.2093,12,07/01/2020,06/30/2023
SAMPLE HOSPITAL 737,100736,ID,READM-30-HIP-KNEE-HRRP,172,,1.0781,0.2374,0.2202,41,07/01/2020,06/30/2023
SAMPLE HOSPITAL 737,100736,ID,READM-30-PN-HRRP,389,,1.0346,0.2118,0.2047,82,07/01/2020,06/30/2023
SAMPLE HOSPITAL 737,100736,ID,READM-30-CABG-HRRP,252,,1.1228,0.2119,0.1887,53,07/01/2020,06/30/2023
SAMPLE HOSPITAL 737,100736,ID,READM-30-HF-HRRP,69,,1.0098,0.2099,0.2079,14,07/01/2020,06/30/2023
SAMPLE HOSPITAL 737,100736,ID,READM-30-COPD-HRRP,219,,1.0132,0.1241,0.1225,27,07/01/2020,06/30/2023
SAMPLE HOSPITAL 738,100737,IN,READM-30-COPD-HRRP,492,,1.0143,0.2607,0.257,128,07/01/2020,06/30/2023
SAMPLE HOSPITAL 738,100737,IN,READM-30-CABG-HRRP,55,,1.0506,0.2423,0.2306,13,07/01/2020,06/30/2023
SAMPLE HOSPITAL 738,100737,IN,READM-30-HF-HRRP,226,,0.941,0.2153,0.2288,49,07/01/2020,06/30/2023
SAMPLE HOSPITAL 738,100737,IN,READM-30-AMI-HRRP,140,,1.0545,0.2352,0.223,33,07/01/2020,06/30/2023
SAMPLE HOSPITAL 739,100738,FL,READM-30-HF-HRRP,466,,0.9478,0.1821,0.1921,85,07/01/2020,06/30/2023
SAMPLE HOSPITAL 739,100738,FL,READM-30-CABG-HRRP,246,,0.8978,0.1788,0.1991,44,07/01/2020,06/30/2023
SAMPLE HOSPITAL 739,100738,FL,READM-30-COPD-HRRP,738,,0.9642,0.1343,0.1393,99,07/01/2020,06/30/2023
SAMPLE HOSPITAL 740,100739,NJ,READM-30-HIP-KNEE-HRRP,200,,1.0484,0.2554,0.2436,51,07/01/2020,06/30/2023
SAMPLE HOSPITAL 740,100739,NJ,READM-30-CABG-HRRP,375,,1.0602,0.2073,0.1955,78,07/01/2020,06/30/2023
SAMPLE HOSPITAL 740,100739,NJ,READM-30-HF-HRRP,62,,0.9599,0.1194,0.1244,7,07/01/2020,06/30/2023
SAMPLE HOSPITAL 740,100739,NJ,READM-30-PN-HRRP,527,,0.9577,0.2366,0.2471,125,07/01/2020,06/30/2023
SAMPLE HOSPITAL 741,100740,MN,READM-30-CABG-HRRP,38,,0.9699,0.1217,0.1255,5,07/01/2020,06/30/2023
SAMPLE HOSPITAL 741,100740,MN,READM-30-AMI-HRRP,388,,1.0325,0.2611,0.2529,101,07/01/2020,06/30/2023
SAMPLE HOSPITAL 741,100740,MN,READM-30-PN-HRRP,356,,0.9694,0.1904,0.1964,68,07/01/2020,06/30/2023
SAMPLE HOSPITAL 741,100740,MN,READM-30-COPD-HRRP,116,,0.9943,0.2276,0.2289,26,07/01/2020,06/30/2023
SAMPLE HOSPITAL 742,100741,MI,READM-30-COPD-HRRP,182,,0.9523,0.1545,0.1622,28,07/01/2020,06/30/2023
SAMPLE HOSPITAL 742,100741,MI,READM-30-HIP-KNEE-HRRP,25,,1.0086,0.2519,0.2498,6,07/01/2020,06/30/2023
SAMPLE HOSPITAL 742,100741,MI,READM-30-PN-HRRP,403,,0.9658,0.1373,0.1422,55,07/01/2020,06/30/2023
SAMPLE HOSPITAL 742,100741,MI,READM-30-AMI-HRRP,1137,,0.9011,0.1293,0.1435,147,07/01/2020,06/30/2023
SAMPLE HOSPITAL 743,100742,AL,READM-30-HF-HRRP,109,,0.9711,0.2339,0.2409,25,07/01/2020,06/30/2023
SAMPLE HOSPITAL 743,100742,AL,READM-30-AMI-HRRP,202,,0.9207,0.1671,0.1815,34,07/01/2020,06/30/2023
SAMPLE HOSPITAL 743,100742,AL,READM-30-CABG-HRRP,110,,1.0229,0.1384,0.1353,15,07/01/2020,06/30/2023
SAMPLE HOSPITAL 743,100742,AL,READM-30-COPD-HRRP,262,,1.0268,0.1817,0.177,48,07/01/2020,06/30/2023
SAMPLE HOSPITAL 744,100743,NM,READM-30-HF-HRRP,265,,1.1057,0.2277,0.2059,60,07/01/2020,06/30/2023
SAMPLE HOSPITAL 744,100743,NM,READM-30-COPD-HRRP,326,,0.9654,0.2092,0.2167,68,07/01/2020,06/30/2023
SAMPLE HOSPITAL 744,100743,NM,READM-30-PN-HRRP,198,,0.976,0.1299,0.1331,26,07/01/2020,06/30/2023
SAMPLE HOSPITAL 744,100743,NM,READM-30-CABG-HRRP,624,,0.9755,0.1718,0.1761,107,07/01/2020,06/30/2023
SAMPLE HOSPITAL 744,100743,NM,READM-30-HIP-KNEE-HRRP,99,,1.0846,0.2444,0.2253,24,07/01/2020,06/30/2023
SAMPLE HOSPITAL 745,100744,WA,READM-30-AMI-HRRP,170,,0.9994,0.2427,0.2428,41,07/01/2020,06/30/2023
SAMPLE HOSPITAL 745,100744,WA,READM-30-COPD-HRRP,50,,1.0279,0.221,0.215,11,07/01/2020,06/30/2023
SAMPLE HOSPITAL 745,100744,WA,READM-30-HF-HRRP,192,,0.9926,0.1512,0.1523,29,07/01/2020,06/30/2023
SAMPLE HOSPITAL 745,100744,WA,READM-30-CABG-HRRP,249,,1.0061,0.1618,0.1608,40,07/01/2020,06/30/2023
SAMPLE HOSPITAL 745,100744,WA,READM-30-HIP-KNEE-HRRP,100,,0.9525,0.161,0.169,16,07/01/2020,06/30/2023
SAMPLE HOSPITAL 745,100744,WA,READM-30-PN-HRRP,66,,0.9313,0.1496,0.1606,10,07/01/2020,06/30/2023
SAMPLE HOSPITAL 746,100745,NH,READM-30-HIP-KNEE-HRRP,143,,0.9012,0.157,0.1742,22,07/01/2020,06/30/2023
SAMPLE HOSPITAL 746,100745,NH,READM-30-PN-HRRP,232,,1.0034,0.216,0.2153,50,07/01/2020,06/30/2023
SAMPLE HOSPITAL 746,100745,NH,READM-30-AMI-HRRP,141,,1.1319,0.2039,0.1801,29,07/01/2020,06/30/2023
SAMPLE HOSPITAL 746,100745,NH,READM-30-HF-HRRP,84,,1.0255,0.2632,0.2567,22,07/01/2020,06/30/2023
SAMPLE HOSPITAL 746,100745,NH,READM-30-COPD-HRRP,885,,0.983,0.249,0.2533,220,07/01/2020,06/30/2023
SAMPLE HOSPITAL 746,100745,NH,READM-30-CABG-HRRP,732,,0.9092,0.1808,0.1989,132,07/01/2020,06/30/2023
SAMPLE HOSPITAL 747,100746,WI,READM-30-HF-HRRP,75,,0.9662,0.1587,0.1642,12,07/01/2020,06/30/2023
SAMPLE HOSPITAL 747,100746,WI,READM-30-CABG-HRRP,207,,0.9621,0.2448,0.2544,51,07/01/2020,06/30/2023
SAMPLE HOSPITAL 747,100746,WI,READM-30-AMI-HRRP,147,,0.9798,0.1621,0.1654,24,07/01/2020,06/30/2023
SAMPLE HOSPITAL 748,100747,OR,READM-30-CABG-HRRP,130,,1.0688,0.1713,0.1603,22,07/01/2020,06/30/2023
SAMPLE HOSPITAL 748,100747,OR,READM-30-HF-HRRP,50,,0.9845,0.2281,0.2317,11,07/01/2020,06/30/2023
SAMPLE HOSPITAL 748,100747,OR,READM-30-HIP-KNEE-HRRP,45,,1.0284,0.2509,0.244,11,07/01/2020,06/30/2023
SAMPLE HOSPITAL 749,100748,MI,READM-30-AMI-HRRP,59,,0.9944,0.129,0.1297,8,07/01/2020,06/30/2023
SAMPLE HOSPITAL 749,100748,MI,READM-30-HIP-KNEE-HRRP,78,,1.0249,0.183,0.1786,14,07/01/2020,06/30/2023
SAMPLE HOSPITAL 749,100748,MI,READM-30-COPD-HRRP,185,,0.9421,0.2412,0.256,45,07/01/2020,06/30/2023
SAMPLE HOSPITAL 749,100748,MI,READM-30-CABG-HRRP,174,,0.9645,0.1449,0.1502,25,07/01/2020,06/30/2023
SAMPLE HOSPITAL 750,100749,IL,READM-30-COPD-HRRP,193,,1.1014,0.2328,0.2114,45,07/01/2020,06/30/2023
SAMPLE HOSPITAL 750,100749,IL,READM-30-AMI-HRRP,630,,0.9362,0.2433,0.2599,153,07/01/2020,06/30/2023
SAMPLE HOSPITAL 750,100749,IL,READM-30-HF-HRRP,75,,1.0218,0.1693,0.1657,13,07/01/2020,06/30/2023
SAMPLE HOSPITAL 750,100749,IL,READM-30-PN-HRRP,290,,0.9733,0.1509,0.155,44,07/01/2020,06/30/2023
SAMPLE HOSPITAL 750,100749,IL,READM-30-HIP-KNEE-HRRP,185,,0.9752,0.1948,0.1998,36,07/01/2020,06/30/2023
SAMPLE HOSPITAL 750,100749,IL,READM-30-CABG-HRRP,232,,0.9567,0.1928,0.2015,45,07/01/2020,06/30/2023
SAMPLE HOSPITAL 751,100750,HI,READM-30-HIP-KNEE-HRRP,49,,1.0924,0.2633,0.241,13,07/01/2020,06/30/2023
SAMPLE HOSPITAL 751,100750,HI,READM-30-COPD-HRRP,234,,1.0854,0.1552,0.143,36,07/01/2020,06/30/2023
SAMPLE HOSPITAL 751,100750,HI,READM-30-AMI-HRRP,155,,0.9901,0.2168,0.219,34,07/01/2020,06/30/2023
SAMPLE HOSPITAL 751,100750,HI,READM-30-PN-HRRP,129,,0.9972,0.1415,0.1419,18,07/01/2020,06/30/2023
SAMPLE HOSPITAL 752,100751,FL,READM-30-PN-HRRP,1118,,0.9367,0.1872,0.1998,209,07/01/2020,06/30/2023
SAMPLE HOSPITAL 752,100751,FL,READM-30-HF-HRRP,133,,1.0566,0.1938,0.1834,26,07/01/2020,06/30/2023
SAMPLE HOSPITAL 752,100751,FL,READM-30-COPD-HRRP,130,,0.9729,0.151,0.1552,20,07/01/2020,06/30/2023
SAMPLE HOSPITAL 752,100751,FL,READM-30-CABG-HRRP,43,,0.9016,0.1324,0.1468,6,07/01/2020,06/30/2023
SAMPLE HOSPITAL 753,100752,LA,READM-30-PN-HRRP,132,,1.0381,0.1828,0.1761,24,07/01/2020,06/30/2023
SAMPLE HOSPITAL 753,100752,LA,READM-30-COPD-HRRP,Too Few to Report,1,Too Few to Report,,,,07/01/2020,06/30/2023
SAMPLE HOSPITAL 753,100752,LA,READM-30-AMI-HRRP,236,,0.9522,0.2284,0.2399,54,07/01/2020,06/30/2023
SAMPLE HOSPITAL 754,100753,OR,READM-30-PN-HRRP,273,,0.9359,0.2385,0.2548,65,07/01/2020,06/30/2023
SAMPLE HOSPITAL 754,100753,OR,READM-30-HF-HRRP,67,,0.9446,0.1224,0.1296,8,07/01/2020,06/30/2023
SAMPLE HOSPITAL 754,100753,OR,READM-30-HIP-KNEE-HRRP,446,,0.9772,0.1588,0.1625,71,07/01/2020,06/30/2023
SAMPLE HOSPITAL 755,100754,NE,READM-30-HIP-KNEE-HRRP,935,,1.0149,0.2395,0.236,224,07/01/2020,06/30/2023
SAMPLE HOSPITAL 755,100754,NE,READM-30-HF-HRRP,308,,1.0317,0.1672,0.1621,51,07/01/2020,06/30/2023
SAMPLE HOSPITAL 755,100754,NE,READM-30-AMI-HRRP,102,,1.0324,0.1819,0.1762,19,07/01/2020,06/30/2023
SAMPLE HOSPITAL 756,100755,HI,READM-30-HF-HRRP,176,,1.0538,0.2649,0.2514,47,07/01/2020,06/30/2023
SAMPLE HOSPITAL 756,100755,HI,READM-30-CABG-HRRP,186,,0.9625,0.1883,0.1956,35,07/01/2020,06/30/2023
SAMPLE HOSPITAL 756,100755,HI,READM-30-HIP-KNEE-HRRP,39,,1.0237,0.1789,0.1748,7,07/01/2020,06/30/2023
SAMPLE HOSPITAL 756,100755,HI,READM-30-PN-HRRP,50,,1.047,0.1537,0.1468,8,07/01/2020,06/30/2023
SAMPLE HOSPITAL 757,100756,NE,READM-30-HF-HRRP,Too Few to Report,1,Too Few to Report,,,,07/01/2020,06/30/2023
SAMPLE HOSPITAL 757,100756,NE,READM-30-PN-HRRP,148,,1.0518,0.1847,0.1756,27,07/01/2020,06/30/2023
SAMPLE HOSPITAL 757,100756,NE,READM-30-AMI-HRRP,369,,1.0868,0.223,0.2052,82,07/01/2020,06/30/2023
SAMPLE HOSPITAL 757,100756,NE,READM-30-CABG-HRRP,183,,1.0392,0.2539,0.2443,46,07/01/2020,06/30/2023
SAMPLE HOSPITAL 757,100756,NE,READM-30-HIP-KNEE-HRRP,275,,1.1557,0.2745,0.2375,75,07/01/2020,06/30/2023
SAMPLE HOSPITAL 757,100756,NE,READM-30-COPD-HRRP,148,,1.0112,0.2112,0.2089,31,07/01/2020,06/30/2023
SAMPLE HOSPITAL 758,100757,MO,READM-30-COPD-HRRP,385,,1.004,0.1872,0.1865,72,07/01/2020,06/30/2023
SAMPLE HOSPITAL 758,100757,MO,READM-30-AMI-HRRP,156,,1.0266,0.1696,0.1652,26,07/01/2020,06/30/2023
SAMPLE HOSPITAL 758,100757,MO,READM-30-CABG-HRRP,122,,0.9012,0.1111,0.1233,14,07/01/2020,06/30/2023
SAMPLE HOSPITAL 758,100757,MO,READM-30-HIP-KNEE-HRRP,1027,,1.0041,0.1981,0.1973,203,07/01/2020,06/30/2023
SAMPLE HOSPITAL 758,100757,MO,READM-30-HF-HRRP,183,,0.9349,0.1664,0.178,30,07/01/2020,06/30/2023
SAMPLE HOSPITAL 758,100757,MO,READM-30-PN-HRRP,727,,0.9765,0.2441,0.25,177,07/01/2020,06/30/2023
SAMPLE HOSPITAL 759,100758,NY,READM-30-HIP-KNEE-HRRP,158,,0.8821,0.2208,0.2503,35,07/01/2020,06/30/2023
SAMPLE HOSPITAL 759,100758,NY,READM-30-COPD-HRRP,134,,1.0472,0.2558,0.2443,34,07/01/2020,06/30/2023
SAMPLE HOSPITAL 759,100758,NY,READM-30-CABG-HRRP,274,,0.9013,0.124,0.1376,34,07/01/2020,06/30/2023
SAMPLE HOSPITAL 759,100758,NY,READM-30-AMI-HRRP,110,,0.9817,0.1318,0.1343,14,07/01/2020,06/30/2023
SAMPLE HOSPITAL 759,100758,NY,READM-30-PN-HRRP,789,,1.1341,0.1423,0.1255,112,07/01/2020,06/30/2023
SAMPLE HOSPITAL 759,100758,NY,READM-30-HF-HRRP,618,,0.9528,0.1556,0.1633,96,07/01/2020,06/30/2023
SAMPLE HOSPITAL 760,100759,ID,READM-30-HF-HRRP,41,,1.0229,0.2267,0.2216,9,07/01/2020,06/30/2023
SAMPLE HOSPITAL 760,100759,ID,READM-30-HIP-KNEE-HRRP,53,,1.0756,0.1688,0.1569,9,07/01/2020,06/30/2023
SAMPLE HOSPITAL 760,100759,ID,READM-30-PN-HRRP,114,,1.0476,0.2622,0.2503,30,07/01/2020,06/30/2023
SAMPLE HOSPITAL 760,100759,ID,READM-30-CABG-HRRP,322,,0.9472,0.2377,0.251,77,07/01/2020,06/30/2023
SAMPLE HOSPITAL 761,100760,ID,READM-30-HIP-KNEE-HRRP,159,,0.9572,0.2084,0.2177,33,07/01/2020,06/30/2023
SAMPLE HOSPITAL 761,100760,ID,READM-30-AMI-HRRP,41,,1.0227,0.1258,0.123,5,07/01/2020,06/30/2023
SAMPLE HOSPITAL 761,100760,ID,READM-30-PN-HRRP,64,,1.0132,0.2234,0.2205,14,07/01/2020,06/30/2023
SAMPLE HOSPITAL 761,100760,ID,READM-30-HF-HRRP,82,,1.0247,0.224,0.2186,18,07/01/2020,06/30/2023
SAMPLE HOSPITAL 762,100761,MO,READM-30-PN-HRRP,703,,0.9761,0.2172,0.2225,153,07/01/2020,06/30/2023
SAMPLE HOSPITAL 762,100761,MO,READM-30-HF-HRRP,553,,1.0233,0.1882,0.1839,104,07/01/2020,06/30/2023
SAMPLE HOSPITAL 762,100761,MO,READM-30-HIP-KNEE-HRRP,65,,1.0601,0.1858,0.1753,12,07/01/2020,06/30/2023
SAMPLE HOSPITAL 763,100762,IL,READM-30-AMI-HRRP,51,,0.9929,0.224,0.2256,11,07/01/2020,06/30/2023
SAMPLE HOSPITAL 763,100762,IL,READM-30-PN-HRRP,449,,1.0521,0.2722,0.2587,122,07/01/2020,06/30/2023
SAMPLE HOSPITAL 763,100762,IL,READM-30-HF-HRRP,429,,1.0152,0.1385,0.1364,59,07/01/2020,06/30/2023
SAMPLE HOSPITAL 763,100762,IL,READM-30-CABG-HRRP,302,,1.0508,0.2674,0.2545,81,07/01/2020,06/30/2023
SAMPLE HOSPITAL 763,100762,IL,READM-30-HIP-KNEE-HRRP,367,,1.1417,0.2327,0.2038,85,07/01/2020,06/30/2023
SAMPLE HOSPITAL 763,100762,IL,READM-30-COPD-HRRP,146,,0.9869,0.1226,0.1242,18,07/01/2020,06/30/2023
SAMPLE HOSPITAL 764,100763,AZ,READM-30-PN-HRRP,77,,0.997,0.2219,0.2226,17,07/01/2020,06/30/2023
SAMPLE HOSPITAL 764,100763,AZ,READM-30-COPD-HRRP,144,,0.9652,0.2399,0.2486,35,07/01/2020,06/30/2023
SAMPLE HOSPITAL 764,100763,AZ,READM-30-AMI-HRRP,33,,0.925,0.1983,0.2144,7,07/01/2020,06/30/2023
SAMPLE HOSPITAL 764,100763,AZ,READM-30-HF-HRRP,53,,1.1031,0.1772,0.1606,9,07/01/2020,06/30/2023
SAMPLE HOSPITAL 765,100764,DE,READM-30-HF-HRRP,35,,1.0273,0.2197,0.2139,8,07/01/2020,06/30/2023
SAMPLE HOSPITAL 765,100764,DE,READM-30-COPD-HRRP,202,,1.0768,0.2182,0.2026,44,07/01/2020,06/30/2023
SAMPLE HOSPITAL 765,100764,DE,READM-30-CABG-HRRP,89,,0.9686,0.2384,0.2461,21,07/01/2020,06/30/2023
SAMPLE HOSPITAL 765,100764,DE,READM-30-HIP-KNEE-HRRP,211,,1.1086,0.1932,0.1743,41,07/01/2020,06/30/2023
SAMPLE HOSPITAL 765,100764,DE,READM-30-AMI-HRRP,49,,1.0102,0.1294,0.1281,6,07/01/2020,06/30/2023
SAMPLE HOSPITAL 765,100764,DE,READM-30-PN-HRRP,599,,0.9938,0.2136,0.2149,128,07/01/2020,06/30/2023
SAMPLE HOSPITAL 766,100765,TN,READM-30-COPD-HRRP,284,,1.0527,0.1465,0.1392,42,07/01/2020,06/30/2023
SAMPLE HOSPITAL 766,100765,TN,READM-30-HIP-KNEE-HRRP,237,,0.9425,0.1964,0.2084,47,07/01/2020,06/30/2023
SAMPLE HOSPITAL 766,100765,TN,READM-30-HF-HRRP,224,,0.9888,0.1585,0.1603,36,07/01/2020,06/30/2023
SAMPLE HOSPITAL 767,100766,KY,READM-30-AMI-HRRP,53,,0.9334,0.1309,0.1402,7,07/01/2020,06/30/2023
SAMPLE HOSPITAL 767,100766,KY,READM-30-HF-HRRP,100,,1.0072,0.1631,0.1619,16,07/01/2020,06/30/2023
SAMPLE HOSPITAL 767,100766,KY,READM-30-HIP-KNEE-HRRP,208,,1.0349,0.2622,0.2534,55,07/01/2020,06/30/2023
SAMPLE HOSPITAL 767,100766,KY,READM-30-PN-HRRP,570,,1.0767,0.1718,0.1596,98,07/01/2020,06/30/2023
SAMPLE HOSPITAL 768,100767,AK,READM-30-PN-HRRP,32,,0.9081,0.1272,0.1401,4,07/01/2020,06/30/2023
SAMPLE HOSPITAL 768,100767,AK,READM-30-AMI-HRRP,449,,0.9904,0.2347,0.237,105,07/01/2020,06/30/2023
SAMPLE HOSPITAL 768,100767,AK,READM-30-CABG-HRRP,171,,0.9234,0.1944,0.2105,33,07/01/2020,06/30/2023
SAMPLE HOSPITAL 769,100768,AK,READM-30-HIP-KNEE-HRRP,296,,1.0473,0.208,0.1986,62,07/01/2020,06/30/2023
SAMPLE HOSPITAL 769,100768,AK,READM-30-HF-HRRP,1186,,0.9562,0.1766,0.1847,209,07/01/2020,06/30/2023
SAMPLE HOSPITAL 769,100768,AK,READM-30-COPD-HRRP,142,,0.9397,0.1528,0.1626,22,07/01/2020,06/30/2023
SAMPLE HOSPITAL 769,100768,AK,READM-30-PN-HRRP,176,,0.8933,0.1931,0.2162,34,07/01/2020,06/30/2023
SAMPLE HOSPITAL 770,100769,MO,READM-30-PN-HRRP,106,,0.9953,0.1835,0.1844,19,07/01/2020,06/30/2023
SAMPLE HOSPITAL 770,100769,MO,READM-30-HF-HRRP,285,,1.0167,0.1782,0.1753,51,07/01/2020,06/30/2023
SAMPLE HOSPITAL 770,100769,MO,READM-30-HIP-KNEE-HRRP,117,,1.0997,0.2527,0.2298,30,07/01/2020,06/30/2023
SAMPLE HOSPITAL 770,100769,MO,READM-30-AMI-HRRP,123,,1.0165,0.2273,0.2236,28,07/01/2020,06/30/2023
SAMPLE HOSPITAL 770,100769,MO,READM-30-COPD-HRRP,401,,1.1065,0.1332,0.1204,53,07/01/2020,06/30/2023
SAMPLE HOSPITAL 770,100769,MO,READM-30-CABG-HRRP,87,,1.1389,0.1764,0.1549,15,07/01/2020,06/30/2023
SAMPLE HOSPITAL 771,100770,TN,READM-30-CABG-HRRP,128,,0.9062,0.1357,0.1497,17,07/01/2020,06/30/2023
SAMPLE HOSPITAL 771,100770,TN,READM-30-COPD-HRRP,172,,0.9826,0.246,0.2504,42,07/01/2020,06/30/2023
SAMPLE HOSPITAL 771,100770,TN,READM-30-HIP-KNEE-HRRP,112,,0.9426,0.1419,0.1505,16,07/01/2020,06/30/2023
SAMPLE HOSPITAL 772,100771,RI,READM-30-AMI-HRRP,223,,1.0602,0.2642,0.2492,59,07/01/2020,06/30/2023
SAMPLE HOSPITAL 772,100771,RI,READM-30-CABG-HRRP,481,,0.9759,0.1569,0.1608,75,07/01/2020,06/30/2023
SAMPLE HOSPITAL 772,100771,RI,READM-30-HIP-KNEE-HRRP,193,,0.9134,0.1304,0.1428,25,07/01/2020,06/30/2023
SAMPLE HOSPITAL 772,100771,RI,READM-30-COPD-HRRP,73,,0.9571,0.1671,0.1746,12,07/01/2020,06/30/2023
SAMPLE HOSPITAL 772,100771,RI,READM-30-PN-HRRP,128,,0.9237,0.2255,0.2441,29,07/01/2020,06/30/2023
SAMPLE HOSPITAL 773,100772,SD,READM-30-HF-HRRP,138,,0.916,0.1369,0.1494,19,07/01/2020,06/30/2023
SAMPLE HOSPITAL 773,100772,SD,READM-30-CABG-HRRP,310,,0.9698,0.1992,0.2054,62,07/01/2020,06/30/2023
SAMPLE HOSPITAL 773,100772,SD,READM-30-HIP-KNEE-HRRP,91,,1.0594,0.2529,0.2387,23,07/01/2020,06/30/2023
SAMPLE HOSPITAL 773,100772,SD,READM-30-PN-HRRP,64,,0.9281,0.1341,0.1445,9,07/01/2020,06/30/2023
SAMPLE HOSPITAL 773,100772,SD,READM-30-COPD-HRRP,184,,0.9415,0.1491,0.1584,27,07/01/2020,06/30/2023
SAMPLE HOSPITAL 774,100773,MD,READM-30-AMI-HRRP,289,,0.9314,0.1274,0.1368,37,07/01/2020,06/30/2023
SAMPLE HOSPITAL 774,100773,MD,READM-30-COPD-HRRP,106,,1.0158,0.1568,0.1544,17,07/01/2020,06/30/2023
SAMPLE HOSPITAL 774,100773,MD,READM-30-HF-HRRP,82,,1.1499,0.1924,0.1673,16,07/01/2020,06/30/2023
SAMPLE HOSPITAL 774,100773,MD,READM-30-CABG-HRRP,135,,1.0107,0.1874,0.1854,25,07/01/2020,06/30/2023
SAMPLE HOSPITAL 774,100773,MD,READM-30-HIP-KNEE-HRRP,1870,,1.1016,0.1658,0.1505,310,07/01/2020,06/30/2023
SAMPLE HOSPITAL 774,100773,MD,READM-30-PN-HRRP,139,,1.0058,0.2449,0.2435,34,07/01/2020,06/30/2023
SAMPLE HOSPITAL 775,100774,CO,READM-30-COPD-HRRP,1755,,0.964,0.1195,0.124,210,07/01/2020,06/30/2023
SAMPLE HOSPITAL 775,100774,CO,READM-30-HIP-KNEE-HRRP,83,,0.9842,0.1884,0.1914,16,07/01/2020,06/30/2023
SAMPLE HOSPITAL 775,100774,CO,READM-30-PN-HRRP,100,,1.04,0.2374,0.2283,24,07/01/2020,06/30/2023
SAMPLE HOSPITAL 775,100774,CO,READM-30-CABG-HRRP,418,,1.0308,0.2157,0.2093,90,07/01/2020,06/30/2023
SAMPLE HOSPITAL 775,100774,CO,READM-30-AMI-HRRP,47,,1.0266,0.1997,0.1945,9,07/01/2020,06/30/2023
SAMPLE HOSPITAL 775,100774,CO,READM-30-HF-HRRP,125,,0.9704,0.1789,0.1844,22,07/01/2020,06/30/2023
SAMPLE HOSPITAL 776,100775,AK,READM-30-COPD-HRRP,527,,0.9686,0.2424,0.2503,128,07/01/2020,06/30/2023
SAMPLE HOSPITAL 776,100775,AK,READM-30-PN-HRRP,641,,0.9458,0.1298,0.1372,83,07/01/2020,06/30/2023
SAMPLE HOSPITAL 776,100775,AK,READM-30-AMI-HRRP,212,,0.9165,0.1234,0.1346,26,07/01/2020,06/30/2023
SAMPLE HOSPITAL 777,100776,NJ,READM-30-CABG-HRRP,47,,0.9736,0.2305,0.2367,11,07/01/2020,06/30/2023
SAMPLE HOSPITAL 777,100776,NJ,READM-30-HIP-KNEE-HRRP,803,,1.0532,0.2565,0.2435,206,07/01/2020,06/30/2023
SAMPLE HOSPITAL 777,100776,NJ,READM-30-AMI-HRRP,186,,0.9231,0.1568,0.1699,29,07/01/2020,06/30/2023
SAMPLE HOSPITAL 777,100776,NJ,READM-30-PN-HRRP,119,,1.0084,0.1279,0.1268,15,07/01/2020,06/30/2023
SAMPLE HOSPITAL 777,100776,NJ,READM-30-HF-HRRP,372,,1.031,0.2347,0.2276,87,07/01/2020,06/30/2023
SAMPLE HOSPITAL 778,100777,AL,READM-30-PN-HRRP,133,,0.911,0.1254,0.1376,17,07/01/2020,06/30/2023
SAMPLE HOSPITAL 778,100777,AL,READM-30-CABG-HRRP,365,,1.0165,0.1857,0.1827,68,07/01/2020,06/30/2023
SAMPLE HOSPITAL 778,100777,AL,READM-30-AMI-HRRP,85,,0.9457,0.238,0.2517,20,07/01/2020,06/30/2023
SAMPLE HOSPITAL 778,100777,AL,READM-30-HF-HRRP,730,,0.9746,0.1341,0.1376,98,07/01/2020,06/30/2023
SAMPLE HOSPITAL 778,100777,AL,READM-30-COPD-HRRP,541,,0.9889,0.1437,0.1453,78,07/01/2020,06/30/2023
SAMPLE HOSPITAL 778,100777,AL,READM-30-HIP-KNEE-HRRP,94,,0.9475,0.195,0.2058,18,07/01/2020,06/30/2023
SAMPLE HOSPITAL 779,100778,NE,READM-30-COPD-HRRP,509,,0.9267,0.1384,0.1493,70,07/01/2020,06/30/2023
SAMPLE HOSPITAL 779,100778,NE,READM-30-PN-HRRP,193,,1.1311,0.2764,0.2444,53,07/01/2020,06/30/2023
SAMPLE HOSPITAL 779,100778,NE,READM-30-HIP-KNEE-HRRP,168,,1.0273,0.2001,0.1948,34,07/01/2020,06/30/2023
SAMPLE HOSPITAL 780,100779,NC,READM-30-COPD-HRRP,503,,1.0139,0.1485,0.1465,75,07/01/2020,06/30/2023
SAMPLE HOSPITAL 780,100779,NC,READM-30-AMI-HRRP,199,,1.0304,0.2538,0.2463,51,07/01/2020,06/30/2023
SAMPLE HOSPITAL 780,100779,NC,READM-30-HIP-KNEE-HRRP,211,,1.0155,0.2388,0.2352,50,07/01/2020,06/30/2023
SAMPLE HOSPITAL 780,100779,NC,READM-30-HF-HRRP,56,,1.0277,0.1634,0.159,9,07/01/2020,06/30/2023
SAMPLE HOSPITAL 781,100780,SD,READM-30-PN-HRRP,383,,0.8649,0.1825,0.211,70,07/01/2020,06/30/2023
SAMPLE HOSPITAL 781,100780,SD,READM-30-HIP-KNEE-HRRP,421,,1.0516,0.1545,0.1469,65,07/01/2020,06/30/2023
SAMPLE HOSPITAL 781,100780,SD,READM-30-COPD-HRRP,197,,1.0551,0.1396,0.1323,28,07/01/2020,06/30/2023
SAMPLE HOSPITAL 782,100781,AL,READM-30-HF-HRRP,149,,1.0315,0.22,0.2133,33,07/01/2020,06/30/2023
SAMPLE HOSPITAL 782,100781,AL,READM-30-CABG-HRRP,188,,1.1563,0.1876,0.1622,35,07/01/2020,06/30/2023
SAMPLE HOSPITAL 782,100781,AL,READM-30-COPD-HRRP,99,,1.0001,0.216,0.216,21,07/01/2020,06/30/2023
SAMPLE HOSPITAL 782,100781,AL,READM-30-PN-HRRP,50,,0.8675,0.1107,0.1276,6,07/01/2020,06/30/2023
SAMPLE HOSPITAL 782,100781,AL,READM-30-AMI-HRRP,89,,0.9474,0.2105,0.2222,19,07/01/2020,06/30/2023
SAMPLE HOSPITAL 783,100782,NV,READM-30-COPD-HRRP,136,,0.9531,0.1999,0.2097,27,07/01/2020,06/30/2023
SAMPLE HOSPITAL 783,100782,NV,READM-30-HIP-KNEE-HRRP,80,,0.9988,0.2365,0.2368,19,07/01/2020,06/30/2023
SAMPLE HOSPITAL 783,100782,NV,READM-30-CABG-HRRP,178,,0.9575,0.2047,0.2138,36,07/01/2020,06/30/2023
SAMPLE HOSPITAL 783,100782,NV,READM-30-AMI-HRRP,103,,1.1534,0.2995,0.2597,31,07/01/2020,06/30/2023
SAMPLE HOSPITAL 783,100782,NV,READM-30-PN-HRRP,96,,0.8614,0.222,0.2577,21,07/01/2020,06/30/2023
SAMPLE HOSPITAL 784,100783,CT,READM-30-HF-HRRP,659,,0.9335,0.2378,0.2547,157,07/01/2020,06/30/2023
SAMPLE HOSPITAL 784,100783,CT,READM-30-COPD-HRRP,103,,0.9375,0.1561,0.1665,16,07/01/2020,06/30/2023
SAMPLE HOSPITAL 784,100783,CT,READM-30-PN-HRRP,133,,1.0506,0.1916,0.1824,25,07/01/2020,06/30/2023
SAMPLE HOSPITAL 784,100783,CT,READM-30-AMI-HRRP,346,,0.9753,0.118,0.121,41,07/01/2020,06/30/2023
SAMPLE HOSPITAL 784,100783,CT,READM-30-HIP-KNEE-HRRP,103,,1.0159,0.1898,0.1868,20,07/01/2020,06/30/2023
SAMPLE HOSPITAL 785,100784,AL,READM-30-COPD-HRRP,273,,0.9915,0.1443,0.1455,39,07/01/2020,06/30/2023
SAMPLE HOSPITAL 785,100784,AL,READM-30-CABG-HRRP,228,,1.0185,0.2269,0.2228,52,07/01/2020,06/30/2023
SAMPLE HOSPITAL 785,100784,AL,READM-30-PN-HRRP,256,,1.0035,0.2561,0.2552,66,07/01/2020,06/30/2023
SAMPLE HOSPITAL 786,100785,VA,READM-30-HF-HRRP,294,,0.9496,0.1419,0.1494,42,07/01/2020,06/30/2023
SAMPLE HOSPITAL 786,100785,VA,READM-30-HIP-KNEE-HRRP,78,,1.0947,0.2429,0.2219,19,07/01/2020,06/30/2023
SAMPLE HOSPITAL 786,100785,VA,READM-30-PN-HRRP,109,,0.9655,0.2024,0.2096,22,07/01/2020,06/30/2023
SAMPLE HOSPITAL 787,100786,KY,READM-30-PN-HRRP,238,,1.0329,0.1342,0.1299,32,07/01/2020,06/30/2023
SAMPLE HOSPITAL 787,100786,KY,READM-30-COPD-HRRP,235,,1.0619,0.1444,0.136,34,07/01/2020,06/30/2023
SAMPLE HOSPITAL 787,100786,KY,READM-30-HIP-KNEE-HRRP,53,,0.8961,0.1463,0.1633,8,07/01/2020,06/30/2023
SAMPLE HOSPITAL 787,100786,KY,READM-30-CABG-HRRP,988,,0.9795,0.171,0.1746,169,07/01/2020,06/30/2023
SAMPLE HOSPITAL 788,100787,MI,READM-30-HF-HRRP,194,,1.0718,0.2257,0.2106,44,07/01/2020,06/30/2023
SAMPLE HOSPITAL 788,100787,MI,READM-30-PN-HRRP,193,,0.9861,0.15,0.1521,29,07/01/2020,06/30/2023
SAMPLE HOSPITAL 788,100787,MI,READM-30-COPD-HRRP,328,,1.0737,0.2058,0.1917,68,07/01/2020,06/30/2023
SAMPLE HOSPITAL 788,100787,MI,READM-30-CABG-HRRP,71,,1.0094,0.2067,0.2048,15,07/01/2020,06/30/2023
SAMPLE HOSPITAL 788,100787,MI,READM-30-HIP-KNEE-HRRP,171,,1.0615,0.1803,0.1699,31,07/01/2020,06/30/2023
SAMPLE HOSPITAL 788,100787,MI,READM-30-AMI-HRRP,446,,1.1553,0.1987,0.172,89,07/01/2020,06/30/2023
SAMPLE HOSPITAL 789,100788,CT,READM-30-PN-HRRP,571,,1.0334,0.223,0.2158,127,07/01/2020,06/30/2023
SAMPLE HOSPITAL 789,100788,CT,READM-30-HIP-KNEE-HRRP,956,,1.1344,0.2088,0.1841,200,07/01/2020,06/30/2023
SAMPLE HOSPITAL 789,100788,CT,READM-30-COPD-HRRP,372,,0.9905,0.1466,0.148,55,07/01/2020,06/30/2023
SAMPLE HOSPITAL 789,100788,CT,READM-30-AMI-HRRP,85,,1.0201,0.2082,0.2041,18,07/01/2020,06/30/2023
SAMPLE HOSPITAL 789,100788,CT,READM-30-CABG-HRRP,151,,1.0591,0.1768,0.1669,27,07/01/2020,06/30/2023
SAMPLE HOSPITAL 790,100789,RI,READM-30-HF-HRRP,368,,0.9817,0.1765,0.1798,65,07/01/2020,06/30/2023
SAMPLE HOSPITAL 790,100789,RI,READM-30-HIP-KNEE-HRRP,105,,1.0583,0.181,0.171,19,07/01/2020,06/30/2023
SAMPLE HOSPITAL 790,100789,RI,READM-30-AMI-HRRP,282,,1.007,0.2172,0.2157,61,07/01/2020,06/30/2023
SAMPLE HOSPITAL 790,100789,RI,READM-30-COPD-HRRP,105,,1.1583,0.2178,0.188,23,07/01/2020,06/30/2023
SAMPLE HOSPITAL 791,100790,MI,READM-30-CABG-HRRP,684,,1.0079,0.151,0.1498,103,07/01/2020,06/30/2023
SAMPLE HOSPITAL 791,100790,MI,READM-30-HF-HRRP,88,,1.0638,0.1514,0.1423,13,07/01/2020,06/30/2023
SAMPLE HOSPITAL 791,100790,MI,READM-30-HIP-KNEE-HRRP,492,,0.9316,0.1462,0.1569,72,07/01/2020,06/30/2023
SAMPLE HOSPITAL 791,100790,MI,READM-30-PN-HRRP,35,,0.9907,0.1537,0.1551,5,07/01/2020,06/30/2023
SAMPLE HOSPITAL 791,100790,MI,READM-30-AMI-HRRP,48,,1.0592,0.2009,0.1897,10,07/01/2020,06/30/2023
SAMPLE HOSPITAL 791,100790,MI,READM-30-COPD-HRRP,337,,1.0752,0.1376,0.128,46,07/01/2020,06/30/2023
SAMPLE HOSPITAL 792,100791,MS,READM-30-COPD-HRRP,25,,0.9952,0.1999,0.2009,5,07/01/2020,06/30/2023
SAMPLE HOSPITAL 792,100791,MS,READM-30-HF-HRRP,440,,1.062,0.2145,0.202,94,07/01/2020,06/30/2023
SAMPLE HOSPITAL 792,100791,MS,READM-30-PN-HRRP,277,,1.0066,0.138,0.1371,38,07/01/2020,06/30/2023
SAMPLE HOSPITAL 793,100792,AK,READM-30-COPD-HRRP,67,,0.9769,0.1211,0.124,8,07/01/2020,06/30/2023
SAMPLE HOSPITAL 793,100792,AK,READM-30-HF-HRRP,536,,0.9473,0.2201,0.2323,118,07/01/2020,06/30/2023
SAMPLE HOSPITAL 793,100792,AK,READM-30-PN-HRRP,285,,1.1037,0.1662,0.1506,47,07/01/2020,06/30/2023
SAMPLE HOSPITAL 793,100792,AK,READM-30-AMI-HRRP,157,,1.0442,0.1915,0.1834,30,07/01/2020,06/30/2023
SAMPLE HOSPITAL 793,100792,AK,READM-30-CABG-HRRP,64,,1.0157,0.2454,0.2416,16,07/01/2020,06/30/2023
SAMPLE HOSPITAL 793,100792,AK,READM-30-HIP-KNEE-HRRP,441,,1.1007,0.2691,0.2445,119,07/01/2020,06/30/2023
SAMPLE HOSPITAL 794,100793,TX,READM-30-CABG-HRRP,318,,1.014,0.2348,0.2316,75,07/01/2020,06/30/2023
SAMPLE HOSPITAL 794,100793,TX,READM-30-COPD-HRRP,1605,,0.8924,0.1196,0.134,192,07/01/2020,06/30/2023
SAMPLE HOSPITAL 794,100793,TX,READM-30-HIP-KNEE-HRRP,107,,1.0623,0.1286,0.1211,14,07/01/2020,06/30/2023
SAMPLE HOSPITAL 794,100793,TX,READM-30-PN-HRRP,151,,1.1213,0.2561,0.2284,39,07/01/2020,06/30/2023
SAMPLE HOSPITAL 795,100794,FL,READM-30-HIP-KNEE-HRRP,126,,1.0632,0.2518,0.2368,32,07/01/2020,06/30/2023
SAMPLE HOSPITAL 795,100794,FL,READM-30-PN-HRRP,45,,0.9765,0.1664,0.1704,7,07/01/2020,06/30/2023
SAMPLE HOSPITAL 795,100794,FL,READM-30-AMI-HRRP,382,,1.0108,0.1967,0.1946,75,07/01/2020,06/30/2023
SAMPLE HOSPITAL 795,100794,FL,READM-30-CABG-HRRP,519,,1.001,0.2207,0.2205,115,07/01/2020,06/30/2023
SAMPLE HOSPITAL 795,100794,FL,READM-30-HF-HRRP,77,,1.0014,0.2,0.1997,15,07/01/2020,06/30/2023
SAMPLE HOSPITAL 796,100795,KS,READM-30-COPD-HRRP,132,,1.0272,0.1622,0.1579,21,07/01/2020,06/30/2023
SAMPLE HOSPITAL 796,100795,KS,READM-30-CABG-HRRP,78,,1.0547,0.2674,0.2535,21,07/01/2020,06/30/2023
SAMPLE HOSPITAL 796,100795,KS,READM-30-HF-HRRP,231,,0.9294,0.1726,0.1857,40,07/01/2020,06/30/2023
SAMPLE HOSPITAL 797,100796,MO,READM-30-HF-HRRP,213,,0.9901,0.2212,0.2234,47,07/01/2020,06/30/2023
SAMPLE HOSPITAL 797,100796,MO,READM-30-CABG-HRRP,53,,0.9347,0.1872,0.2003,10,07/01/2020,06/30/2023
SAMPLE HOSPITAL 797,100796,MO,READM-30-COPD-HRRP,115,,0.9998,0.2327,0.2327,27,07/01/2020,06/30/2023
SAMPLE HOSPITAL 797,100796,MO,READM-30-HIP-KNEE-HRRP,217,,0.9173,0.1258,0.1371,27,07/01/2020,06/30/2023
SAMPLE HOSPITAL 797,100796,MO,READM-30-PN-HRRP,469,,1.0518,0.2077,0.1975,97,07/01/2020,06/30/2023
SAMPLE HOSPITAL 797,100796,MO,READM-30-AMI-HRRP,379,,0.991,0.1651,0.1666,63,07/01/2020,06/30/2023
SAMPLE HOSPITAL 798,100797,VT,READM-30-COPD-HRRP,597,,0.94,0.1183,0.1258,71,07/01/2020,06/30/2023
SAMPLE HOSPITAL 798,100797,VT,READM-30-CABG-HRRP,696,,1.0266,0.1263,0.123,88,07/01/2020,06/30/2023
SAMPLE HOSPITAL 798,100797,VT,READM-30-PN-HRRP,293,,1.0681,0.1448,0.1356,42,07/01/2020,06/30/2023
SAMPLE HOSPITAL 798,100797,VT,READM-30-HF-HRRP,127,,0.8901,0.2295,0.2578,29,07/01/2020,06/30/2023
SAMPLE HOSPITAL 799,100798,TN,READM-30-PN-HRRP,113,,0.863,0.1124,0.1302,13,07/01/2020,06/30/2023
SAMPLE HOSPITAL 799,100798,TN,READM-30-CABG-HRRP,145,,0.9502,0.2412,0.2538,35,07/01/2020,06/30/2023
SAMPLE HOSPITAL 799,100798,TN,READM-30-HF-HRRP,742,,0.9955,0.1249,0.1255,93,07/01/2020,06/30/2023
SAMPLE HOSPITAL 799,100798,TN,READM-30-HIP-KNEE-HRRP,397,,0.9895,0.1728,0.1746,69,07/01/2020,06/30/2023
SAMPLE HOSPITAL 800,100799,MI,READM-30-HIP-KNEE-HRRP,241,,1.0467,0.1514,0.1446,36,07/01/2020,06/30/2023
SAMPLE HOSPITAL 800,100799,MI,READM-30-HF-HRRP,47,,0.9998,0.1969,0.1969,9,07/01/2020,06/30/2023
SAMPLE HOSPITAL 800,100799,MI,READM-30-PN-HRRP,269,,0.8432,0.2119,0.2513,57,07/01/2020,06/30/2023
SAMPLE HOSPITAL 800,100799,MI,READM-30-AMI-HRRP,376,,1.0969,0.1584,0.1444,60,07/01/2020,06/30/2023
SAMPLE HOSPITAL 800,100799,MI,READM-30-COPD-HRRP,Too Few to Report,1,Too Few to Report,,,,07/01/2020,06/30/2023
SAMPLE HOSPITAL 800,100799,MI,READM-30-CABG-HRRP,598,,1.029,0.2577,0.2504,154,07/01/2020,06/30/2023
SAMPLE HOSPITAL 802,100801,CT,READM-30-HIP-KNEE-HRRP,448,,1.0741,0.2176,0.2026,97,07/01/2020,06/30/2023
SAMPLE HOSPITAL 802,100801,CT,READM-30-PN-HRRP,249,,1.0426,0.1477,0.1417,37,07/01/2020,06/30/2023
SAMPLE HOSPITAL 802,100801,CT,READM-30-CABG-HRRP,129,,0.9737,0.1533,0.1574,20,07/01/2020,06/30/2023
SAMPLE HOSPITAL 802,100801,CT,READM-30-COPD-HRRP,215,,1.0645,0.2721,0.2556,59,07/01/2020,06/30/2023
SAMPLE HOSPITAL 803,100802,WV,READM-30-CABG-HRRP,482,,0.9562,0.1468,0.1535,71,07/01/2020,06/30/2023
SAMPLE HOSPITAL 803,100802,WV,READM-30-HF-HRRP,200,,1.0263,0.202,0.1968,40,07/01/2020,06/30/2023
SAMPLE HOSPITAL 803,100802,WV,READM-30-HIP-KNEE-HRRP,499,,1.0111,0.1493,0.1477,75,07/01/2020,06/30/2023
SAMPLE HOSPITAL 803,100802,WV,READM-30-AMI-HRRP,88,,1.0466,0.1924,0.1838,17,07/01/2020,06/30/2023
SAMPLE HOSPITAL 804,100803,SD,READM-30-HIP-KNEE-HRRP,260,,0.9297,0.1904,0.2048,50,07/01/2020,06/30/2023
SAMPLE HOSPITAL 804,100803,SD,READM-30-PN-HRRP,49,,0.9922,0.2191,0.2208,11,07/01/2020,06/30/2023
SAMPLE HOSPITAL 804,100803,SD,READM-30-AMI-HRRP,202,,0.9861,0.2149,0.2179,43,07/01/2020,06/30/2023
SAMPLE HOSPITAL 804,100803,SD,READM-30-HF-HRRP,229,,0.9845,0.2419,0.2457,55,07/01/2020,06/30/2023
SAMPLE HOSPITAL 805,100804,VT,READM-30-HF-HRRP,373,,0.8865,0.1489,0.168,56,07/01/2020,06/30/2023
SAMPLE HOSPITAL 805,100804,VT,READM-30-HIP-KNEE-HRRP,50,,0.9393,0.1183,0.1259,6,07/01/2020,06/30/2023
SAMPLE HOSPITAL 805,100804,VT,READM-30-AMI-HRRP,362,,0.979,0.1185,0.121,43,07/01/2020,06/30/2023
SAMPLE HOSPITAL 805,100804,VT,READM-30-COPD-HRRP,97,,0.9999,0.2316,0.2316,22,07/01/2020,06/30/2023
SAMPLE HOSPITAL 806,100805,AK,READM-30-COPD-HRRP,315,,1.0327,0.1661,0.1608,52,07/01/2020,06/30/2023
SAMPLE HOSPITAL 806,100805,AK,READM-30-PN-HRRP,40,,1.0433,0.1387,0.1329,6,07/01/2020,06/30/2023
SAMPLE HOSPITAL 806,100805,AK,READM-30-HF-HRRP,179,,0.9983,0.1259,0.1261,23,07/01/2020,06/30/2023
SAMPLE HOSPITAL 806,100805,AK,READM-30-AMI-HRRP,109,,1.1058,0.2364,0.2138,26,07/01/2020,06/30/2023
SAMPLE HOSPITAL 806,100805,AK,READM-30-HIP-KNEE-HRRP,54,,1.1158,0.1356,0.1215,7,07/01/2020,06/30/2023
SAMPLE HOSPITAL 806,100805,AK,READM-30-CABG-HRRP,417,,1.0566,0.1925,0.1822,80,07/01/2020,06/30/2023
SAMPLE HOSPITAL 807,100806,VT,READM-30-HF-HRRP,1261,,1.0122,0.1708,0.1687,215,07/01/2020,06/30/2023
SAMPLE HOSPITAL 807,100806,VT,READM-30-COPD-HRRP,75,,0.9564,0.142,0.1485,11,07/01/2020,06/30/2023
SAMPLE HOSPITAL 807,100806,VT,READM-30-AMI-HRRP,60,,1.0247,0.1651,0.1611,10,07/01/2020,06/30/2023
SAMPLE HOSPITAL 807,100806,VT,READM-30-PN-HRRP,144,,1.0578,0.2436,0.2303,35,07/01/2020,06/30/2023
SAMPLE HOSPITAL 808,100807,NJ,READM-30-AMI-HRRP,214,,0.9879,0.1421,0.1438,30,07/01/2020,06/30/2023
SAMPLE HOSPITAL 808,100807,NJ,READM-30-PN-HRRP,223,,0.978,0.2145,0.2193,48,07/01/2020,06/30/2023
SAMPLE HOSPITAL 808,100807,NJ,READM-30-CABG-HRRP,223,,1.1197,0.1827,0.1632,41,07/01/2020,06/30/2023
SAMPLE HOSPITAL 808,100807,NJ,READM-30-COPD-HRRP,274,,1.0763,0.2679,0.2489,73,07/01/2020,06/30/2023
SAMPLE HOSPITAL 808,100807,NJ,READM-30-HF-HRRP,236,,0.9694,0.1813,0.187,43,07/01/2020,06/30/2023
SAMPLE HOSPITAL 808,100807,NJ,READM-30-HIP-KNEE-HRRP,321,,1.0075,0.1667,0.1655,54,07/01/2020,06/30/2023
SAMPLE HOSPITAL 809,100808,WA,READM-30-COPD-HRRP,536,,1.1001,0.259,0.2354,139,07/01/2020,06/30/2023
SAMPLE HOSPITAL 809,100808,WA,READM-30-HF-HRRP,81,,0.9025,0.1555,0.1723,13,07/01/2020,06/30/2023
SAMPLE HOSPITAL 809,100808,WA,READM-30-AMI-HRRP,66,,0.9185,0.1948,0.2121,13,07/01/2020,06/30/2023
SAMPLE HOSPITAL 810,100809,NM,READM-30-PN-HRRP,118,,0.9441,0.1162,0.1231,14,07/01/2020,06/30/2023
SAMPLE HOSPITAL 810,100809,NM,READM-30-AMI-HRRP,193,,0.959,0.2397,0.25,46,07/01/2020,06/30/2023
SAMPLE HOSPITAL 810,100809,NM,READM-30-COPD-HRRP,147,,1.0041,0.243,0.242,36,07/01/2020,06/30/2023
SAMPLE HOSPITAL 811,100810,TN,READM-30-COPD-HRRP,82,,1.0229,0.1333,0.1303,11,07/01/2020,06/30/2023
SAMPLE HOSPITAL 811,100810,TN,READM-30-AMI-HRRP,31,,0.8947,0.1092,0.1221,3,07/01/2020,06/30/2023
SAMPLE HOSPITAL 811,100810,TN,READM-30-HF-HRRP,130,,0.9066,0.1118,0.1233,15,07/01/2020,06/30/2023
SAMPLE HOSPITAL 811,100810,TN,READM-30-CABG-HRRP,87,,1.068,0.1405,0.1316,12,07/01/2020,06/30/2023
SAMPLE HOSPITAL 811,100810,TN,READM-30-HIP-KNEE-HRRP,1677,,0.9446,0.1805,0.1911,303,07/01/2020,06/30/2023
SAMPLE HOSPITAL 812,100811,MS,READM-30-HF-HRRP,100,,1.0291,0.1684,0.1636,17,07/01/2020,06/30/2023
SAMPLE HOSPITAL 812,100811,MS,READM-30-CABG-HRRP,129,,1.0442,0.2583,0.2474,33,07/01/2020,06/30/2023
SAMPLE HOSPITAL 812,100811,MS,READM-30-PN-HRRP,465,,0.9781,0.1862,0.1904,87,07/01/2020,06/30/2023
SAMPLE HOSPITAL 812,100811,MS,READM-30-AMI-HRRP,83,,0.9962,0.2213,0.2221,18,07/01/2020,06/30/2023
SAMPLE HOSPITAL 813,100812,MD,READM-30-HIP-KNEE-HRRP,59,,1.0109,0.1922,0.1901,11,07/01/2020,06/30/2023
SAMPLE HOSPITAL 813,100812,MD,READM-30-COPD-HRRP,116,,0.9356,0.2242,0.2396,26,07/01/2020,06/30/2023
SAMPLE HOSPITAL 813,100812,MD,READM-30-HF-HRRP,138,,1.0124,0.1726,0.1705,24,07/01/2020,06/30/2023
SAMPLE HOSPITAL 813,100812,MD,READM-30-AMI-HRRP,856,,0.9596,0.1954,0.2036,167,07/01/2020,06/30/2023
SAMPLE HOSPITAL 813,100812,MD,READM-30-CABG-HRRP,503,,0.8874,0.2026,0.2283,102,07/01/2020,06/30/2023
SAMPLE HOSPITAL 813,100812,MD,READM-30-PN-HRRP,162,,0.9763,0.2524,0.2585,41,07/01/2020,06/30/2023
SAMPLE HOSPITAL 814,100813,MT,READM-30-HIP-KNEE-HRRP,427,,1.0506,0.1853,0.1764,79,07/01/2020,06/30/2023
SAMPLE HOSPITAL 814,100813,MT,READM-30-CABG-HRRP,330,,1.0468,0.1456,0.1391,48,07/01/2020,06/30/2023
SAMPLE HOSPITAL 814,100813,MT,READM-30-PN-HRRP,225,,1.027,0.1506,0.1466,34,07/01/2020,06/30/2023
SAMPLE HOSPITAL 814,100813,MT,READM-30-COPD-HRRP,668,,1.1003,0.2208,0.2007,147,07/01/2020,06/30/2023
SAMPLE HOSPITAL 815,100814,TX,READM-30-PN-HRRP,105,,0.9721,0.2225,0.2289,23,07/01/2020,06/30/2023
SAMPLE HOSPITAL 815,100814,TX,READM-30-CABG-HRRP,109,,0.9107,0.2213,0.243,24,07/01/2020,06/30/2023
SAMPLE HOSPITAL 815,100814,TX,READM-30-COPD-HRRP,220,,0.9719,0.1321,0.1359,29,07/01/2020,06/30/2023
SAMPLE HOSPITAL 815,100814,TX,READM-30-AMI-HRRP,101,,0.9885,0.2002,0.2025,20,07/01/2020,06/30/2023
SAMPLE HOSPITAL 816,100815,CO,READM-30-COPD-HRRP,690,,1.0592,0.2207,0.2084,152,07/01/2020,06/30/2023
SAMPLE HOSPITAL 816,100815,CO,READM-30-AMI-HRRP,665,,0.9814,0.1784,0.1818,119,07/01/2020,06/30/2023
SAMPLE HOSPITAL 816,100815,CO,READM-30-CABG-HRRP,Too Few to Report,1,Too Few to Report,,,,07/01/2020,06/30/2023
SAMPLE HOSPITAL 816,100815,CO,READM-30-HF-HRRP,334,,0.8464,0.1223,0.1445,41,07/01/2020,06/30/2023
SAMPLE HOSPITAL 817,100816,KS,READM-30-COPD-HRRP,414,,1.1472,0.1588,0.1384,66,07/01/2020,06/30/2023
SAMPLE HOSPITAL 817,100816,KS,READM-30-HF-HRRP,70,,1.1122,0.2791,0.2509,20,07/01/2020,06/30/2023
SAMPLE HOSPITAL 817,100816,KS,READM-30-CABG-HRRP,1002,,1.0416,0.2086,0.2003,209,07/01/2020,06/30/2023
SAMPLE HOSPITAL 817,100816,KS,READM-30-HIP-KNEE-HRRP,175,,1.0201,0.2447,0.2399,43,07/01/2020,06/30/2023
SAMPLE HOSPITAL 817,100816,KS,READM-30-PN-HRRP,78,,1.0284,0.1444,0.1404,11,07/01/2020,06/30/2023
SAMPLE HOSPITAL 818,100817,ND,READM-30-HIP-KNEE-HRRP,773,,0.983,0.2148,0.2185,166,07/01/2020,06/30/2023
SAMPLE HOSPITAL 818,100817,ND,READM-30-COPD-HRRP,483,,0.8809,0.1104,0.1253,53,07/01/2020,06/30/2023
SAMPLE HOSPITAL 818,100817,ND,READM-30-AMI-HRRP,130,,0.8768,0.1422,0.1622,18,07/01/2020,06/30/2023
SAMPLE HOSPITAL 818,100817,ND,READM-30-CABG-HRRP,55,,0.9554,0.2112,0.2211,12,07/01/2020,06/30/2023
SAMPLE HOSPITAL 818,100817,ND,READM-30-HF-HRRP,566,,0.9771,0.2062,0.211,117,07/01/2020,06/30/2023
SAMPLE HOSPITAL 818,100817,ND,READM-30-PN-HRRP,657,,0.919,0.2183,0.2375,143,07/01/2020,06/30/2023
SAMPLE HOSPITAL 819,100818,FL,READM-30-CABG-HRRP,145,,0.9314,0.2389,0.2565,35,07/01/2020,06/30/2023
SAMPLE HOSPITAL 819,100818,FL,READM-30-HF-HRRP,100,,1.0341,0.1755,0.1697,18,07/01/2020,06/30/2023
SAMPLE HOSPITAL 819,100818,FL,READM-30-AMI-HRRP,643,,0.9901,0.1508,0.1523,97,07/01/2020,06/30/2023
SAMPLE HOSPITAL 819,100818,FL,READM-30-HIP-KNEE-HRRP,117,,0.9844,0.2428,0.2466,28,07/01/2020,06/30/2023
SAMPLE HOSPITAL 820,100819,TN,READM-30-HIP-KNEE-HRRP,118,,1.0524,0.1988,0.1889,23,07/01/2020,06/30/2023
SAMPLE HOSPITAL 820,100819,TN,READM-30-PN-HRRP,57,,1.0901,0.2518,0.231,14,07/01/2020,06/30/2023
SAMPLE HOSPITAL 820,100819,TN,READM-30-CABG-HRRP,419,,1.0127,0.1649,0.1628,69,07/01/2020,06/30/2023
SAMPLE HOSPITAL 820,100819,TN,READM-30-HF-HRRP,302,,1.0737,0.1742,0.1622,53,07/01/2020,06/30/2023
SAMPLE HOSPITAL 821,100820,VA,READM-30-HIP-KNEE-HRRP,308,,1.0028,0.1525,0.1521,47,07/01/2020,06/30/2023
SAMPLE HOSPITAL 821,100820,VA,READM-30-PN-HRRP,40,,0.8957,0.1175,0.1312,5,07/01/2020,06/30/2023
SAMPLE HOSPITAL 821,100820,VA,READM-30-COPD-HRRP,218,,0.9741,0.1872,0.1922,41,07/01/2020,06/30/2023
SAMPLE HOSPITAL 821,100820,VA,READM-30-HF-HRRP,62,,1.0079,0.1694,0.1681,11,07/01/2020,06/30/2023
SAMPLE HOSPITAL 821,100820,VA,READM-30-AMI-HRRP,81,,1.0628,0.2488,0.2341,20,07/01/2020,06/30/2023
SAMPLE HOSPITAL 822,100821,MO,READM-30-HF-HRRP,213,,1.0142,0.166,0.1637,35,07/01/2020,06/30/2023
SAMPLE HOSPITAL 822,100821,MO,READM-30-CABG-HRRP,123,,0.9445,0.16,0.1694,20,07/01/2020,06/30/2023
SAMPLE HOSPITAL 822,100821,MO,READM-30-PN-HRRP,221,,1.0073,0.1279,0.127,28,07/01/2020,06/30/2023
SAMPLE HOSPITAL 822,100821,MO,READM-30-AMI-HRRP,40,,1.0899,0.1492,0.1369,6,07/01/2020,06/30/2023
SAMPLE HOSPITAL 822,100821,MO,READM-30-COPD-HRRP,185,,0.9558,0.2124,0.2222,39,07/01/2020,06/30/2023
SAMPLE HOSPITAL 822,100821,MO,READM-30-HIP-KNEE-HRRP,1253,,0.9365,0.2156,0.2302,270,07/01/2020,06/30/2023
SAMPLE HOSPITAL 823,100822,WY,READM-30-HF-HRRP,167,,0.9974,0.2016,0.2021,34,07/01/2020,06/30/2023
SAMPLE HOSPITAL 823,100822,WY,READM-30-CABG-HRRP,108,,1.084,0.2806,0.2589,30,07/01/2020,06/30/2023
SAMPLE HOSPITAL 823,100822,WY,READM-30-HIP-KNEE-HRRP,471,,0.9239,0.2232,0.2416,105,07/01/2020,06/30/2023
SAMPLE HOSPITAL 823,100822,WY,READM-30-PN-HRRP,1311,,0.9051,0.1269,0.1402,166,07/01/2020,06/30/2023
SAMPLE HOSPITAL 823,100822,WY,READM-30-AMI-HRRP,356,,1.077,0.2754,0.2557,98,07/01/2020,06/30/2023
SAMPLE HOSPITAL 824,100823,ND,READM-30-HF-HRRP,114,,0.9421,0.2085,0.2213,24,07/01/2020,06/30/2023
SAMPLE HOSPITAL 824,100823,ND,READM-30-HIP-KNEE-HRRP,172,,1.0121,0.2284,0.2257,39,07/01/2020,06/30/2023
SAMPLE HOSPITAL 824,100823,ND,READM-30-COPD-HRRP,341,,0.9537,0.1533,0.1607,52,07/01/2020,06/30/2023
SAMPLE HOSPITAL 825,100824,HI,READM-30-COPD-HRRP,163,,1.0502,0.2359,0.2246,38,07/01/2020,06/30/2023
SAMPLE HOSPITAL 825,100824,HI,READM-30-AMI-HRRP,790,,1.0405,0.1459,0.1402,115,07/01/2020,06/30/2023
SAMPLE HOSPITAL 825,100824,HI,READM-30-HIP-KNEE-HRRP,855,,0.9401,0.1828,0.1945,156,07/01/2020,06/30/2023
SAMPLE HOSPITAL 826,100825,NM,READM-30-HIP-KNEE-HRRP,205,,1.0293,0.1496,0.1453,31,07/01/2020,06/30/2023
SAMPLE HOSPITAL 826,100825,NM,READM-30-AMI-HRRP,505,,0.9784,0.1738,0.1776,88,07/01/2020,06/30/2023
SAMPLE HOSPITAL 826,100825,NM,READM-30-COPD-HRRP,675,,0.9645,0.2175,0.2255,147,07/01/2020,06/30/2023
SAMPLE HOSPITAL 826,100825,NM,READM-30-CABG-HRRP,76,,0.8838,0.2277,0.2576,17,07/01/2020,06/30/2023
SAMPLE HOSPITAL 826,100825,NM,READM-30-PN-HRRP,160,,1.014,0.1544,0.1523,25,07/01/2020,06/30/2023
SAMPLE HOSPITAL 827,100826,VA,READM-30-HF-HRRP,90,,0.9846,0.2076,0.2108,19,07/01/2020,06/30/2023
SAMPLE HOSPITAL 827,100826,VA,READM-30-COPD-HRRP,230,,1.0525,0.1642,0.156,38,07/01/2020,06/30/2023
SAMPLE HOSPITAL 827,100826,VA,READM-30-HIP-KNEE-HRRP,531,,0.9951,0.1441,0.1448,77,07/01/2020,06/30/2023
SAMPLE HOSPITAL 827,100826,VA,READM-30-PN-HRRP,131,,0.9999,0.2596,0.2596,34,07/01/2020,06/30/2023
SAMPLE HOSPITAL 827,100826,VA,READM-30-AMI-HRRP,114,,0.9717,0.1701,0.1751,19,07/01/2020,06/30/2023
SAMPLE HOSPITAL 828,100827,LA,READM-30-COPD-HRRP,185,,1.0147,0.1614,0.1591,30,07/01/2020,06/30/2023
SAMPLE HOSPITAL 828,100827,LA,READM-30-HF-HRRP,639,,0.9609,0.2083,0.2168,133,07/01/2020,06/30/2023
SAMPLE HOSPITAL 828,100827,LA,READM-30-AMI-HRRP,271,,1.12,0.2606,0.2327,71,07/01/2020,06/30/2023
SAMPLE HOSPITAL 828,100827,LA,READM-30-CABG-HRRP,219,,0.9942,0.24,0.2414,53,07/01/2020,06/30/2023
SAMPLE HOSPITAL 829,100828,WA,READM-30-HF-HRRP,69,,1.1094,0.2644,0.2383,18,07/01/2020,06/30/2023
SAMPLE HOSPITAL 829,100828,WA,READM-30-AMI-HRRP,830,,1.0758,0.2692,0.2502,223,07/01/2020,06/30/2023
SAMPLE HOSPITAL 829,100828,WA,READM-30-COPD-HRRP,266,,0.9048,0.135,0.1492,36,07/01/2020,06/30/2023
SAMPLE HOSPITAL 829,100828,WA,READM-30-HIP-KNEE-HRRP,145,,1.0246,0.2286,0.2231,33,07/01/2020,06/30/2023
SAMPLE HOSPITAL 829,100828,WA,READM-30-CABG-HRRP,136,,0.9873,0.1804,0.1827,25,07/01/2020,06/30/2023
SAMPLE HOSPITAL 829,100828,WA,READM-30-PN-HRRP,131,,1.0597,0.1983,0.1871,26,07/01/2020,06/30/2023
SAMPLE HOSPITAL 830,100829,NV,READM-30-AMI-HRRP,119,,0.9908,0.2005,0.2024,24,07/01/2020,06/30/2023
SAMPLE HOSPITAL 830,100829,NV,READM-30-COPD-HRRP,257,,0.886,0.1403,0.1583,36,07/01/2020,06/30/2023
SAMPLE HOSPITAL 830,100829,NV,READM-30-CABG-HRRP,255,,1.0347,0.1314,0.127,34,07/01/2020,06/30/2023
SAMPLE HOSPITAL 830,100829,NV,READM-30-HIP-KNEE-HRRP,154,,1.0514,0.2657,0.2527,41,07/01/2020,06/30/2023
SAMPLE HOSPITAL 831,100830,WV,READM-30-HF-HRRP,181,,1.0194,0.2171,0.213,39,07/01/2020,06/30/2023
SAMPLE HOSPITAL 831,100830,WV,READM-30-HIP-KNEE-HRRP,126,,1.0087,0.1922,0.1905,24,07/01/2020,06/30/2023
SAMPLE HOSPITAL 831,100830,WV,READM-30-AMI-HRRP,90,,1.0093,0.1358,0.1345,12,07/01/2020,06/30/2023
SAMPLE HOSPITAL 831,100830,WV,READM-30-CABG-HRRP,135,,1.1024,0.2059,0.1868,28,07/01/2020,06/30/2023
SAMPLE HOSPITAL 832,100831,HI,READM-30-COPD-HRRP,268,,0.9768,0.158,0.1618,42,07/01/2020,06/30/2023
SAMPLE HOSPITAL 832,100831,HI,READM-30-AMI-HRRP,378,,0.8889,0.1113,0.1252,42,07/01/2020,06/30/2023
SAMPLE HOSPITAL 832,100831,HI,READM-30-CABG-HRRP,79,,1.1491,0.1798,0.1565,14,07/01/2020,06/30/2023
SAMPLE HOSPITAL 832,100831,HI,READM-30-HF-HRRP,971,,0.926,0.2217,0.2394,215,07/01/2020,06/30/2023
SAMPLE HOSPITAL 833,100832,NV,READM-30-HIP-KNEE-HRRP,213,,0.9652,0.2346,0.2431,50,07/01/2020,06/30/2023
SAMPLE HOSPITAL 833,100832,NV,READM-30-AMI-HRRP,228,,1.0411,0.2425,0.2329,55,07/01/2020,06/30/2023
SAMPLE HOSPITAL 833,100832,NV,READM-30-PN-HRRP,116,,0.9794,0.1796,0.1834,21,07/01/2020,06/30/2023
SAMPLE HOSPITAL 833,100832,NV,READM-30-HF-HRRP,134,,0.9187,0.1267,0.1379,17,07/01/2020,06/30/2023
SAMPLE HOSPITAL 833,100832,NV,READM-30-CABG-HRRP,411,,1.0877,0.1865,0.1715,77,07/01/2020,06/30/2023
SAMPLE HOSPITAL 833,100832,NV,READM-30-COPD-HRRP,61,,0.9937,0.2519,0.2535,15,07/01/2020,06/30/2023
SAMPLE HOSPITAL 834,100833,WV,READM-30-CABG-HRRP,67,,1.115,0.1571,0.1409,11,07/01/2020,06/30/2023
SAMPLE HOSPITAL 834,100833,WV,READM-30-HIP-KNEE-HRRP,196,,1.0691,0.1985,0.1857,39,07/01/2020,06/30/2023
SAMPLE HOSPITAL 834,100833,WV,READM-30-AMI-HRRP,438,,0.9041,0.1765,0.1952,77,07/01/2020,06/30/2023
SAMPLE HOSPITAL 834,100833,WV,READM-30-PN-HRRP,29,,1.0504,0.1361,0.1296,4,07/01/2020,06/30/2023
SAMPLE HOSPITAL 835,100834,SC,READM-30-COPD-HRRP,715,,1.0579,0.1484,0.1403,106,07/01/2020,06/30/2023
SAMPLE HOSPITAL 835,100834,SC,READM-30-AMI-HRRP,389,,0.9666,0.1746,0.1806,68,07/01/2020,06/30/2023
SAMPLE HOSPITAL 835,100834,SC,READM-30-HF-HRRP,628,,1.112,0.1478,0.1329,93,07/01/2020,06/30/2023
SAMPLE HOSPITAL 835,100834,SC,READM-30-HIP-KNEE-HRRP,292,,0.9466,0.1378,0.1456,40,07/01/2020,06/30/2023
SAMPLE HOSPITAL 835,100834,SC,READM-30-CABG-HRRP,362,,1.0279,0.1548,0.1506,56,07/01/2020,06/30/2023
SAMPLE HOSPITAL 835,100834,SC,READM-30-PN-HRRP,331,,1.0037,0.259,0.258,86,07/01/2020,06/30/2023
SAMPLE HOSPITAL 836,100835,NE,READM-30-AMI-HRRP,148,,0.9658,0.1913,0.1981,28,07/01/2020,06/30/2023
SAMPLE HOSPITAL 836,100835,NE,READM-30-CABG-HRRP,Too Few to Report,1,Too Few to Report,,,,07/01/2020,06/30/2023
SAMPLE HOSPITAL 836,100835,NE,READM-30-HIP-KNEE-HRRP,102,,1.044,0.2649,0.2537,27,07/01/2020,06/30/2023
SAMPLE HOSPITAL 836,100835,NE,READM-30-PN-HRRP,1793,,0.937,0.1158,0.1236,208,07/01/2020,06/30/2023
SAMPLE HOSPITAL 836,100835,NE,READM-30-HF-HRRP,369,,0.9846,0.2036,0.2068,75,07/01/2020,06/30/2023
SAMPLE HOSPITAL 837,100836,ID,READM-30-COPD-HRRP,1194,,0.9992,0.2461,0.2463,294,07/01/2020,06/30/2023
SAMPLE HOSPITAL 837,100836,ID,READM-30-PN-HRRP,39,,1.0816,0.1919,0.1774,7,07/01/2020,06/30/2023
SAMPLE HOSPITAL 837,100836,ID,READM-30-HIP-KNEE-HRRP,72,,0.9595,0.2112,0.2201,15,07/01/2020,06/30/2023
SAMPLE HOSPITAL 837,100836,ID,READM-30-AMI-HRRP,261,,1.1148,0.2226,0.1997,58,07/01/2020,06/30/2023
SAMPLE HOSPITAL 837,100836,ID,READM-30-HF-HRRP,168,,0.9343,0.1996,0.2136,34,07/01/2020,06/30/2023
SAMPLE HOSPITAL 837,100836,ID,READM-30-CABG-HRRP,302,,1.0015,0.1435,0.1433,43,07/01/2020,06/30/2023
SAMPLE HOSPITAL 838,100837,AZ,READM-30-COPD-HRRP,63,,0.9719,0.1391,0.1431,9,07/01/2020,06/30/2023
SAMPLE HOSPITAL 838,100837,AZ,READM-30-HIP-KNEE-HRRP,103,,1.0025,0.2081,0.2076,21,07/01/2020,06/30/2023
SAMPLE HOSPITAL 838,100837,AZ,READM-30-HF-HRRP,57,,0.9765,0.2539,0.26,14,07/01/2020,06/30/2023
SAMPLE HOSPITAL 838,100837,AZ,READM-30-AMI-HRRP,228,,1.013,0.1484,0.1465,34,07/01/2020,06/30/2023
SAMPLE HOSPITAL 839,100838,DE,READM-30-COPD-HRRP,67,,1.0438,0.2072,0.1985,14,07/01/2020,06/30/2023
SAMPLE HOSPITAL 839,100838,DE,READM-30-HIP-KNEE-HRRP,81,,1.0322,0.2105,0.2039,17,07/01/2020,06/30/2023
SAMPLE HOSPITAL 839,100838,DE,READM-30-CABG-HRRP,481,,1.0143,0.1943,0.1916,93,07/01/2020,06/30/2023
SAMPLE HOSPITAL 839,100838,DE,READM-30-AMI-HRRP,256,,0.9883,0.1268,0.1283,32,07/01/2020,06/30/2023
SAMPLE HOSPITAL 839,100838,DE,READM-30-HF-HRRP,660,,0.9569,0.2101,0.2196,139,07/01/2020,06/30/2023
SAMPLE HOSPITAL 839,100838,DE,READM-30-PN-HRRP,455,,0.9859,0.1887,0.1914,86,07/01/2020,06/30/2023
SAMPLE HOSPITAL 840,100839,FL,READM-30-CABG-HRRP,262,,1.1279,0.2929,0.2597,77,07/01/2020,06/30/2023
SAMPLE HOSPITAL 840,100839,FL,READM-30-HIP-KNEE-HRRP,132,,1.022,0.2037,0.1993,27,07/01/2020,06/30/2023
SAMPLE HOSPITAL 840,100839,FL,READM-30-COPD-HRRP,74,,0.994,0.1998,0.201,15,07/01/2020,06/30/2023
SAMPLE HOSPITAL 840,100839,FL,READM-30-HF-HRRP,177,,1.0339,0.1854,0.1793,33,07/01/2020,06/30/2023
SAMPLE HOSPITAL 840,100839,FL,READM-30-AMI-HRRP,576,,1.0855,0.178,0.164,103,07/01/2020,06/30/2023
SAMPLE HOSPITAL 841,100840,NV,READM-30-HF-HRRP,439,,0.9869,0.2513,0.2546,110,07/01/2020,06/30/2023
SAMPLE HOSPITAL 841,100840,NV,READM-30-CABG-HRRP,205,,0.9213,0.1203,0.1306,25,07/01/2020,06/30/2023
SAMPLE HOSPITAL 841,100840,NV,READM-30-AMI-HRRP,479,,0.9445,0.2139,0.2265,102,07/01/2020,06/30/2023
SAMPLE HOSPITAL 842,100841,VT,READM-30-CABG-HRRP,532,,0.9677,0.2153,0.2225,115,07/01/2020,06/30/2023
SAMPLE HOSPITAL 842,100841,VT,READM-30-PN-HRRP,315,,1.0012,0.1244,0.1243,39,07/01/2020,06/30/2023
SAMPLE HOSPITAL 842,100841,VT,READM-30-AMI-HRRP,419,,0.995,0.2523,0.2536,106,07/01/2020,06/30/2023
SAMPLE HOSPITAL 842,100841,VT,READM-30-HIP-KNEE-HRRP,46,,1.0717,0.2379,0.222,11,07/01/2020,06/30/2023
SAMPLE HOSPITAL 843,100842,IL,READM-30-HIP-KNEE-HRRP,649,,0.9193,0.1601,0.1741,104,07/01/2020,06/30/2023
SAMPLE HOSPITAL 843,100842,IL,READM-30-COPD-HRRP,197,,1.0057,0.1521,0.1512,30,07/01/2020,06/30/2023
SAMPLE HOSPITAL 843,100842,IL,READM-30-AMI-HRRP,221,,0.9518,0.1963,0.2062,43,07/01/2020,06/30/2023
SAMPLE HOSPITAL 843,100842,IL,READM-30-PN-HRRP,124,,1.0802,0.1958,0.1813,24,07/01/2020,06/30/2023
SAMPLE HOSPITAL 843,100842,IL,READM-30-HF-HRRP,96,,1.0442,0.2507,0.2401,24,07/01/2020,06/30/2023
SAMPLE HOSPITAL 844,100843,MO,READM-30-HF-HRRP,116,,0.9732,0.1286,0.1321,15,07/01/2020,06/30/2023
SAMPLE HOSPITAL 844,100843,MO,READM-30-HIP-KNEE-HRRP,121,,1.0212,0.2268,0.2221,27,07/01/2020,06/30/2023
SAMPLE HOSPITAL 844,100843,MO,READM-30-COPD-HRRP,42,,1.0095,0.2195,0.2174,9,07/01/2020,06/30/2023
SAMPLE HOSPITAL 844,100843,MO,READM-30-AMI-HRRP,151,,1.0786,0.1707,0.1583,26,07/01/2020,06/30/2023
SAMPLE HOSPITAL 844,100843,MO,READM-30-CABG-HRRP,57,,1.0154,0.2312,0.2277,13,07/01/2020,06/30/2023
SAMPLE HOSPITAL 844,100843,MO,READM-30-PN-HRRP,678,,1.0266,0.1621,0.1579,110,07/01/2020,06/30/2023
SAMPLE HOSPITAL 845,100844,MD,READM-30-HF-HRRP,522,,1.0285,0.1561,0.1518,81,07/01/2020,06/30/2023
SAMPLE HOSPITAL 845,100844,MD,READM-30-PN-HRRP,359,,0.9677,0.2135,0.2206,77,07/01/2020,06/30/2023
SAMPLE HOSPITAL 845,100844,MD,READM-30-HIP-KNEE-HRRP,242,,1.0242,0.1308,0.1277,32,07/01/2020,06/30/2023
SAMPLE HOSPITAL 845,100844,MD,READM-30-CABG-HRRP,284,,0.9602,0.1977,0.2059,56,07/01/2020,06/30/2023
SAMPLE HOSPITAL 845,100844,MD,READM-30-AMI-HRRP,58,,1.074,0.16,0.149,9,07/01/2020,06/30/2023
SAMPLE HOSPITAL 845,100844,MD,READM-30-COPD-HRRP,168,,1.0918,0.1803,0.1651,30,07/01/2020,06/30/2023
SAMPLE HOSPITAL 846,100845,RI,READM-30-HF-HRRP,769,,0.9868,0.1751,0.1774,135,07/01/2020,06/30/2023
SAMPLE HOSPITAL 846,100845,RI,READM-30-CABG-HRRP,182,,0.9888,0.1566,0.1584,29,07/01/2020,06/30/2023
SAMPLE HOSPITAL 846,100845,RI,READM-30-PN-HRRP,46,,1.0538,0.2259,0.2144,10,07/01/2020,06/30/2023
SAMPLE HOSPITAL 847,100846,MS,READM-30-CABG-HRRP,112,,0.9289,0.143,0.1539,16,07/01/2020,06/30/2023
SAMPLE HOSPITAL 847,100846,MS,READM-30-COPD-HRRP,40,,0.9812,0.1882,0.1918,8,07/01/2020,06/30/2023
SAMPLE HOSPITAL 847,100846,MS,READM-30-HIP-KNEE-HRRP,31,,0.9749,0.1573,0.1614,5,07/01/2020,06/30/2023
SAMPLE HOSPITAL 847,100846,MS,READM-30-PN-HRRP,355,,0.8987,0.1199,0.1334,43,07/01/2020,06/30/2023
SAMPLE HOSPITAL 848,100847,CO,READM-30-PN-HRRP,99,,1.0753,0.1344,0.125,13,07/01/2020,06/30/2023
SAMPLE HOSPITAL 848,100847,CO,READM-30-CABG-HRRP,1445,,1.006,0.1362,0.1354,197,07/01/2020,06/30/2023
SAMPLE HOSPITAL 848,100847,CO,READM-30-COPD-HRRP,134,,1.0505,0.2315,0.2204,31,07/01/2020,06/30/2023
SAMPLE HOSPITAL 849,100848,MD,READM-30-CABG-HRRP,662,,0.9123,0.1759,0.1928,116,07/01/2020,06/30/2023
SAMPLE HOSPITAL 849,100848,MD,READM-30-PN-HRRP,54,,0.9068,0.15,0.1654,8,07/01/2020,06/30/2023
SAMPLE HOSPITAL 849,100848,MD,READM-30-AMI-HRRP,73,,0.8997,0.153,0.1701,11,07/01/2020,06/30/2023
SAMPLE HOSPITAL 849,100848,MD,READM-30-HIP-KNEE-HRRP,181,,1.0277,0.2011,0.1957,36,07/01/2020,06/30/2023
SAMPLE HOSPITAL 849,100848,MD,READM-30-HF-HRRP,805,,1.0647,0.2684,0.2521,216,07/01/2020,06/30/2023
SAMPLE HOSPITAL 850,100849,WI,READM-30-PN-HRRP,88,,0.862,0.1696,0.1968,15,07/01/2020,06/30/2023
SAMPLE HOSPITAL 850,100849,WI,READM-30-CABG-HRRP,190,,0.9159,0.1896,0.207,36,07/01/2020,06/30/2023
SAMPLE HOSPITAL 850,100849,WI,READM-30-AMI-HRRP,119,,0.9291,0.1117,0.1202,13,07/01/2020,06/30/2023
SAMPLE HOSPITAL 851,100850,HI,READM-30-HF-HRRP,215,,0.9548,0.2006,0.2101,43,07/01/2020,06/30/2023
SAMPLE HOSPITAL 851,100850,HI,READM-30-PN-HRRP,44,,1.026,0.2055,0.2003,9,07/01/2020,06/30/2023
SAMPLE HOSPITAL 851,100850,HI,READM-30-AMI-HRRP,448,,0.9549,0.2424,0.2538,109,07/01/2020,06/30/2023
SAMPLE HOSPITAL 852,100851,HI,READM-30-COPD-HRRP,52,,1.006,0.1498,0.1489,8,07/01/2020,06/30/2023
SAMPLE HOSPITAL 852,100851,HI,READM-30-HF-HRRP,171,,1.0501,0.1461,0.1391,25,07/01/2020,06/30/2023
SAMPLE HOSPITAL 852,100851,HI,READM-30-AMI-HRRP,100,,1.06,0.2318,0.2187,23,07/01/2020,06/30/2023
SAMPLE HOSPITAL 853,100852,PA,READM-30-HIP-KNEE-HRRP,89,,1.0066,0.1941,0.1928,17,07/01/2020,06/30/2023
SAMPLE HOSPITAL 853,100852,PA,READM-30-PN-HRRP,278,,1.0992,0.2505,0.2279,70,07/01/2020,06/30/2023
SAMPLE HOSPITAL 853,100852,PA,READM-30-AMI-HRRP,732,,0.9977,0.1439,0.1442,105,07/01/2020,06/30/2023
SAMPLE HOSPITAL 853,100852,PA,READM-30-CABG-HRRP,121,,1.0287,0.142,0.138,17,07/01/2020,06/30/2023
SAMPLE HOSPITAL 854,100853,HI,READM-30-AMI-HRRP,254,,1.0922,0.1335,0.1222,34,07/01/2020,06/30/2023
SAMPLE HOSPITAL 854,100853,HI,READM-30-COPD-HRRP,557,,0.9561,0.2081,0.2177,116,07/01/2020,06/30/2023
SAMPLE HOSPITAL 854,100853,HI,READM-30-CABG-HRRP,125,,1.0553,0.1631,0.1546,20,07/01/2020,06/30/2023
SAMPLE HOSPITAL 855,100854,TN,READM-30-PN-HRRP,483,,0.903,0.1097,0.1215,53,07/01/2020,06/30/2023
SAMPLE HOSPITAL 855,100854,TN,READM-30-CABG-HRRP,70,,0.9669,0.202,0.2089,14,07/01/2020,06/30/2023
SAMPLE HOSPITAL 855,100854,TN,READM-30-HIP-KNEE-HRRP,159,,0.9569,0.1718,0.1795,27,07/01/2020,06/30/2023
SAMPLE HOSPITAL 855,100854,TN,READM-30-AMI-HRRP,441,,1.0404,0.235,0.2259,104,07/01/2020,06/30/2023
SAMPLE HOSPITAL 855,100854,TN,READM-30-COPD-HRRP,43,,0.8584,0.1132,0.1319,5,07/01/2020,06/30/2023
SAMPLE HOSPITAL 855,100854,TN,READM-30-HF-HRRP,222,,0.9816,0.252,0.2567,56,07/01/2020,06/30/2023
SAMPLE HOSPITAL 856,100855,WA,READM-30-PN-HRRP,121,,1.0291,0.2401,0.2333,29,07/01/2020,06/30/2023
SAMPLE HOSPITAL 856,100855,WA,READM-30-HIP-KNEE-HRRP,182,,0.9813,0.2549,0.2598,46,07/01/2020,06/30/2023
SAMPLE HOSPITAL 856,100855,WA,READM-30-CABG-HRRP,66,,1.0389,0.2329,0.2242,15,07/01/2020,06/30/2023
SAMPLE HOSPITAL 856,100855,WA,READM-30-HF-HRRP,73,,1.0569,0.2598,0.2458,19,07/01/2020,06/30/2023
SAMPLE HOSPITAL 856,100855,WA,READM-30-COPD-HRRP,374,,1.1275,0.2636,0.2338,99,07/01/2020,06/30/2023
SAMPLE HOSPITAL 856,100855,WA,READM-30-AMI-HRRP,69,,1.0663,0.2598,0.2436,18,07/01/2020,06/30/2023
SAMPLE HOSPITAL 857,100856,ID,READM-30-HIP-KNEE-HRRP,269,,1.0666,0.2208,0.207,59,07/01/2020,06/30/2023
SAMPLE HOSPITAL 857,100856,ID,READM-30-HF-HRRP,100,,0.9773,0.159,0.1627,16,07/01/2020,06/30/2023
SAMPLE HOSPITAL 857,100856,ID,READM-30-PN-HRRP,292,,1.0092,0.1434,0.1421,42,07/01/2020,06/30/2023
SAMPLE HOSPITAL 858,100857,SD,READM-30-CABG-HRRP,30,,0.9544,0.226,0.2368,7,07/01/2020,06/30/2023
SAMPLE HOSPITAL 858,100857,SD,READM-30-HIP-KNEE-HRRP,136,,0.9489,0.1544,0.1627,21,07/01/2020,06/30/2023
SAMPLE HOSPITAL 858,100857,SD,READM-30-HF-HRRP,334,,1.0289,0.1449,0.1408,48,07/01/2020,06/30/2023
SAMPLE HOSPITAL 859,100858,GA,READM-30-HF-HRRP,115,,0.962,0.2431,0.2527,28,07/01/2020,06/30/2023
SAMPLE HOSPITAL 859,100858,GA,READM-30-COPD-HRRP,122,,0.9965,0.1749,0.1755,21,07/01/2020,06/30/2023
SAMPLE HOSPITAL 859,100858,GA,READM-30-HIP-KNEE-HRRP,320,,1.0112,0.1847,0.1827,59,07/01/2020,06/30/2023
SAMPLE HOSPITAL 859,100858,GA,READM-30-CABG-HRRP,90,,0.9337,0.134,0.1435,12,07/01/2020,06/30/2023
SAMPLE HOSPITAL 859,100858,GA,READM-30-AMI-HRRP,139,,0.9395,0.139,0.148,19,07/01/2020,06/30/2023
SAMPLE HOSPITAL 859,100858,GA,READM-30-PN-HRRP,208,,1.0298,0.2578,0.2503,54,07/01/2020,06/30/2023
SAMPLE HOSPITAL 860,100859,WA,READM-30-COPD-HRRP,223,,1.0537,0.1907,0.181,43,07/01/2020,06/30/2023
SAMPLE HOSPITAL 860,100859,WA,READM-30-PN-HRRP,116,,0.9945,0.1595,0.1604,19,07/01/2020,06/30/2023
SAMPLE HOSPITAL 860,100859,WA,READM-30-HF-HRRP,302,,1.0534,0.1817,0.1725,55,07/01/2020,06/30/2023
SAMPLE HOSPITAL 860,100859,WA,READM-30-AMI-HRRP,71,,1.0657,0.1647,0.1545,12,07/01/2020,06/30/2023
SAMPLE HOSPITAL 861,100860,CA,READM-30-PN-HRRP,164,,1.031,0.1796,0.1742,29,07/01/2020,06/30/2023
SAMPLE HOSPITAL 861,100860,CA,READM-30-HF-HRRP,82,,1.0482,0.2289,0.2184,19,07/01/2020,06/30/2023
SAMPLE HOSPITAL 861,100860,CA,READM-30-COPD-HRRP,299,,1.0287,0.1643,0.1597,49,07/01/2020,06/30/2023
SAMPLE HOSPITAL 862,100861,AK,READM-30-PN-HRRP,395,,0.9686,0.1511,0.156,60,07/01/2020,06/30/2023
SAMPLE HOSPITAL 862,100861,AK,READM-30-CABG-HRRP,174,,0.9265,0.201,0.2169,35,07/01/2020,06/30/2023
SAMPLE HOSPITAL 862,100861,AK,READM-30-HF-HRRP,61,,0.9017,0.2243,0.2487,14,07/01/2020,06/30/2023
SAMPLE HOSPITAL 862,100861,AK,READM-30-HIP-KNEE-HRRP,301,,0.9668,0.2157,0.2231,65,07/01/2020,06/30/2023
SAMPLE HOSPITAL 862,100861,AK,READM-30-COPD-HRRP,475,,0.9017,0.1798,0.1994,85,07/01/2020,06/30/2023
SAMPLE HOSPITAL 862,100861,AK,READM-30-AMI-HRRP,858,,0.9418,0.2226,0.2364,191,07/01/2020,06/30/2023
SAMPLE HOSPITAL 863,100862,CT,READM-30-CABG-HRRP,131,,1.0068,0.1774,0.1762,23,07/01/2020,06/30/2023
SAMPLE HOSPITAL 863,100862,CT,READM-30-COPD-HRRP,769,,1.0372,0.193,0.1861,148,07/01/2020,06/30/2023
SAMPLE HOSPITAL 863,100862,CT,READM-30-AMI-HRRP,182,,1.0303,0.1467,0.1424,27,07/01/2020,06/30/2023
SAMPLE HOSPITAL 864,100863,SD,READM-30-AMI-HRRP,86,,0.991,0.1343,0.1355,12,07/01/2020,06/30/2023
SAMPLE HOSPITAL 864,100863,SD,READM-30-PN-HRRP,447,,0.9563,0.2327,0.2433,104,07/01/2020,06/30/2023
SAMPLE HOSPITAL 864,100863,SD,READM-30-COPD-HRRP,48,,0.8953,0.1084,0.1211,5,07/01/2020,06/30/2023
SAMPLE HOSPITAL 864,100863,SD,READM-30-HF-HRRP,135,,1.1001,0.2683,0.2439,36,07/01/2020,06/30/2023
SAMPLE HOSPITAL 864,100863,SD,READM-30-HIP-KNEE-HRRP,89,,0.9645,0.1671,0.1732,15,07/01/2020,06/30/2023
SAMPLE HOSPITAL 864,100863,SD,READM-30-CABG-HRRP,178,,0.9345,0.1854,0.1984,33,07/01/2020,06/30/2023
SAMPLE HOSPITAL 865,100864,IA,READM-30-PN-HRRP,26,,1.0545,0.1805,0.1712,5,07/01/2020,06/30/2023
SAMPLE HOSPITAL 865,100864,IA,READM-30-CABG-HRRP,533,,0.9475,0.1688,0.1782,90,07/01/2020,06/30/2023
SAMPLE HOSPITAL 865,100864,IA,READM-30-COPD-HRRP,297,,1.0004,0.2045,0.2044,61,07/01/2020,06/30/2023
SAMPLE HOSPITAL 865,100864,IA,READM-30-HF-HRRP,134,,1.0565,0.1326,0.1255,18,07/01/2020,06/30/2023
SAMPLE HOSPITAL 866,100865,NY,READM-30-COPD-HRRP,461,,0.9508,0.1158,0.1218,53,07/01/2020,06/30/2023
SAMPLE HOSPITAL 866,100865,NY,READM-30-AMI-HRRP,198,,0.9791,0.1532,0.1565,30,07/01/2020,06/30/2023
SAMPLE HOSPITAL 866,100865,NY,READM-30-CABG-HRRP,3463,,1.0252,0.1953,0.1905,676,07/01/2020,06/30/2023
SAMPLE HOSPITAL 866,100865,NY,READM-30-HIP-KNEE-HRRP,106,,0.9574,0.2418,0.2526,26,07/01/2020,06/30/2023
SAMPLE HOSPITAL 866,100865,NY,READM-30-HF-HRRP,65,,0.9906,0.2228,0.2249,14,07/01/2020,06/30/2023
SAMPLE HOSPITAL 867,100866,AZ,READM-30-HIP-KNEE-HRRP,84,,0.9527,0.1722,0.1808,14,07/01/2020,06/30/2023
SAMPLE HOSPITAL 867,100866,AZ,READM-30-AMI-HRRP,371,,1.0309,0.1373,0.1332,51,07/01/2020,06/30/2023
SAMPLE HOSPITAL 867,100866,AZ,READM-30-HF-HRRP,378,,1.1311,0.2816,0.249,106,07/01/2020,06/30/2023
SAMPLE HOSPITAL 867,100866,AZ,READM-30-COPD-HRRP,200,,0.9571,0.1662,0.1737,33,07/01/2020,06/30/2023
SAMPLE HOSPITAL 867,100866,AZ,READM-30-CABG-HRRP,95,,1.0065,0.2282,0.2267,22,07/01/2020,06/30/2023
SAMPLE HOSPITAL 867,100866,AZ,READM-30-PN-HRRP,393,,1.0541,0.2136,0.2026,84,07/01/2020,06/30/2023
SAMPLE HOSPITAL 868,100867,CT,READM-30-PN-HRRP,125,,1.0681,0.2399,0.2246,30,07/01/2020,06/30/2023
SAMPLE HOSPITAL 868,100867,CT,READM-30-COPD-HRRP,105,,0.9816,0.1722,0.1754,18,07/01/2020,06/30/2023
SAMPLE HOSPITAL 868,100867,CT,READM-30-HF-HRRP,73,,0.9599,0.1256,0.1308,9,07/01/2020,06/30/2023
SAMPLE HOSPITAL 868,100867,CT,READM-30-AMI-HRRP,528,,1.0676,0.1368,0.1281,72,07/01/2020,06/30/2023
SAMPLE HOSPITAL 868,100867,CT,READM-30-CABG-HRRP,150,,0.9925,0.2265,0.2282,34,07/01/2020,06/30/2023
SAMPLE HOSPITAL 869,100868,WY,READM-30-PN-HRRP,372,,0.9936,0.238,0.2395,89,07/01/2020,06/30/2023
SAMPLE HOSPITAL 869,100868,WY,READM-30-CABG-HRRP,399,,0.9576,0.1755,0.1833,70,07/01/2020,06/30/2023
SAMPLE HOSPITAL 869,100868,WY,READM-30-HF-HRRP,47,,0.9563,0.2126,0.2223,10,07/01/2020,06/30/2023
SAMPLE HOSPITAL 870,100869,GA,READM-30-PN-HRRP,106,,0.9575,0.1649,0.1722,17,07/01/2020,06/30/2023
SAMPLE HOSPITAL 870,100869,GA,READM-30-HF-HRRP,303,,0.9788,0.1825,0.1865,55,07/01/2020,06/30/2023
SAMPLE HOSPITAL 870,100869,GA,READM-30-AMI-HRRP,957,,0.9782,0.2123,0.217,203,07/01/2020,06/30/2023
SAMPLE HOSPITAL 870,100869,GA,READM-30-HIP-KNEE-HRRP,194,,1.0822,0.2136,0.1974,41,07/01/2020,06/30/2023
SAMPLE HOSPITAL 871,100870,RI,READM-30-COPD-HRRP,408,,1.0271,0.2513,0.2447,103,07/01/2020,06/30/2023
SAMPLE HOSPITAL 871,100870,RI,READM-30-HF-HRRP,128,,0.9489,0.2117,0.2231,27,07/01/2020,06/30/2023
SAMPLE HOSPITAL 871,100870,RI,READM-30-AMI-HRRP,154,,1.0785,0.2377,0.2204,37,07/01/2020,06/30/2023
SAMPLE HOSPITAL 871,100870,RI,READM-30-HIP-KNEE-HRRP,244,,1.0347,0.192,0.1856,47,07/01/2020,06/30/2023
SAMPLE HOSPITAL 871,100870,RI,READM-30-CABG-HRRP,235,,1.0113,0.1442,0.1426,34,07/01/2020,06/30/2023
SAMPLE HOSPITAL 872,100871,MO,READM-30-PN-HRRP,Too Few to Report,1,Too Few to Report,,,,07/01/2020,06/30/2023
SAMPLE HOSPITAL 872,100871,MO,READM-30-HF-HRRP,220,,0.9859,0.1823,0.1849,40,07/01/2020,06/30/2023
SAMPLE HOSPITAL 872,100871,MO,READM-30-AMI-HRRP,291,,1.0696,0.2569,0.2402,75,07/01/2020,06/30/2023
SAMPLE HOSPITAL 872,100871,MO,READM-30-CABG-HRRP,136,,1.0,0.1255,0.1255,17,07/01/2020,06/30/2023
SAMPLE HOSPITAL 872,100871,MO,READM-30-COPD-HRRP,249,,0.9486,0.1596,0.1682,40,07/01/2020,06/30/2023
SAMPLE HOSPITAL 872,100871,MO,READM-30-HIP-KNEE-HRRP,52,,1.0582,0.1891,0.1787,10,07/01/2020,06/30/2023
SAMPLE HOSPITAL 873,100872,AL,READM-30-COPD-HRRP,601,,1.056,0.1908,0.1807,115,07/01/2020,06/30/2023
SAMPLE HOSPITAL 873,100872,AL,READM-30-HIP-KNEE-HRRP,1351,,0.8984,0.1712,0.1906,231,07/01/2020,06/30/2023
SAMPLE HOSPITAL 873,100872,AL,READM-30-AMI-HRRP,Too Few to Report,1,Too Few to Report,,,,07/01/2020,06/30/2023
SAMPLE HOSPITAL 873,100872,AL,READM-30-HF-HRRP,295,,1.0273,0.2069,0.2014,61,07/01/2020,06/30/2023
SAMPLE HOSPITAL 874,100873,ME,READM-30-HF-HRRP,142,,1.0392,0.2142,0.2061,30,07/01/2020,06/30/2023
SAMPLE HOSPITAL 874,100873,ME,READM-30-AMI-HRRP,68,,1.1594,0.2341,0.2019,16,07/01/2020,06/30/2023
SAMPLE HOSPITAL 874,100873,ME,READM-30-CABG-HRRP,393,,0.9957,0.1848,0.1856,73,07/01/2020,06/30/2023
SAMPLE HOSPITAL 875,100874,DE,READM-30-AMI-HRRP,303,,1.0004,0.2297,0.2296,70,07/01/2020,06/30/2023
SAMPLE HOSPITAL 875,100874,DE,READM-30-HF-HRRP,282,,1.0346,0.1244,0.1202,35,07/01/2020,06/30/2023
SAMPLE HOSPITAL 875,100874,DE,READM-30-CABG-HRRP,354,,0.9948,0.1655,0.1664,59,07/01/2020,06/30/2023
SAMPLE HOSPITAL 876,100875,GA,READM-30-AMI-HRRP,96,,1.0078,0.1928,0.1913,19,07/01/2020,06/30/2023
SAMPLE HOSPITAL 876,100875,GA,READM-30-HIP-KNEE-HRRP,58,,0.9587,0.1354,0.1412,8,07/01/2020,06/30/2023
SAMPLE HOSPITAL 876,100875,GA,READM-30-COPD-HRRP,496,,1.0109,0.2174,0.2151,108,07/01/2020,06/30/2023
SAMPLE HOSPITAL 876,100875,GA,READM-30-HF-HRRP,1051,,0.968,0.153,0.1581,161,07/01/2020,06/30/2023
SAMPLE HOSPITAL 877,100876,NM,READM-30-AMI-HRRP,97,,1.0465,0.1466,0.1401,14,07/01/2020,06/30/2023
SAMPLE HOSPITAL 877,100876,NM,READM-30-CABG-HRRP,630,,1.0384,0.1972,0.1899,124,07/01/2020,06/30/2023
SAMPLE HOSPITAL 877,100876,NM,READM-30-HIP-KNEE-HRRP,53,,1.0081,0.1799,0.1785,10,07/01/2020,06/30/2023
SAMPLE HOSPITAL 878,100877,RI,READM-30-HIP-KNEE-HRRP,175,,1.0063,0.1691,0.168,30,07/01/2020,06/30/2023
SAMPLE HOSPITAL 878,100877,RI,READM-30-AMI-HRRP,598,,0.9638,0.1884,0.1955,113,07/01/2020,06/30/2023
SAMPLE HOSPITAL 878,100877,RI,READM-30-CABG-HRRP,586,,0.9379,0.167,0.1781,98,07/01/2020,06/30/2023
SAMPLE HOSPITAL 878,100877,RI,READM-30-HF-HRRP,226,,0.8883,0.21,0.2364,47,07/01/2020,06/30/2023
SAMPLE HOSPITAL 878,100877,RI,READM-30-COPD-HRRP,147,,1.0011,0.1416,0.1414,21,07/01/2020,06/30/2023
SAMPLE HOSPITAL 878,100877,RI,READM-30-PN-HRRP,295,,1.0357,0.2236,0.2159,66,07/01/2020,06/30/2023
SAMPLE HOSPITAL 879,100878,VA,READM-30-AMI-HRRP,216,,1.0096,0.1897,0.1879,41,07/01/2020,06/30/2023
SAMPLE HOSPITAL 879,100878,VA,READM-30-HF-HRRP,92,,1.0808,0.2125,0.1966,20,07/01/2020,06/30/2023
SAMPLE HOSPITAL 879,100878,VA,READM-30-HIP-KNEE-HRRP,298,,1.0106,0.2003,0.1982,60,07/01/2020,06/30/2023
SAMPLE HOSPITAL 879,100878,VA,READM-30-COPD-HRRP,93,,0.83,0.1014,0.1222,9,07/01/2020,06/30/2023
SAMPLE HOSPITAL 880,100879,SC,READM-30-CABG-HRRP,733,,0.9871,0.1778,0.1801,130,07/01/2020,06/30/2023
SAMPLE HOSPITAL 880,100879,SC,READM-30-COPD-HRRP,63,,1.0553,0.2154,0.2041,14,07/01/2020,06/30/2023
SAMPLE HOSPITAL 880,100879,SC,READM-30-HF-HRRP,97,,1.0873,0.2729,0.251,26,07/01/2020,06/30/2023
SAMPLE HOSPITAL 880,100879,SC,READM-30-PN-HRRP,368,,1.0401,0.1368,0.1315,50,07/01/2020,06/30/2023
SAMPLE HOSPITAL 880,100879,SC,READM-30-HIP-KNEE-HRRP,290,,1.0872,0.253,0.2327,73,07/01/2020,06/30/2023
SAMPLE HOSPITAL 880,100879,SC,READM-30-AMI-HRRP,163,,1.0762,0.2008,0.1866,33,07/01/2020,06/30/2023
SAMPLE HOSPITAL 881,100880,MO,READM-30-HIP-KNEE-HRRP,460,,1.0666,0.2669,0.2502,123,07/01/2020,06/30/2023
SAMPLE HOSPITAL 881,100880,MO,READM-30-COPD-HRRP,109,,0.9634,0.1689,0.1753,18,07/01/2020,06/30/2023
SAMPLE HOSPITAL 881,100880,MO,READM-30-AMI-HRRP,214,,1.0327,0.1426,0.1381,31,07/01/2020,06/30/2023
SAMPLE HOSPITAL 882,100881,AK,READM-30-AMI-HRRP,323,,0.9858,0.1404,0.1424,45,07/01/2020,06/30/2023
SAMPLE HOSPITAL 882,100881,AK,READM-30-CABG-HRRP,114,,0.8718,0.1475,0.1692,17,07/01/2020,06/30/2023
SAMPLE HOSPITAL 882,100881,AK,READM-30-COPD-HRRP,30,,0.9509,0.1388,0.146,4,07/01/2020,06/30/2023
SAMPLE HOSPITAL 883,100882,SD,READM-30-HF-HRRP,186,,1.0664,0.1809,0.1696,34,07/01/2020,06/30/2023
SAMPLE HOSPITAL 883,100882,SD,READM-30-CABG-HRRP,231,,1.0432,0.1517,0.1454,35,07/01/2020,06/30/2023
SAMPLE HOSPITAL 883,100882,SD,READM-30-PN-HRRP,277,,0.9779,0.1534,0.1569,42,07/01/2020,06/30/2023
SAMPLE HOSPITAL 884,100883,MT,READM-30-PN-HRRP,177,,1.1001,0.236,0.2145,42,07/01/2020,06/30/2023
SAMPLE HOSPITAL 884,100883,MT,READM-30-AMI-HRRP,404,,0.9003,0.1787,0.1985,72,07/01/2020,06/30/2023
SAMPLE HOSPITAL 884,100883,MT,READM-30-COPD-HRRP,25,,0.963,0.2084,0.2164,5,07/01/2020,06/30/2023
SAMPLE HOSPITAL 884,100883,MT,READM-30-HIP-KNEE-HRRP,85,,1.0311,0.226,0.2192,19,07/01/2020,06/30/2023
SAMPLE HOSPITAL 884,100883,MT,READM-30-CABG-HRRP,82,,0.8943,0.1994,0.223,16,07/01/2020,06/30/2023
SAMPLE HOSPITAL 884,100883,MT,READM-30-HF-HRRP,289,,1.0282,0.1289,0.1254,37,07/01/2020,06/30/2023
SAMPLE HOSPITAL 885,100884,NC,READM-30-AMI-HRRP,99,,1.0654,0.2052,0.1926,20,07/01/2020,06/30/2023
SAMPLE HOSPITAL 885,100884,NC,READM-30-PN-HRRP,Too Few to Report,1,Too Few to Report,,,,07/01/2020,06/30/2023
SAMPLE HOSPITAL 885,100884,NC,READM-30-HIP-KNEE-HRRP,86,,1.1045,0.2393,0.2167,21,07/01/2020,06/30/2023
SAMPLE HOSPITAL 885,100884,NC,READM-30-COPD-HRRP,143,,0.9301,0.1407,0.1513,20,07/01/2020,06/30/2023
SAMPLE HOSPITAL 885,100884,NC,READM-30-HF-HRRP,73,,0.9542,0.1179,0.1236,9,07/01/2020,06/30/2023
SAMPLE HOSPITAL 885,100884,NC,READM-30-CABG-HRRP,963,,0.9746,0.1823,0.1871,176,07/01/2020,06/30/2023
SAMPLE HOSPITAL 886,100885,IN,READM-30-CABG-HRRP,140,,0.995,0.2426,0.2438,34,07/01/2020,06/30/2023
SAMPLE HOSPITAL 886,100885,IN,READM-30-AMI-HRRP,58,,0.9228,0.1946,0.2109,11,07/01/2020,06/30/2023
SAMPLE HOSPITAL 886,100885,IN,READM-30-COPD-HRRP,562,,0.9777,0.2421,0.2476,136,07/01/2020,06/30/2023
SAMPLE HOSPITAL 886,100885,IN,READM-30-PN-HRRP,146,,1.015,0.1294,0.1275,19,07/01/2020,06/30/2023
SAMPLE HOSPITAL 887,100886,NH,READM-30-HIP-KNEE-HRRP,386,,1.0396,0.1267,0.1219,49,07/01/2020,06/30/2023
SAMPLE HOSPITAL 887,100886,NH,READM-30-COPD-HRRP,103,,1.0215,0.2319,0.227,24,07/01/2020,06/30/2023
SAMPLE HOSPITAL 887,100886,NH,READM-30-AMI-HRRP,122,,1.0355,0.2019,0.195,25,07/01/2020,06/30/2023
SAMPLE HOSPITAL 887,100886,NH,READM-30-PN-HRRP,360,,1.0335,0.1336,0.1293,48,07/01/2020,06/30/2023
SAMPLE HOSPITAL 888,100887,GA,READM-30-HF-HRRP,81,,1.0157,0.1877,0.1848,15,07/01/2020,06/30/2023
SAMPLE HOSPITAL 888,100887,GA,READM-30-AMI-HRRP,225,,1.0537,0.2469,0.2343,56,07/01/2020,06/30/2023
SAMPLE HOSPITAL 888,100887,GA,READM-30-CABG-HRRP,344,,1.13,0.2895,0.2562,100,07/01/2020,06/30/2023
SAMPLE HOSPITAL 888,100887,GA,READM-30-COPD-HRRP,83,,1.0694,0.1881,0.1759,16,07/01/2020,06/30/2023
SAMPLE HOSPITAL 888,100887,GA,READM-30-PN-HRRP,168,,0.9494,0.1348,0.142,23,07/01/2020,06/30/2023
SAMPLE HOSPITAL 889,100888,CT,READM-30-PN-HRRP,52,,1.0082,0.2295,0.2276,12,07/01/2020,06/30/2023
SAMPLE HOSPITAL 889,100888,CT,READM-30-AMI-HRRP,220,,1.0377,0.1694,0.1632,37,07/01/2020,06/30/2023
SAMPLE HOSPITAL 889,100888,CT,READM-30-HIP-KNEE-HRRP,441,,0.9652,0.1512,0.1566,67,07/01/2020,06/30/2023
SAMPLE HOSPITAL 889,100888,CT,READM-30-COPD-HRRP,212,,1.003,0.2021,0.2015,43,07/01/2020,06/30/2023
SAMPLE HOSPITAL 889,100888,CT,READM-30-HF-HRRP,252,,0.9635,0.1501,0.1558,38,07/01/2020,06/30/2023
SAMPLE HOSPITAL 889,100888,CT,READM-30-CABG-HRRP,30,,0.9065,0.2094,0.231,6,07/01/2020,06/30/2023
SAMPLE HOSPITAL 890,100889,KY,READM-30-AMI-HRRP,228,,0.8935,0.1192,0.1334,27,07/01/2020,06/30/2023
SAMPLE HOSPITAL 890,100889,KY,READM-30-CABG-HRRP,155,,1.0175,0.241,0.2369,37,07/01/2020,06/30/2023
SAMPLE HOSPITAL 890,100889,KY,READM-30-HF-HRRP,222,,1.0699,0.2519,0.2354,56,07/01/2020,06/30/2023
SAMPLE HOSPITAL 891,100890,MT,READM-30-CABG-HRRP,386,,0.9427,0.1789,0.1898,69,07/01/2020,06/30/2023
SAMPLE HOSPITAL 891,100890,MT,READM-30-PN-HRRP,78,,1.0132,0.2617,0.2583,20,07/01/2020,06/30/2023
SAMPLE HOSPITAL 891,100890,MT,READM-30-HF-HRRP,62,,0.9737,0.1427,0.1466,9,07/01/2020,06/30/2023
SAMPLE HOSPITAL 892,100891,KY,READM-30-PN-HRRP,230,,0.9688,0.1814,0.1872,42,07/01/2020,06/30/2023
SAMPLE HOSPITAL 892,100891,KY,READM-30-CABG-HRRP,332,,0.7981,0.1058,0.1326,35,07/01/2020,06/30/2023
SAMPLE HOSPITAL 892,100891,KY,READM-30-AMI-HRRP,200,,0.8665,0.2215,0.2556,44,07/01/2020,06/30/2023
SAMPLE HOSPITAL 892,100891,KY,READM-30-COPD-HRRP,1272,,0.9415,0.1508,0.1602,192,07/01/2020,06/30/2023
SAMPLE HOSPITAL 892,100891,KY,READM-30-HIP-KNEE-HRRP,38,,0.9307,0.176,0.1891,7,07/01/2020,06/30/2023
SAMPLE HOSPITAL 893,100892,GA,READM-30-COPD-HRRP,83,,1.032,0.1788,0.1733,15,07/01/2020,06/30/2023
SAMPLE HOSPITAL 893,100892,GA,READM-30-HIP-KNEE-HRRP,613,,1.0805,0.1469,0.136,90,07/01/2020,06/30/2023
SAMPLE HOSPITAL 893,100892,GA,READM-30-AMI-HRRP,535,,1.1063,0.1782,0.1611,95,07/01/2020,06/30/2023
SAMPLE HOSPITAL 893,100892,GA,READM-30-CABG-HRRP,89,,0.9586,0.2376,0.2479,21,07/01/2020,06/30/2023
SAMPLE HOSPITAL 893,100892,GA,READM-30-HF-HRRP,252,,1.1223,0.2428,0.2163,61,07/01/2020,06/30/2023
SAMPLE HOSPITAL 894,100893,CT,READM-30-CABG-HRRP,65,,1.045,0.208,0.199,14,07/01/2020,06/30/2023
SAMPLE HOSPITAL 894,100893,CT,READM-30-PN-HRRP,34,,1.0986,0.2244,0.2043,8,07/01/2020,06/30/2023
SAMPLE HOSPITAL 894,100893,CT,READM-30-COPD-HRRP,138,,1.0342,0.1434,0.1387,20,07/01/2020,06/30/2023
SAMPLE HOSPITAL 895,100894,IN,READM-30-COPD-HRRP,123,,0.9072,0.1336,0.1473,16,07/01/2020,06/30/2023
SAMPLE HOSPITAL 895,100894,IN,READM-30-PN-HRRP,148,,0.9812,0.2221,0.2264,33,07/01/2020,06/30/2023
SAMPLE HOSPITAL 895,100894,IN,READM-30-HF-HRRP,182,,0.9698,0.1315,0.1356,24,07/01/2020,06/30/2023
SAMPLE HOSPITAL 895,100894,IN,READM-30-CABG-HRRP,108,,1.0459,0.1718,0.1643,19,07/01/2020,06/30/2023
SAMPLE HOSPITAL 896,100895,OR,READM-30-COPD-HRRP,187,,1.0455,0.1888,0.1806,35,07/01/2020,06/30/2023
SAMPLE HOSPITAL 896,100895,OR,READM-30-HIP-KNEE-HRRP,224,,1.077,0.1851,0.1719,41,07/01/2020,06/30/2023
SAMPLE HOSPITAL 896,100895,OR,READM-30-HF-HRRP,Too Few to Report,1,Too Few to Report,,,,07/01/2020,06/30/2023
SAMPLE HOSPITAL 896,100895,OR,READM-30-CABG-HRRP,50,,1.109,0.1797,0.162,9,07/01/2020,06/30/2023
SAMPLE HOSPITAL 896,100895,OR,READM-30-AMI-HRRP,135,,1.0096,0.1478,0.1464,20,07/01/2020,06/30/2023
SAMPLE HOSPITAL 897,100896,LA,READM-30-AMI-HRRP,27,,0.9557,0.2017,0.2111,5,07/01/2020,06/30/2023
SAMPLE HOSPITAL 897,100896,LA,READM-30-CABG-HRRP,265,,0.9823,0.2181,0.222,58,07/01/2020,06/30/2023
SAMPLE HOSPITAL 897,100896,LA,READM-30-HIP-KNEE-HRRP,58,,0.9139,0.1669,0.1826,10,07/01/2020,06/30/2023
SAMPLE HOSPITAL 897,100896,LA,READM-30-PN-HRRP,817,,1.0295,0.201,0.1952,164,07/01/2020,06/30/2023
SAMPLE HOSPITAL 898,100897,ND,READM-30-PN-HRRP,204,,0.8892,0.137,0.1541,28,07/01/2020,06/30/2023
SAMPLE HOSPITAL 898,100897,ND,READM-30-AMI-HRRP,1169,,0.9367,0.2234,0.2385,261,07/01/2020,06/30/2023
SAMPLE HOSPITAL 898,100897,ND,READM-30-CABG-HRRP,372,,1.0122,0.2583,0.2552,96,07/01/2020,06/30/2023
SAMPLE HOSPITAL 899,100898,NM,READM-30-CABG-HRRP,97,,0.9771,0.184,0.1883,18,07/01/2020,06/30/2023
SAMPLE HOSPITAL 899,100898,NM,READM-30-COPD-HRRP,135,,1.0585,0.1718,0.1623,23,07/01/2020,06/30/2023
SAMPLE HOSPITAL 899,100898,NM,READM-30-AMI-HRRP,166,,1.0547,0.1838,0.1743,31,07/01/2020,06/30/2023
SAMPLE HOSPITAL 900,100899,OK,READM-30-HF-HRRP,27,,0.986,0.1766,0.1791,5,07/01/2020,06/30/2023
SAMPLE HOSPITAL 900,100899,OK,READM-30-CABG-HRRP,86,,1.1093,0.2685,0.242,23,07/01/2020,06/30/2023
SAMPLE HOSPITAL 900,100899,OK,READM-30-COPD-HRRP,267,,0.9013,0.2343,0.26,63,07/01/2020,06/30/2023
SAMPLE HOSPITAL 900,100899,OK,READM-30-HIP-KNEE-HRRP,61,,0.8968,0.1163,0.1297,7,07/01/2020,06/30/2023
SAMPLE HOSPITAL 901,100900,AL,READM-30-HIP-KNEE-HRRP,46,,0.9568,0.2006,0.2097,9,07/01/2020,06/30/2023
SAMPLE HOSPITAL 901,100900,AL,READM-30-COPD-HRRP,55,,0.964,0.2327,0.2414,13,07/01/2020,06/30/2023
SAMPLE HOSPITAL 901,100900,AL,READM-30-AMI-HRRP,256,,0.9846,0.1516,0.154,39,07/01/2020,06/30/2023
SAMPLE HOSPITAL 902,100901,NH,READM-30-AMI-HRRP,706,,0.9184,0.2345,0.2553,166,07/01/2020,06/30/2023
SAMPLE HOSPITAL 902,100901,NH,READM-30-CABG-HRRP,133,,0.9503,0.1488,0.1566,20,07/01/2020,06/30/2023
SAMPLE HOSPITAL 902,100901,NH,READM-30-COPD-HRRP,543,,1.0151,0.2396,0.236,130,07/01/2020,06/30/2023
SAMPLE HOSPITAL 902,100901,NH,READM-30-HF-HRRP,131,,0.9474,0.141,0.1488,18,07/01/2020,06/30/2023
SAMPLE HOSPITAL 903,100902,RI,READM-30-HF-HRRP,294,,1.0911,0.1461,0.1339,43,07/01/2020,06/30/2023
SAMPLE HOSPITAL 903,100902,RI,READM-30-HIP-KNEE-HRRP,719,,1.0652,0.2251,0.2113,162,07/01/2020,06/30/2023
SAMPLE HOSPITAL 903,100902,RI,READM-30-CABG-HRRP,80,,1.0767,0.2545,0.2364,20,07/01/2020,06/30/2023
SAMPLE HOSPITAL 903,100902,RI,READM-30-AMI-HRRP,528,,1.0634,0.1294,0.1217,68,07/01/2020,06/30/2023
SAMPLE HOSPITAL 903,100902,RI,READM-30-COPD-HRRP,211,,0.9608,0.1809,0.1883,38,07/01/2020,06/30/2023
SAMPLE HOSPITAL 903,100902,RI,READM-30-PN-HRRP,265,,0.949,0.1269,0.1337,34,07/01/2020,06/30/2023
SAMPLE HOSPITAL 904,100903,MD,READM-30-COPD-HRRP,54,,0.9995,0.2095,0.2096,11,07/01/2020,06/30/2023
SAMPLE HOSPITAL 904,100903,MD,READM-30-PN-HRRP,153,,0.9415,0.1466,0.1557,22,07/01/2020,06/30/2023
SAMPLE HOSPITAL 904,100903,MD,READM-30-CABG-HRRP,140,,1.0124,0.167,0.165,23,07/01/2020,06/30/2023
SAMPLE HOSPITAL 904,100903,MD,READM-30-HIP-KNEE-HRRP,348,,1.0142,0.1978,0.195,69,07/01/2020,06/30/2023
SAMPLE HOSPITAL 904,100903,MD,READM-30-AMI-HRRP,328,,1.0265,0.256,0.2494,84,07/01/2020,06/30/2023
SAMPLE HOSPITAL 904,100903,MD,READM-30-HF-HRRP,150,,0.8923,0.2198,0.2463,33,07/01/2020,06/30/2023
SAMPLE HOSPITAL 905,100904,DE,READM-30-CABG-HRRP,113,,0.9957,0.1716,0.1723,19,07/01/2020,06/30/2023
SAMPLE HOSPITAL 905,100904,DE,READM-30-AMI-HRRP,58,,0.981,0.2487,0.2535,14,07/01/2020,06/30/2023
SAMPLE HOSPITAL 905,100904,DE,READM-30-HF-HRRP,74,,1.0069,0.159,0.1579,12,07/01/2020,06/30/2023
SAMPLE HOSPITAL 906,100905,VT,READM-30-CABG-HRRP,547,,0.9041,0.1169,0.1293,64,07/01/2020,06/30/2023
SAMPLE HOSPITAL 906,100905,VT,READM-30-COPD-HRRP,131,,1.0684,0.1322,0.1237,17,07/01/2020,06/30/2023
SAMPLE HOSPITAL 906,100905,VT,READM-30-PN-HRRP,76,,0.9719,0.1391,0.1431,11,07/01/2020,06/30/2023
SAMPLE HOSPITAL 906,100905,VT,READM-30-HIP-KNEE-HRRP,287,,1.0687,0.1318,0.1233,38,07/01/2020,06/30/2023
SAMPLE HOSPITAL 906,100905,VT,READM-30-HF-HRRP,98,,1.04,0.211,0.2029,21,07/01/2020,06/30/2023
SAMPLE HOSPITAL 907,100906,WV,READM-30-COPD-HRRP,187,,0.994,0.2536,0.2551,47,07/01/2020,06/30/2023
SAMPLE HOSPITAL 907,100906,WV,READM-30-HF-HRRP,203,,0.8958,0.1339,0.1495,27,07/01/2020,06/30/2023
SAMPLE HOSPITAL 907,100906,WV,READM-30-CABG-HRRP,78,,0.9847,0.2061,0.2093,16,07/01/2020,06/30/2023
SAMPLE HOSPITAL 907,100906,WV,READM-30-AMI-HRRP,151,,0.9217,0.1748,0.1896,26,07/01/2020,06/30/2023
SAMPLE HOSPITAL 908,100907,IN,READM-30-HF-HRRP,64,,1.0245,0.2048,0.1999,13,07/01/2020,06/30/2023
SAMPLE HOSPITAL 908,100907,IN,READM-30-COPD-HRRP,81,,1.0533,0.2634,0.2501,21,07/01/2020,06/30/2023
SAMPLE HOSPITAL 908,100907,IN,READM-30-HIP-KNEE-HRRP,88,,1.0002,0.1378,0.1378,12,07/01/2020,06/30/2023
SAMPLE HOSPITAL 908,100907,IN,READM-30-PN-HRRP,198,,1.013,0.182,0.1797,36,07/01/2020,06/30/2023
SAMPLE HOSPITAL 908,100907,IN,READM-30-CABG-HRRP,119,,0.9118,0.2297,0.2519,27,07/01/2020,06/30/2023
SAMPLE HOSPITAL 909,100908,AL,READM-30-HIP-KNEE-HRRP,250,,0.9305,0.1764,0.1896,44,07/01/2020,06/30/2023
SAMPLE HOSPITAL 909,100908,AL,READM-30-HF-HRRP,373,,0.9487,0.1203,0.1268,45,07/01/2020,06/30/2023
SAMPLE HOSPITAL 909,100908,AL,READM-30-COPD-HRRP,119,,1.0453,0.2524,0.2415,30,07/01/2020,06/30/2023
SAMPLE HOSPITAL 909,100908,AL,READM-30-PN-HRRP,90,,0.9782,0.1569,0.1604,14,07/01/2020,06/30/2023
SAMPLE HOSPITAL 909,100908,AL,READM-30-AMI-HRRP,70,,0.8737,0.1786,0.2044,13,07/01/2020,06/30/2023
SAMPLE HOSPITAL 910,100909,UT,READM-30-HF-HRRP,137,,0.8841,0.1137,0.1286,16,07/01/2020,06/30/2023
SAMPLE HOSPITAL 910,100909,UT,READM-30-PN-HRRP,847,,0.9743,0.1596,0.1638,135,07/01/2020,06/30/2023
SAMPLE HOSPITAL 910,100909,UT,READM-30-AMI-HRRP,50,,1.0359,0.1587,0.1532,8,07/01/2020,06/30/2023
SAMPLE HOSPITAL 910,100909,UT,READM-30-HIP-KNEE-HRRP,133,,0.9543,0.1993,0.2088,27,07/01/2020,06/30/2023
SAMPLE HOSPITAL 910,100909,UT,READM-30-COPD-HRRP,247,,1.0242,0.1624,0.1586,40,07/01/2020,06/30/2023
SAMPLE HOSPITAL 911,100910,HI,READM-30-AMI-HRRP,142,,1.0766,0.1478,0.1373,21,07/01/2020,06/30/2023
SAMPLE HOSPITAL 911,100910,HI,READM-30-HF-HRRP,109,,0.9841,0.1967,0.1999,21,07/01/2020,06/30/2023
SAMPLE HOSPITAL 911,100910,HI,READM-30-CABG-HRRP,136,,0.9766,0.1964,0.2011,27,07/01/2020,06/30/2023
SAMPLE HOSPITAL 911,100910,HI,READM-30-PN-HRRP,50,,1.0044,0.2425,0.2414,12,07/01/2020,06/30/2023
SAMPLE HOSPITAL 911,100910,HI,READM-30-HIP-KNEE-HRRP,400,,0.9075,0.2189,0.2412,88,07/01/2020,06/30/2023
SAMPLE HOSPITAL 912,100911,FL,READM-30-HIP-KNEE-HRRP,645,,0.9426,0.1475,0.1565,95,07/01/2020,06/30/2023
SAMPLE HOSPITAL 912,100911,FL,READM-30-COPD-HRRP,126,,0.9469,0.1431,0.1511,18,07/01/2020,06/30/2023
SAMPLE HOSPITAL 912,100911,FL,READM-30-PN-HRRP,480,,0.9995,0.2205,0.2206,106,07/01/2020,06/30/2023
SAMPLE HOSPITAL 912,100911,FL,READM-30-HF-HRRP,199,,0.997,0.1954,0.196,39,07/01/2020,06/30/2023
SAMPLE HOSPITAL 912,100911,FL,READM-30-AMI-HRRP,97,,0.9763,0.2493,0.2554,24,07/01/2020,06/30/2023
SAMPLE HOSPITAL 914,100913,AK,READM-30-AMI-HRRP,487,,0.9737,0.2339,0.2402,114,07/01/2020,06/30/2023
SAMPLE HOSPITAL 914,100913,AK,READM-30-PN-HRRP,350,,0.8875,0.2213,0.2493,77,07/01/2020,06/30/2023
SAMPLE HOSPITAL 914,100913,AK,READM-30-CABG-HRRP,146,,0.8784,0.1421,0.1618,21,07/01/2020,06/30/2023
SAMPLE HOSPITAL 915,100914,MD,READM-30-HF-HRRP,37,,1.0642,0.1612,0.1515,6,07/01/2020,06/30/2023
SAMPLE HOSPITAL 915,100914,MD,READM-30-AMI-HRRP,210,,0.921,0.1887,0.2049,40,07/01/2020,06/30/2023
SAMPLE HOSPITAL 915,100914,MD,READM-30-PN-HRRP,103,,1.033,0.1528,0.1479,16,07/01/2020,06/30/2023
SAMPLE HOSPITAL 915,100914,MD,READM-30-HIP-KNEE-HRRP,222,,1.097,0.2117,0.193,47,07/01/2020,06/30/2023
SAMPLE HOSPITAL 916,100915,GA,READM-30-HIP-KNEE-HRRP,354,,0.981,0.1682,0.1715,60,07/01/2020,06/30/2023
SAMPLE HOSPITAL 916,100915,GA,READM-30-HF-HRRP,186,,1.0859,0.2316,0.2133,43,07/01/2020,06/30/2023
SAMPLE HOSPITAL 916,100915,GA,READM-30-COPD-HRRP,136,,0.9446,0.1679,0.1778,23,07/01/2020,06/30/2023
SAMPLE HOSPITAL 916,100915,GA,READM-30-AMI-HRRP,96,,1.0129,0.2237,0.2209,21,07/01/2020,06/30/2023
SAMPLE HOSPITAL 916,100915,GA,READM-30-CABG-HRRP,35,,1.0225,0.2601,0.2544,9,07/01/2020,06/30/2023
SAMPLE HOSPITAL 916,100915,GA,READM-30-PN-HRRP,83,,0.9415,0.1609,0.1709,13,07/01/2020,06/30/2023
SAMPLE HOSPITAL 918,100917,IN,READM-30-COPD-HRRP,154,,1.0547,0.1823,0.1728,28,07/01/2020,06/30/2023
SAMPLE HOSPITAL 918,100917,IN,READM-30-AMI-HRRP,410,,0.9348,0.1509,0.1614,62,07/01/2020,06/30/2023
SAMPLE HOSPITAL 918,100917,IN,READM-30-CABG-HRRP,78,,1.0231,0.2319,0.2267,18,07/01/2020,06/30/2023
SAMPLE HOSPITAL 919,100918,DE,READM-30-COPD-HRRP,232,,1.0462,0.216,0.2065,50,07/01/2020,06/30/2023
SAMPLE HOSPITAL 919,100918,DE,READM-30-AMI-HRRP,92,,0.8668,0.1755,0.2025,16,07/01/2020,06/30/2023
SAMPLE HOSPITAL 919,100918,DE,READM-30-CABG-HRRP,193,,0.9339,0.1317,0.141,25,07/01/2020,06/30/2023
SAMPLE HOSPITAL 920,100919,IL,READM-30-HIP-KNEE-HRRP,144,,1.0144,0.2487,0.2452,36,07/01/2020,06/30/2023
SAMPLE HOSPITAL 920,100919,IL,READM-30-HF-HRRP,161,,1.0143,0.2003,0.1975,32,07/01/2020,06/30/2023
SAMPLE HOSPITAL 920,100919,IL,READM-30-AMI-HRRP,1627,,1.0438,0.1297,0.1243,211,07/01/2020,06/30/2023
SAMPLE HOSPITAL 920,100919,IL,READM-30-CABG-HRRP,424,,0.9857,0.251,0.2546,106,07/01/2020,06/30/2023
SAMPLE HOSPITAL 920,100919,IL,READM-30-COPD-HRRP,274,,1.0059,0.2275,0.2262,62,07/01/2020,06/30/2023
SAMPLE HOSPITAL 921,100920,WA,READM-30-COPD-HRRP,181,,0.8825,0.2289,0.2594,41,07/01/2020,06/30/2023
SAMPLE HOSPITAL 921,100920,WA,READM-30-HIP-KNEE-HRRP,165,,0.9896,0.257,0.2597,42,07/01/2020,06/30/2023
SAMPLE HOSPITAL 921,100920,WA,READM-30-AMI-HRRP,221,,0.9772,0.2349,0.2404,52,07/01/2020,06/30/2023
SAMPLE HOSPITAL 921,100920,WA,READM-30-PN-HRRP,221,,0.9305,0.2362,0.2538,52,07/01/2020,06/30/2023
SAMPLE HOSPITAL 921,100920,WA,READM-30-CABG-HRRP,58,,0.9973,0.178,0.1785,10,07/01/2020,06/30/2023
SAMPLE HOSPITAL 921,100920,WA,READM-30-HF-HRRP,306,,0.9944,0.2236,0.2249,68,07/01/2020,06/30/2023
SAMPLE HOSPITAL 922,100921,WV,READM-30-HIP-KNEE-HRRP,1161,,1.0044,0.2443,0.2432,284,07/01/2020,06/30/2023
SAMPLE HOSPITAL 922,100921,WV,READM-30-HF-HRRP,118,,0.9874,0.2077,0.2103,25,07/01/2020,06/30/2023
SAMPLE HOSPITAL 922,100921,WV,READM-30-PN-HRRP,119,,1.047,0.2141,0.2045,25,07/01/2020,06/30/2023
SAMPLE HOSPITAL 923,100922,PA,READM-30-AMI-HRRP,733,,1.0908,0.2453,0.2249,180,07/01/2020,06/30/2023
SAMPLE HOSPITAL 923,100922,PA,READM-30-HF-HRRP,179,,0.8843,0.1405,0.1589,25,07/01/2020,06/30/2023
SAMPLE HOSPITAL 923,100922,PA,READM-30-CABG-HRRP,146,,0.9977,0.2117,0.2122,31,07/01/2020,06/30/2023
SAMPLE HOSPITAL 923,100922,PA,READM-30-COPD-HRRP,127,,0.8618,0.1719,0.1995,22,07/01/2020,06/30/2023
SAMPLE HOSPITAL 923,100922,PA,READM-30-PN-HRRP,118,,0.9186,0.1192,0.1298,14,07/01/2020,06/30/2023
SAMPLE HOSPITAL 923,100922,PA,READM-30-HIP-KNEE-HRRP,296,,0.9799,0.2361,0.2409,70,07/01/2020,06/30/2023
SAMPLE HOSPITAL 924,100923,MA,READM-30-COPD-HRRP,769,,1.0112,0.1446,0.143,111,07/01/2020,06/30/2023
SAMPLE HOSPITAL 924,100923,MA,READM-30-CABG-HRRP,212,,1.0768,0.2768,0.2571,59,07/01/2020,06/30/2023
SAMPLE HOSPITAL 924,100923,MA,READM-30-HIP-KNEE-HRRP,105,,1.009,0.1735,0.172,18,07/01/2020,06/30/2023
SAMPLE HOSPITAL 925,100924,PA,READM-30-HF-HRRP,268,,1.0112,0.234,0.2314,63,07/01/2020,06/30/2023
SAMPLE HOSPITAL 925,100924,PA,READM-30-CABG-HRRP,145,,0.9488,0.1245,0.1312,18,07/01/2020,06/30/2023
SAMPLE HOSPITAL 925,100924,PA,READM-30-COPD-HRRP,116,,1.1325,0.1496,0.1321,17,07/01/2020,06/30/2023
SAMPLE HOSPITAL 926,100925,NV,READM-30-HF-HRRP,352,,0.9992,0.1914,0.1916,67,07/01/2020,06/30/2023
SAMPLE HOSPITAL 926,100925,NV,READM-30-COPD-HRRP,116,,1.0213,0.1853,0.1814,21,07/01/2020,06/30/2023
SAMPLE HOSPITAL 926,100925,NV,READM-30-PN-HRRP,106,,0.9397,0.1488,0.1583,16,07/01/2020,06/30/2023
SAMPLE HOSPITAL 926,100925,NV,READM-30-AMI-HRRP,410,,0.8309,0.1511,0.1818,62,07/01/2020,06/30/2023
SAMPLE HOSPITAL 927,100926,IN,READM-30-HIP-KNEE-HRRP,112,,0.8476,0.1328,0.1567,15,07/01/2020,06/30/2023
SAMPLE HOSPITAL 927,100926,IN,READM-30-HF-HRRP,184,,1.001,0.237,0.2368,44,07/01/2020,06/30/2023
SAMPLE HOSPITAL 927,100926,IN,READM-30-AMI-HRRP,268,,1.0341,0.1807,0.1747,48,07/01/2020,06/30/2023
SAMPLE HOSPITAL 927,100926,IN,READM-30-PN-HRRP,97,,1.1214,0.1573,0.1403,15,07/01/2020,06/30/2023
SAMPLE HOSPITAL 928,100927,OK,READM-30-COPD-HRRP,578,,0.986,0.1311,0.133,76,07/01/2020,06/30/2023
SAMPLE HOSPITAL 928,100927,OK,READM-30-HF-HRRP,316,,1.1361,0.2635,0.2319,83,07/01/2020,06/30/2023
SAMPLE HOSPITAL 928,100927,OK,READM-30-AMI-HRRP,254,,1.0074,0.1656,0.1644,42,07/01/2020,06/30/2023
SAMPLE HOSPITAL 928,100927,OK,READM-30-PN-HRRP,76,,1.0519,0.2237,0.2127,17,07/01/2020,06/30/2023
SAMPLE HOSPITAL 928,100927,OK,READM-30-CABG-HRRP,328,,1.0133,0.1231,0.1215,40,07/01/2020,06/30/2023
SAMPLE HOSPITAL 928,100927,OK,READM-30-HIP-KNEE-HRRP,201,,0.9238,0.1126,0.1219,23,07/01/2020,06/30/2023
SAMPLE HOSPITAL 929,100928,MA,READM-30-HF-HRRP,483,,0.944,0.1914,0.2028,92,07/01/2020,06/30/2023
SAMPLE HOSPITAL 929,100928,MA,READM-30-AMI-HRRP,771,,0.8665,0.1556,0.1796,120,07/01/2020,06/30/2023
SAMPLE HOSPITAL 929,100928,MA,READM-30-PN-HRRP,607,,0.8984,0.1363,0.1517,83,07/01/2020,06/30/2023
SAMPLE HOSPITAL 929,100928,MA,READM-30-COPD-HRRP,606,,0.9531,0.2356,0.2472,143,07/01/2020,06/30/2023
SAMPLE HOSPITAL 929,100928,MA,READM-30-HIP-KNEE-HRRP,162,,0.9021,0.1809,0.2005,29,07/01/2020,06/30/2023
SAMPLE HOSPITAL 930,100929,HI,READM-30-PN-HRRP,58,,0.9324,0.1197,0.1284,7,07/01/2020,06/30/2023
SAMPLE HOSPITAL 930,100929,HI,READM-30-HIP-KNEE-HRRP,429,,0.992,0.2468,0.2488,106,07/01/2020,06/30/2023
SAMPLE HOSPITAL 930,100929,HI,READM-30-COPD-HRRP,147,,0.9027,0.1513,0.1676,22,07/01/2020,06/30/2023
SAMPLE HOSPITAL 930,100929,HI,READM-30-AMI-HRRP,46,,0.9749,0.1295,0.1328,6,07/01/2020,06/30/2023
SAMPLE HOSPITAL 930,100929,HI,READM-30-HF-HRRP,77,,1.0813,0.2107,0.1949,16,07/01/2020,06/30/2023
SAMPLE HOSPITAL 930,100929,HI,READM-30-CABG-HRRP,70,,0.8406,0.1074,0.1278,8,07/01/2020,06/30/2023
SAMPLE HOSPITAL 931,100930,NJ,READM-30-AMI-HRRP,102,,0.9866,0.1621,0.1643,17,07/01/2020,06/30/2023
SAMPLE HOSPITAL 931,100930,NJ,READM-30-COPD-HRRP,318,,0.9508,0.1386,0.1458,44,07/01/2020,06/30/2023
SAMPLE HOSPITAL 931,100930,NJ,READM-30-PN-HRRP,145,,0.9554,0.1933,0.2023,28,07/01/2020,06/30/2023
SAMPLE HOSPITAL 931,100930,NJ,READM-30-HF-HRRP,138,,0.9324,0.1406,0.1508,19,07/01/2020,06/30/2023
SAMPLE HOSPITAL 931,100930,NJ,READM-30-CABG-HRRP,969,,1.0344,0.1307,0.1264,127,07/01/2020,06/30/2023
SAMPLE HOSPITAL 932,100931,WA,READM-30-CABG-HRRP,191,,0.9416,0.2362,0.2508,45,07/01/2020,06/30/2023
SAMPLE HOSPITAL 932,100931,WA,READM-30-COPD-HRRP,39,,1.0818,0.1892,0.1749,7,07/01/2020,06/30/2023
SAMPLE HOSPITAL 932,100931,WA,READM-30-HIP-KNEE-HRRP,361,,0.9464,0.1896,0.2003,68,07/01/2020,06/30/2023
SAMPLE HOSPITAL 932,100931,WA,READM-30-AMI-HRRP,342,,1.1286,0.1592,0.1411,54,07/01/2020,06/30/2023
SAMPLE HOSPITAL 932,100931,WA,READM-30-PN-HRRP,494,,0.9159,0.2377,0.2595,117,07/01/2020,06/30/2023
SAMPLE HOSPITAL 932,100931,WA,READM-30-HF-HRRP,122,,1.0606,0.2348,0.2214,29,07/01/2020,06/30/2023
SAMPLE HOSPITAL 933,100932,VT,READM-30-HF-HRRP,55,,1.1158,0.1915,0.1716,11,07/01/2020,06/30/2023
SAMPLE HOSPITAL 933,100932,VT,READM-30-HIP-KNEE-HRRP,78,,1.1536,0.2188,0.1897,17,07/01/2020,06/30/2023
SAMPLE HOSPITAL 933,100932,VT,READM-30-PN-HRRP,464,,1.0259,0.1696,0.1653,79,07/01/2020,06/30/2023
SAMPLE HOSPITAL 933,100932,VT,READM-30-AMI-HRRP,30,,0.9382,0.2031,0.2165,6,07/01/2020,06/30/2023
SAMPLE HOSPITAL 933,100932,VT,READM-30-CABG-HRRP,45,,1.0877,0.2377,0.2185,11,07/01/2020,06/30/2023
SAMPLE HOSPITAL 934,100933,IA,READM-30-AMI-HRRP,118,,0.9223,0.1466,0.159,17,07/01/2020,06/30/2023
SAMPLE HOSPITAL 934,100933,IA,READM-30-PN-HRRP,223,,1.0839,0.1527,0.1409,34,07/01/2020,06/30/2023
SAMPLE HOSPITAL 934,100933,IA,READM-30-HF-HRRP,103,,1.021,0.206,0.2018,21,07/01/2020,06/30/2023
SAMPLE HOSPITAL 934,100933,IA,READM-30-COPD-HRRP,374,,1.0221,0.2219,0.2171,83,07/01/2020,06/30/2023
SAMPLE HOSPITAL 935,100934,DE,READM-30-AMI-HRRP,94,,1.0037,0.1986,0.1979,19,07/01/2020,06/30/2023
SAMPLE HOSPITAL 935,100934,DE,READM-30-COPD-HRRP,94,,0.8821,0.1605,0.182,15,07/01/2020,06/30/2023
SAMPLE HOSPITAL 935,100934,DE,READM-30-PN-HRRP,548,,1.0558,0.1515,0.1435,83,07/01/2020,06/30/2023
SAMPLE HOSPITAL 936,100935,FL,READM-30-HIP-KNEE-HRRP,46,,0.9727,0.2272,0.2336,10,07/01/2020,06/30/2023
SAMPLE HOSPITAL 936,100935,FL,READM-30-HF-HRRP,1347,,0.9892,0.1876,0.1896,253,07/01/2020,06/30/2023
SAMPLE HOSPITAL 936,100935,FL,READM-30-COPD-HRRP,461,,0.972,0.1313,0.1351,61,07/01/2020,06/30/2023
SAMPLE HOSPITAL 936,100935,FL,READM-30-CABG-HRRP,306,,1.0369,0.2439,0.2352,75,07/01/2020,06/30/2023
SAMPLE HOSPITAL 936,100935,FL,READM-30-AMI-HRRP,613,,0.9982,0.243,0.2434,149,07/01/2020,06/30/2023
SAMPLE HOSPITAL 937,100936,OR,READM-30-HIP-KNEE-HRRP,1102,,0.9581,0.2235,0.2333,246,07/01/2020,06/30/2023
SAMPLE HOSPITAL 937,100936,OR,READM-30-COPD-HRRP,140,,0.9156,0.1809,0.1976,25,07/01/2020,06/30/2023
SAMPLE HOSPITAL 937,100936,OR,READM-30-CABG-HRRP,242,,0.8996,0.2074,0.2305,50,07/01/2020,06/30/2023
SAMPLE HOSPITAL 937,100936,OR,READM-30-AMI-HRRP,143,,0.9865,0.1938,0.1965,28,07/01/2020,06/30/2023
SAMPLE HOSPITAL 937,100936,OR,READM-30-PN-HRRP,94,,1.0055,0.2606,0.2592,24,07/01/2020,06/30/2023
SAMPLE HOSPITAL 938,100937,TX,READM-30-COPD-HRRP,96,,0.944,0.2364,0.2504,23,07/01/2020,06/30/2023
SAMPLE HOSPITAL 938,100937,TX,READM-30-AMI-HRRP,335,,0.919,0.1803,0.1962,60,07/01/2020,06/30/2023
SAMPLE HOSPITAL 938,100937,TX,READM-30-HIP-KNEE-HRRP,435,,1.0745,0.137,0.1275,60,07/01/2020,06/30/2023
SAMPLE HOSPITAL 938,100937,TX,READM-30-HF-HRRP,683,,1.032,0.1737,0.1683,119,07/01/2020,06/30/2023
SAMPLE HOSPITAL 939,100938,MO,READM-30-AMI-HRRP,320,,1.0189,0.2132,0.2092,68,07/01/2020,06/30/2023
SAMPLE HOSPITAL 939,100938,MO,READM-30-PN-HRRP,322,,0.9943,0.1746,0.1756,56,07/01/2020,06/30/2023
SAMPLE HOSPITAL 939,100938,MO,READM-30-HIP-KNEE-HRRP,558,,0.9831,0.2073,0.2109,116,07/01/2020,06/30/2023
SAMPLE HOSPITAL 940,100939,NC,READM-30-PN-HRRP,216,,1.0178,0.1763,0.1732,38,07/01/2020,06/30/2023
SAMPLE HOSPITAL 940,100939,NC,READM-30-HF-HRRP,68,,0.9872,0.2297,0.2327,16,07/01/2020,06/30/2023
SAMPLE HOSPITAL 940,100939,NC,READM-30-AMI-HRRP,114,,0.941,0.1521,0.1616,17,07/01/2020,06/30/2023
SAMPLE HOSPITAL 940,100939,NC,READM-30-CABG-HRRP,634,,1.1232,0.2698,0.2402,171,07/01/2020,06/30/2023
SAMPLE HOSPITAL 941,100940,HI,READM-30-COPD-HRRP,90,,1.0609,0.2434,0.2294,22,07/01/2020,06/30/2023
SAMPLE HOSPITAL 941,100940,HI,READM-30-HF-HRRP,767,,0.9942,0.1288,0.1296,99,07/01/2020,06/30/2023
SAMPLE HOSPITAL 941,100940,HI,READM-30-PN-HRRP,662,,1.124,0.1834,0.1632,121,07/01/2020,06/30/2023
SAMPLE HOSPITAL 941,100940,HI,READM-30-HIP-KNEE-HRRP,152,,1.0252,0.1866,0.182,28,07/01/2020,06/30/2023
SAMPLE HOSPITAL 941,100940,HI,READM-30-AMI-HRRP,165,,1.0515,0.1964,0.1868,32,07/01/2020,06/30/2023
SAMPLE HOSPITAL 941,100940,HI,READM-30-CABG-HRRP,122,,1.0241,0.2128,0.2078,26,07/01/2020,06/30/2023
SAMPLE HOSPITAL 942,100941,AK,READM-30-HF-HRRP,159,,1.0324,0.187,0.1811,30,07/01/2020,06/30/2023
SAMPLE HOSPITAL 942,100941,AK,READM-30-AMI-HRRP,138,,1.0144,0.1405,0.1385,19,07/01/2020,06/30/2023
SAMPLE HOSPITAL 942,100941,AK,READM-30-CABG-HRRP,240,,1.0333,0.2468,0.2388,59,07/01/2020,06/30/2023
SAMPLE HOSPITAL 942,100941,AK,READM-30-HIP-KNEE-HRRP,99,,1.0965,0.2622,0.2391,26,07/01/2020,06/30/2023
SAMPLE HOSPITAL 942,100941,AK,READM-30-PN-HRRP,100,,0.988,0.2108,0.2134,21,07/01/2020,06/30/2023
SAMPLE HOSPITAL 943,100942,NC,READM-30-HIP-KNEE-HRRP,108,,1.0201,0.2387,0.234,26,07/01/2020,06/30/2023
SAMPLE HOSPITAL 943,100942,NC,READM-30-CABG-HRRP,37,,0.9872,0.25,0.2532,9,07/01/2020,06/30/2023
SAMPLE HOSPITAL 943,100942,NC,READM-30-HF-HRRP,337,,1.07,0.1679,0.1569,57,07/01/2020,06/30/2023
SAMPLE HOSPITAL 943,100942,NC,READM-30-AMI-HRRP,66,,1.0297,0.2265,0.22,15,07/01/2020,06/30/2023
SAMPLE HOSPITAL 943,100942,NC,READM-30-COPD-HRRP,133,,0.8761,0.2175,0.2483,29,07/01/2020,06/30/2023
SAMPLE HOSPITAL 944,100943,ME,READM-30-CABG-HRRP,263,,1.0205,0.258,0.2528,68,07/01/2020,06/30/2023
SAMPLE HOSPITAL 944,100943,ME,READM-30-PN-HRRP,107,,1.0598,0.2328,0.2197,25,07/01/2020,06/30/2023
SAMPLE HOSPITAL 944,100943,ME,READM-30-AMI-HRRP,286,,0.9813,0.1666,0.1698,48,07/01/2020,06/30/2023
SAMPLE HOSPITAL 944,100943,ME,READM-30-COPD-HRRP,66,,1.0617,0.2011,0.1894,13,07/01/2020,06/30/2023
SAMPLE HOSPITAL 945,100944,AR,READM-30-PN-HRRP,121,,1.0611,0.1687,0.159,20,07/01/2020,06/30/2023
SAMPLE HOSPITAL 945,100944,AR,READM-30-COPD-HRRP,302,,0.9562,0.1714,0.1793,52,07/01/2020,06/30/2023
SAMPLE HOSPITAL 945,100944,AR,READM-30-AMI-HRRP,608,,0.975,0.2097,0.2151,127,07/01/2020,06/30/2023
SAMPLE HOSPITAL 945,100944,AR,READM-30-HIP-KNEE-HRRP,292,,0.9957,0.208,0.2089,61,07/01/2020,06/30/2023
SAMPLE HOSPITAL 945,100944,AR,READM-30-HF-HRRP,68,,1.0138,0.1945,0.1919,13,07/01/2020,06/30/2023
SAMPLE HOSPITAL 945,100944,AR,READM-30-CABG-HRRP,85,,0.969,0.2297,0.2371,20,07/01/2020,06/30/2023
SAMPLE HOSPITAL 946,100945,MT,READM-30-CABG-HRRP,71,,0.9761,0.2082,0.2133,15,07/01/2020,06/30/2023
SAMPLE HOSPITAL 946,100945,MT,READM-30-AMI-HRRP,195,,0.9964,0.1772,0.1778,35,07/01/2020,06/30/2023
SAMPLE HOSPITAL 946,100945,MT,READM-30-HF-HRRP,78,,1.0225,0.1883,0.1842,15,07/01/2020,06/30/2023
SAMPLE HOSPITAL 946,100945,MT,READM-30-PN-HRRP,234,,1.006,0.1336,0.1328,31,07/01/2020,06/30/2023
SAMPLE HOSPITAL 946,100945,MT,READM-30-COPD-HRRP,206,,1.1483,0.1912,0.1665,39,07/01/2020,06/30/2023
SAMPLE HOSPITAL 947,100946,WA,READM-30-COPD-HRRP,82,,1.0146,0.1608,0.1585,13,07/01/2020,06/30/2023
SAMPLE HOSPITAL 947,100946,WA,READM-30-HIP-KNEE-HRRP,26,,1.0144,0.2251,0.2219,6,07/01/2020,06/30/2023
SAMPLE HOSPITAL 947,100946,WA,READM-30-CABG-HRRP,245,,0.9619,0.2067,0.2149,51,07/01/2020,06/30/2023
SAMPLE HOSPITAL 947,100946,WA,READM-30-AMI-HRRP,123,,1.1573,0.155,0.1339,19,07/01/2020,06/30/2023
SAMPLE HOSPITAL 948,100947,ID,READM-30-COPD-HRRP,381,,0.9406,0.2104,0.2237,80,07/01/2020,06/30/2023
SAMPLE HOSPITAL 948,100947,ID,READM-30-HIP-KNEE-HRRP,206,,0.9955,0.1807,0.1815,37,07/01/2020,06/30/2023
SAMPLE HOSPITAL 948,100947,ID,READM-30-CABG-HRRP,155,,1.0863,0.2686,0.2473,42,07/01/2020,06/30/2023
SAMPLE HOSPITAL 949,100948,NM,READM-30-PN-HRRP,29,,0.9878,0.1943,0.1967,6,07/01/2020,06/30/2023
SAMPLE HOSPITAL 949,100948,NM,READM-30-AMI-HRRP,247,,0.9431,0.16,0.1697,40,07/01/2020,06/30/2023
SAMPLE HOSPITAL 949,100948,NM,READM-30-CABG-HRRP,199,,1.0172,0.2398,0.2357,48,07/01/2020,06/30/2023
SAMPLE HOSPITAL 949,100948,NM,READM-30-COPD-HRRP,261,,0.9503,0.1911,0.2011,50,07/01/2020,06/30/2023
SAMPLE HOSPITAL 950,100949,ND,READM-30-HIP-KNEE-HRRP,136,,1.0291,0.1946,0.1891,26,07/01/2020,06/30/2023
SAMPLE HOSPITAL 950,100949,ND,READM-30-PN-HRRP,174,,1.0427,0.1799,0.1725,31,07/01/2020,06/30/2023
SAMPLE HOSPITAL 950,100949,ND,READM-30-COPD-HRRP,243,,1.0152,0.1509,0.1486,37,07/01/2020,06/30/2023
SAMPLE HOSPITAL 951,100950,AL,READM-30-HIP-KNEE-HRRP,92,,0.9923,0.2388,0.2407,22,07/01/2020,06/30/2023
SAMPLE HOSPITAL 951,100950,AL,READM-30-CABG-HRRP,384,,1.0051,0.1743,0.1734,67,07/01/2020,06/30/2023
SAMPLE HOSPITAL 951,100950,AL,READM-30-PN-HRRP,257,,1.064,0.2178,0.2047,56,07/01/2020,06/30/2023
SAMPLE HOSPITAL 951,100950,AL,READM-30-HF-HRRP,78,,0.9555,0.1166,0.122,9,07/01/2020,06/30/2023
SAMPLE HOSPITAL 951,100950,AL,READM-30-AMI-HRRP,149,,1.0922,0.2759,0.2526,41,07/01/2020,06/30/2023
SAMPLE HOSPITAL 952,100951,DE,READM-30-HIP-KNEE-HRRP,222,,1.0709,0.2214,0.2067,49,07/01/2020,06/30/2023
SAMPLE HOSPITAL 952,100951,DE,READM-30-AMI-HRRP,160,,0.9946,0.1861,0.1871,30,07/01/2020,06/30/2023
SAMPLE HOSPITAL 952,100951,DE,READM-30-HF-HRRP,246,,1.0408,0.1592,0.153,39,07/01/2020,06/30/2023
SAMPLE HOSPITAL 952,100951,DE,READM-30-CABG-HRRP,464,,0.9865,0.1776,0.18,82,07/01/2020,06/30/2023
SAMPLE HOSPITAL 952,100951,DE,READM-30-PN-HRRP,221,,0.9906,0.1229,0.1241,27,07/01/2020,06/30/2023
SAMPLE HOSPITAL 952,100951,DE,READM-30-COPD-HRRP,124,,1.0281,0.1718,0.1671,21,07/01/2020,06/30/2023
SAMPLE HOSPITAL 953,100952,MS,READM-30-COPD-HRRP,3916,,1.0824,0.1433,0.1324,561,07/01/2020,06/30/2023
SAMPLE HOSPITAL 953,100952,MS,READM-30-CABG-HRRP,108,,0.9312,0.1913,0.2054,21,07/01/2020,06/30/2023
SAMPLE HOSPITAL 953,100952,MS,READM-30-HF-HRRP,268,,1.0426,0.2646,0.2538,71,07/01/2020,06/30/2023
SAMPLE HOSPITAL 953,100952,MS,READM-30-HIP-KNEE-HRRP,267,,0.9332,0.2398,0.257,64,07/01/2020,06/30/2023
SAMPLE HOSPITAL 953,100952,MS,READM-30-PN-HRRP,92,,0.9657,0.2407,0.2492,22,07/01/2020,06/30/2023
SAMPLE HOSPITAL 954,100953,KY,READM-30-HIP-KNEE-HRRP,109,,1.0011,0.1367,0.1365,15,07/01/2020,06/30/2023
SAMPLE HOSPITAL 954,100953,KY,READM-30-HF-HRRP,35,,0.9077,0.1332,0.1467,5,07/01/2020,06/30/2023
SAMPLE HOSPITAL 954,100953,KY,READM-30-PN-HRRP,276,,0.924,0.1318,0.1426,36,07/01/2020,06/30/2023
SAMPLE HOSPITAL 954,100953,KY,READM-30-AMI-HRRP,163,,1.0392,0.2572,0.2475,42,07/01/2020,06/30/2023
SAMPLE HOSPITAL 954,100953,KY,READM-30-COPD-HRRP,200,,0.8999,0.2048,0.2276,41,07/01/2020,06/30/2023
SAMPLE HOSPITAL 954,100953,KY,READM-30-CABG-HRRP,463,,0.9143,0.1115,0.1219,52,07/01/2020,06/30/2023
SAMPLE HOSPITAL 955,100954,ME,READM-30-HF-HRRP,97,,0.9041,0.2242,0.248,22,07/01/2020,06/30/2023
SAMPLE HOSPITAL 955,100954,ME,READM-30-CABG-HRRP,122,,0.9961,0.1924,0.1932,23,07/01/2020,06/30/2023
SAMPLE HOSPITAL 955,100954,ME,READM-30-PN-HRRP,1047,,1.0335,0.2092,0.2024,219,07/01/2020,06/30/2023
SAMPLE HOSPITAL 956,100955,AL,READM-30-COPD-HRRP,134,,1.019,0.2066,0.2027,28,07/01/2020,06/30/2023
SAMPLE HOSPITAL 956,100955,AL,READM-30-HIP-KNEE-HRRP,370,,1.08,0.236,0.2185,87,07/01/2020,06/30/2023
SAMPLE HOSPITAL 956,100955,AL,READM-30-HF-HRRP,113,,1.0343,0.2576,0.2491,29,07/01/2020,06/30/2023
SAMPLE HOSPITAL 956,100955,AL,READM-30-AMI-HRRP,608,,1.0398,0.1933,0.1859,118,07/01/2020,06/30/2023
SAMPLE HOSPITAL 957,100956,CO,READM-30-COPD-HRRP,946,,0.9332,0.1828,0.1959,173,07/01/2020,06/30/2023
SAMPLE HOSPITAL 957,100956,CO,READM-30-HIP-KNEE-HRRP,188,,0.9088,0.155,0.1705,29,07/01/2020,06/30/2023
SAMPLE HOSPITAL 957,100956,CO,READM-30-PN-HRRP,53,,0.9588,0.1844,0.1923,10,07/01/2020,06/30/2023
SAMPLE HOSPITAL 957,100956,CO,READM-30-CABG-HRRP,330,,0.9715,0.2037,0.2097,67,07/01/2020,06/30/2023
SAMPLE HOSPITAL 957,100956,CO,READM-30-AMI-HRRP,Too Few to Report,1,Too Few to Report,,,,07/01/2020,06/30/2023
SAMPLE HOSPITAL 958,100957,KS,READM-30-PN-HRRP,314,,1.0543,0.2186,0.2073,69,07/01/2020,06/30/2023
SAMPLE HOSPITAL 958,100957,KS,READM-30-HIP-KNEE-HRRP,210,,1.0212,0.226,0.2213,47,07/01/2020,06/30/2023
SAMPLE HOSPITAL 958,100957,KS,READM-30-AMI-HRRP,144,,0.9464,0.1263,0.1335,18,07/01/2020,06/30/2023
SAMPLE HOSPITAL 958,100957,KS,READM-30-COPD-HRRP,1455,,0.9918,0.1811,0.1826,264,07/01/2020,06/30/2023
SAMPLE HOSPITAL 959,100958,PA,READM-30-CABG-HRRP,38,,0.9599,0.1344,0.14,5,07/01/2020,06/30/2023
SAMPLE HOSPITAL 959,100958,PA,READM-30-HF-HRRP,188,,1.0557,0.2276,0.2156,43,07/01/2020,06/30/2023
SAMPLE HOSPITAL 959,100958,PA,READM-30-HIP-KNEE-HRRP,196,,1.04,0.1892,0.1819,37,07/01/2020,06/30/2023
SAMPLE HOSPITAL 960,100959,OH,READM-30-HIP-KNEE-HRRP,105,,0.9996,0.2508,0.2509,26,07/01/2020,06/30/2023
SAMPLE HOSPITAL 960,100959,OH,READM-30-CABG-HRRP,769,,0.9935,0.2076,0.209,160,07/01/2020,06/30/2023
SAMPLE HOSPITAL 960,100959,OH,READM-30-AMI-HRRP,303,,1.0438,0.1699,0.1628,51,07/01/2020,06/30/2023
SAMPLE HOSPITAL 961,100960,NJ,READM-30-PN-HRRP,149,,0.9408,0.1747,0.1857,26,07/01/2020,06/30/2023
SAMPLE HOSPITAL 961,100960,NJ,READM-30-COPD-HRRP,131,,1.0433,0.1492,0.143,20,07/01/2020,06/30/2023
SAMPLE HOSPITAL 961,100960,NJ,READM-30-HIP-KNEE-HRRP,241,,1.1501,0.1678,0.1459,40,07/01/2020,06/30/2023
SAMPLE HOSPITAL 961,100960,NJ,READM-30-CABG-HRRP,274,,1.0607,0.2651,0.2499,73,07/01/2020,06/30/2023
SAMPLE HOSPITAL 961,100960,NJ,READM-30-AMI-HRRP,143,,1.0521,0.2172,0.2064,31,07/01/2020,06/30/2023
SAMPLE HOSPITAL 962,100961,SC,READM-30-CABG-HRRP,298,,1.0906,0.1712,0.157,51,07/01/2020,06/30/2023
SAMPLE HOSPITAL 962,100961,SC,READM-30-COPD-HRRP,119,,0.9451,0.2147,0.2272,26,07/01/2020,06/30/2023
SAMPLE HOSPITAL 962,100961,SC,READM-30-AMI-HRRP,365,,0.9971,0.199,0.1996,73,07/01/2020,06/30/2023
SAMPLE HOSPITAL 962,100961,SC,READM-30-HIP-KNEE-HRRP,307,,0.936,0.2343,0.2503,72,07/01/2020,06/30/2023
SAMPLE HOSPITAL 962,100961,SC,READM-30-HF-HRRP,95,,0.9821,0.1393,0.1418,13,07/01/2020,06/30/2023
SAMPLE HOSPITAL 962,100961,SC,READM-30-PN-HRRP,116,,1.0229,0.2364,0.2311,27,07/01/2020,06/30/2023
SAMPLE HOSPITAL 963,100962,AR,READM-30-COPD-HRRP,65,,1.1072,0.2107,0.1903,14,07/01/2020,06/30/2023
SAMPLE HOSPITAL 963,100962,AR,READM-30-CABG-HRRP,210,,0.9385,0.2023,0.2156,42,07/01/2020,06/30/2023
SAMPLE HOSPITAL 963,100962,AR,READM-30-HIP-KNEE-HRRP,148,,1.0278,0.2172,0.2113,32,07/01/2020,06/30/2023
SAMPLE HOSPITAL 963,100962,AR,READM-30-HF-HRRP,431,,0.9189,0.1654,0.18,71,07/01/2020,06/30/2023
SAMPLE HOSPITAL 963,100962,AR,READM-30-PN-HRRP,104,,1.0617,0.1279,0.1205,13,07/01/2020,06/30/2023
SAMPLE HOSPITAL 964,100963,WV,READM-30-PN-HRRP,554,,1.058,0.1549,0.1464,86,07/01/2020,06/30/2023
SAMPLE HOSPITAL 964,100963,WV,READM-30-AMI-HRRP,229,,0.9131,0.2158,0.2363,49,07/01/2020,06/30/2023
SAMPLE HOSPITAL 964,100963,WV,READM-30-COPD-HRRP,136,,1.057,0.1894,0.1792,26,07/01/2020,06/30/2023
SAMPLE HOSPITAL 965,100964,MD,READM-30-COPD-HRRP,239,,1.048,0.1834,0.175,44,07/01/2020,06/30/2023
SAMPLE HOSPITAL 965,100964,MD,READM-30-CABG-HRRP,777,,1.0144,0.1765,0.174,137,07/01/2020,06/30/2023
SAMPLE HOSPITAL 965,100964,MD,READM-30-PN-HRRP,200,,1.0069,0.2168,0.2153,43,07/01/2020,06/30/2023
SAMPLE HOSPITAL 965,100964,MD,READM-30-AMI-HRRP,108,,1.0343,0.1569,0.1517,17,07/01/2020,06/30/2023
SAMPLE HOSPITAL 965,100964,MD,READM-30-HF-HRRP,433,,1.0177,0.2007,0.1972,87,07/01/2020,06/30/2023
SAMPLE HOSPITAL 965,100964,MD,READM-30-HIP-KNEE-HRRP,123,,1.0523,0.1954,0.1857,24,07/01/2020,06/30/2023
SAMPLE HOSPITAL 966,100965,RI,READM-30-PN-HRRP,99,,1.0331,0.1255,0.1215,12,07/01/2020,06/30/2023
SAMPLE HOSPITAL 966,100965,RI,READM-30-HF-HRRP,846,,0.9887,0.235,0.2377,199,07/01/2020,06/30/2023
SAMPLE HOSPITAL 966,100965,RI,READM-30-HIP-KNEE-HRRP,124,,0.9048,0.1831,0.2024,23,07/01/2020,06/30/2023
SAMPLE HOSPITAL 967,100966,MD,READM-30-HIP-KNEE-HRRP,44,,0.8903,0.2311,0.2596,10,07/01/2020,06/30/2023
SAMPLE HOSPITAL 967,100966,MD,READM-30-CABG-HRRP,356,,1.086,0.1651,0.152,59,07/01/2020,06/30/2023
SAMPLE HOSPITAL 967,100966,MD,READM-30-PN-HRRP,103,,1.1166,0.1854,0.166,19,07/01/2020,06/30/2023
SAMPLE HOSPITAL 967,100966,MD,READM-30-HF-HRRP,38,,1.0879,0.1701,0.1564,6,07/01/2020,06/30/2023
SAMPLE HOSPITAL 967,100966,MD,READM-30-COPD-HRRP,111,,1.0187,0.1739,0.1707,19,07/01/2020,06/30/2023
SAMPLE HOSPITAL 968,100967,GA,READM-30-AMI-HRRP,813,,0.9912,0.1454,0.1467,118,07/01/2020,06/30/2023
SAMPLE HOSPITAL 968,100967,GA,READM-30-HF-HRRP,56,,0.949,0.2254,0.2375,13,07/01/2020,06/30/2023
SAMPLE HOSPITAL 968,100967,GA,READM-30-HIP-KNEE-HRRP,390,,0.9524,0.2199,0.2309,86,07/01/2020,06/30/2023
SAMPLE HOSPITAL 969,100968,NM,READM-30-CABG-HRRP,175,,1.016,0.2439,0.2401,43,07/01/2020,06/30/2023
SAMPLE HOSPITAL 969,100968,NM,READM-30-HIP-KNEE-HRRP,353,,0.9763,0.1811,0.1855,64,07/01/2020,06/30/2023
SAMPLE HOSPITAL 969,100968,NM,READM-30-PN-HRRP,315,,1.1124,0.2001,0.1799,63,07/01/2020,06/30/2023
SAMPLE HOSPITAL 970,100969,DE,READM-30-HIP-KNEE-HRRP,141,,1.0258,0.156,0.1521,22,07/01/2020,06/30/2023
SAMPLE HOSPITAL 970,100969,DE,READM-30-AMI-HRRP,202,,1.0339,0.2195,0.2123,44,07/01/2020,06/30/2023
SAMPLE HOSPITAL 970,100969,DE,READM-30-PN-HRRP,260,,0.8998,0.1861,0.2068,48,07/01/2020,06/30/2023
SAMPLE HOSPITAL 970,100969,DE,READM-30-HF-HRRP,373,,1.0187,0.1431,0.1405,53,07/01/2020,06/30/2023
SAMPLE HOSPITAL 970,100969,DE,READM-30-CABG-HRRP,126,,1.0105,0.2489,0.2463,31,07/01/2020,06/30/2023
SAMPLE HOSPITAL 971,100970,FL,READM-30-HF-HRRP,316,,0.9252,0.1283,0.1387,41,07/01/2020,06/30/2023
SAMPLE HOSPITAL 971,100970,FL,READM-30-HIP-KNEE-HRRP,398,,1.029,0.2237,0.2174,89,07/01/2020,06/30/2023
SAMPLE HOSPITAL 971,100970,FL,READM-30-COPD-HRRP,87,,0.9171,0.2191,0.2389,19,07/01/2020,06/30/2023
SAMPLE HOSPITAL 971,100970,FL,READM-30-PN-HRRP,137,,1.0035,0.1659,0.1653,23,07/01/2020,06/30/2023
SAMPLE HOSPITAL 971,100970,FL,READM-30-AMI-HRRP,42,,0.8742,0.1587,0.1815,7,07/01/2020,06/30/2023
SAMPLE HOSPITAL 972,100971,NC,READM-30-AMI-HRRP,233,,1.0156,0.1689,0.1663,39,07/01/2020,06/30/2023
SAMPLE HOSPITAL 972,100971,NC,READM-30-CABG-HRRP,37,,1.0997,0.2827,0.2571,10,07/01/2020,06/30/2023
SAMPLE HOSPITAL 972,100971,NC,READM-30-COPD-HRRP,533,,0.9429,0.1946,0.2064,104,07/01/2020,06/30/2023
SAMPLE HOSPITAL 972,100971,NC,READM-30-HF-HRRP,204,,1.0678,0.1656,0.1551,34,07/01/2020,06/30/2023
SAMPLE HOSPITAL 973,100972,WI,READM-30-HIP-KNEE-HRRP,130,,0.9099,0.2091,0.2298,27,07/01/2020,06/30/2023
SAMPLE HOSPITAL 973,100972,WI,READM-30-HF-HRRP,710,,0.9786,0.2542,0.2598,180,07/01/2020,06/30/2023
SAMPLE HOSPITAL 973,100972,WI,READM-30-CABG-HRRP,810,,0.9579,0.1167,0.1218,95,07/01/2020,06/30/2023
SAMPLE HOSPITAL 974,100973,FL,READM-30-AMI-HRRP,107,,1.0093,0.1314,0.1302,14,07/01/2020,06/30/2023
SAMPLE HOSPITAL 974,100973,FL,READM-30-CABG-HRRP,708,,0.994,0.2029,0.2041,144,07/01/2020,06/30/2023
SAMPLE HOSPITAL 974,100973,FL,READM-30-HF-HRRP,30,,1.0083,0.1369,0.1358,4,07/01/2020,06/30/2023
SAMPLE HOSPITAL 975,100974,IA,READM-30-COPD-HRRP,188,,1.1079,0.1759,0.1588,33,07/01/2020,06/30/2023
SAMPLE HOSPITAL 975,100974,IA,READM-30-PN-HRRP,328,,1.0629,0.2751,0.2588,90,07/01/2020,06/30/2023
SAMPLE HOSPITAL 975,100974,IA,READM-30-AMI-HRRP,273,,1.0019,0.1862,0.1858,51,07/01/2020,06/30/2023
SAMPLE HOSPITAL 976,100975,WI,READM-30-HIP-KNEE-HRRP,539,,1.0317,0.2331,0.2259,126,07/01/2020,06/30/2023
SAMPLE HOSPITAL 976,100975,WI,READM-30-AMI-HRRP,232,,1.0351,0.1831,0.1769,42,07/01/2020,06/30/2023
SAMPLE HOSPITAL 976,100975,WI,READM-30-COPD-HRRP,132,,0.911,0.2198,0.2413,29,07/01/2020,06/30/2023
SAMPLE HOSPITAL 977,100976,ID,READM-30-AMI-HRRP,247,,1.0396,0.2393,0.2302,59,07/01/2020,06/30/2023
SAMPLE HOSPITAL 977,100976,ID,READM-30-CABG-HRRP,105,,0.9695,0.1852,0.191,19,07/01/2020,06/30/2023
SAMPLE HOSPITAL 977,100976,ID,READM-30-PN-HRRP,247,,1.0148,0.2291,0.2258,57,07/01/2020,06/30/2023
SAMPLE HOSPITAL 978,100977,WV,READM-30-COPD-HRRP,76,,1.1255,0.2692,0.2392,20,07/01/2020,06/30/2023
SAMPLE HOSPITAL 978,100977,WV,READM-30-HIP-KNEE-HRRP,284,,0.9238,0.2346,0.254,67,07/01/2020,06/30/2023
SAMPLE HOSPITAL 978,100977,WV,READM-30-AMI-HRRP,166,,1.0697,0.2532,0.2367,42,07/01/2020,06/30/2023
SAMPLE HOSPITAL 978,100977,WV,READM-30-CABG-HRRP,260,,1.0353,0.1901,0.1836,49,07/01/2020,06/30/2023
SAMPLE HOSPITAL 979,100978,AZ,READM-30-CABG-HRRP,361,,0.962,0.1181,0.1228,43,07/01/2020,06/30/2023
SAMPLE HOSPITAL 979,100978,AZ,READM-30-HF-HRRP,Too Few to Report,1,Too Few to Report,,,,07/01/2020,06/30/2023
SAMPLE HOSPITAL 979,100978,AZ,READM-30-HIP-KNEE-HRRP,537,,0.9695,0.1472,0.1518,79,07/01/2020,06/30/2023
SAMPLE HOSPITAL 979,100978,AZ,READM-30-PN-HRRP,152,,1.0454,0.204,0.1951,31,07/01/2020,06/30/2023
SAMPLE HOSPITAL 979,100978,AZ,READM-30-COPD-HRRP,46,,0.8587,0.1638,0.1907,8,07/01/2020,06/30/2023
SAMPLE HOSPITAL 980,100979,IL,READM-30-HIP-KNEE-HRRP,79,,0.9585,0.2464,0.2571,19,07/01/2020,06/30/2023
SAMPLE HOSPITAL 980,100979,IL,READM-30-AMI-HRRP,218,,0.9323,0.1534,0.1645,33,07/01/2020,06/30/2023
SAMPLE HOSPITAL 980,100979,IL,READM-30-PN-HRRP,395,,0.8804,0.1366,0.1552,54,07/01/2020,06/30/2023
SAMPLE HOSPITAL 981,100980,NH,READM-30-HF-HRRP,173,,0.9982,0.2372,0.2376,41,07/01/2020,06/30/2023
SAMPLE HOSPITAL 981,100980,NH,READM-30-PN-HRRP,775,,0.8797,0.2196,0.2496,170,07/01/2020,06/30/2023
SAMPLE HOSPITAL 981,100980,NH,READM-30-CABG-HRRP,309,,1.0614,0.2216,0.2088,68,07/01/2020,06/30/2023
SAMPLE HOSPITAL 981,100980,NH,READM-30-HIP-KNEE-HRRP,30,,0.9433,0.1858,0.197,6,07/01/2020,06/30/2023
SAMPLE HOSPITAL 981,100980,NH,READM-30-COPD-HRRP,142,,0.9755,0.1383,0.1418,20,07/01/2020,06/30/2023
SAMPLE HOSPITAL 982,100981,AK,READM-30-HIP-KNEE-HRRP,210,,1.0417,0.1497,0.1437,31,07/01/2020,06/30/2023
SAMPLE HOSPITAL 982,100981,AK,READM-30-PN-HRRP,201,,1.0629,0.2478,0.2331,50,07/01/2020,06/30/2023
SAMPLE HOSPITAL 982,100981,AK,READM-30-HF-HRRP,59,,1.0199,0.1787,0.1752,11,07/01/2020,06/30/2023
SAMPLE HOSPITAL 982,100981,AK,READM-30-COPD-HRRP,483,,0.974,0.2529,0.2596,122,07/01/2020,06/30/2023
SAMPLE HOSPITAL 982,100981,AK,READM-30-CABG-HRRP,192,,0.9418,0.2163,0.2297,42,07/01/2020,06/30/2023
SAMPLE HOSPITAL 982,100981,AK,READM-30-AMI-HRRP,113,,1.0203,0.2115,0.2073,24,07/01/2020,06/30/2023
SAMPLE HOSPITAL 983,100982,ND,READM-30-HF-HRRP,60,,0.9955,0.253,0.2541,15,07/01/2020,06/30/2023
SAMPLE HOSPITAL 983,100982,ND,READM-30-AMI-HRRP,195,,1.051,0.1631,0.1552,32,07/01/2020,06/30/2023
SAMPLE HOSPITAL 983,100982,ND,READM-30-COPD-HRRP,127,,1.1168,0.2411,0.2159,31,07/01/2020,06/30/2023
SAMPLE HOSPITAL 983,100982,ND,READM-30-HIP-KNEE-HRRP,563,,1.0304,0.2675,0.2596,151,07/01/2020,06/30/2023
SAMPLE HOSPITAL 984,100983,IL,READM-30-PN-HRRP,128,,0.9759,0.2201,0.2255,28,07/01/2020,06/30/2023
SAMPLE HOSPITAL 984,100983,IL,READM-30-HF-HRRP,509,,0.9286,0.1183,0.1274,60,07/01/2020,06/30/2023
SAMPLE HOSPITAL 984,100983,IL,READM-30-AMI-HRRP,83,,1.1504,0.2802,0.2436,23,07/01/2020,06/30/2023
SAMPLE HOSPITAL 985,100984,KS,READM-30-HF-HRRP,73,,1.0196,0.1787,0.1753,13,07/01/2020,06/30/2023
SAMPLE HOSPITAL 985,100984,KS,READM-30-AMI-HRRP,100,,0.911,0.1776,0.195,18,07/01/2020,06/30/2023
SAMPLE HOSPITAL 985,100984,KS,READM-30-HIP-KNEE-HRRP,93,,1.0029,0.1213,0.1209,11,07/01/2020,06/30/2023
SAMPLE HOSPITAL 985,100984,KS,READM-30-COPD-HRRP,49,,0.9298,0.1184,0.1273,6,07/01/2020,06/30/2023
SAMPLE HOSPITAL 985,100984,KS,READM-30-CABG-HRRP,589,,0.962,0.1746,0.1815,103,07/01/2020,06/30/2023
SAMPLE HOSPITAL 986,100985,OK,READM-30-COPD-HRRP,154,,1.0781,0.1933,0.1793,30,07/01/2020,06/30/2023
SAMPLE HOSPITAL 986,100985,OK,READM-30-HF-HRRP,633,,1.1048,0.2014,0.1823,127,07/01/2020,06/30/2023
SAMPLE HOSPITAL 986,100985,OK,READM-30-AMI-HRRP,110,,1.0715,0.2466,0.2301,27,07/01/2020,06/30/2023
SAMPLE HOSPITAL 986,100985,OK,READM-30-CABG-HRRP,136,,0.941,0.1826,0.1941,25,07/01/2020,06/30/2023
SAMPLE HOSPITAL 987,100986,MD,READM-30-COPD-HRRP,284,,0.9077,0.2161,0.2381,61,07/01/2020,06/30/2023
SAMPLE HOSPITAL 987,100986,MD,READM-30-CABG-HRRP,101,,0.9997,0.1817,0.1818,18,07/01/2020,06/30/2023
SAMPLE HOSPITAL 987,100986,MD,READM-30-AMI-HRRP,113,,0.9009,0.1674,0.1858,19,07/01/2020,06/30/2023
SAMPLE HOSPITAL 987,100986,MD,READM-30-HIP-KNEE-HRRP,284,,0.9801,0.1505,0.1536,43,07/01/2020,06/30/2023
SAMPLE HOSPITAL 987,100986,MD,READM-30-HF-HRRP,608,,0.85,0.2207,0.2597,134,07/01/2020,06/30/2023
SAMPLE HOSPITAL 988,100987,UT,READM-30-COPD-HRRP,115,,1.0147,0.1681,0.1657,19,07/01/2020,06/30/2023
SAMPLE HOSPITAL 988,100987,UT,READM-30-CABG-HRRP,39,,0.9565,0.2328,0.2434,9,07/01/2020,06/30/2023
SAMPLE HOSPITAL 988,100987,UT,READM-30-HIP-KNEE-HRRP,94,,1.0201,0.1429,0.1401,13,07/01/2020,06/30/2023
SAMPLE HOSPITAL 988,100987,UT,READM-30-HF-HRRP,Too Few to Report,1,Too Few to Report,,,,07/01/2020,06/30/2023
SAMPLE HOSPITAL 988,100987,UT,READM-30-PN-HRRP,247,,0.9976,0.2213,0.2218,55,07/01/2020,06/30/2023
SAMPLE HOSPITAL 988,100987,UT,READM-30-AMI-HRRP,379,,1.0945,0.184,0.1681,70,07/01/2020,06/30/2023
SAMPLE HOSPITAL 989,100988,MN,READM-30-CABG-HRRP,88,,0.9722,0.1292,0.1329,11,07/01/2020,06/30/2023
SAMPLE HOSPITAL 989,100988,MN,READM-30-PN-HRRP,377,,1.0467,0.2346,0.2241,88,07/01/2020,06/30/2023
SAMPLE HOSPITAL 989,100988,MN,READM-30-HIP-KNEE-HRRP,35,,0.9676,0.1896,0.1959,7,07/01/2020,06/30/2023
SAMPLE HOSPITAL 990,100989,AL,READM-30-HF-HRRP,92,,0.9172,0.1811,0.1975,17,07/01/2020,06/30/2023
SAMPLE HOSPITAL 990,100989,AL,READM-30-PN-HRRP,224,,1.1016,0.2578,0.234,58,07/01/2020,06/30/2023
SAMPLE HOSPITAL 990,100989,AL,READM-30-CABG-HRRP,62,,0.8857,0.154,0.1739,10,07/01/2020,06/30/2023
SAMPLE HOSPITAL 990,100989,AL,READM-30-AMI-HRRP,67,,0.9718,0.2064,0.2124,14,07/01/2020,06/30/2023
SAMPLE HOSPITAL 990,100989,AL,READM-30-HIP-KNEE-HRRP,323,,1.0924,0.1549,0.1418,50,07/01/2020,06/30/2023
SAMPLE HOSPITAL 991,100990,CA,READM-30-HF-HRRP,71,,1.087,0.2074,0.1908,15,07/01/2020,06/30/2023
SAMPLE HOSPITAL 991,100990,CA,READM-30-CABG-HRRP,121,,1.1294,0.2453,0.2172,30,07/01/2020,06/30/2023
SAMPLE HOSPITAL 991,100990,CA,READM-30-PN-HRRP,442,,1.0093,0.1827,0.181,81,07/01/2020,06/30/2023
SAMPLE HOSPITAL 991,100990,CA,READM-30-AMI-HRRP,605,,0.9457,0.197,0.2083,119,07/01/2020,06/30/2023
SAMPLE HOSPITAL 992,100991,MS,READM-30-HIP-KNEE-HRRP,147,,1.065,0.2186,0.2053,32,07/01/2020,06/30/2023
SAMPLE HOSPITAL 992,100991,MS,READM-30-AMI-HRRP,179,,1.0663,0.1725,0.1618,31,07/01/2020,06/30/2023
SAMPLE HOSPITAL 992,100991,MS,READM-30-CABG-HRRP,214,,0.9912,0.1406,0.1418,30,07/01/2020,06/30/2023
SAMPLE HOSPITAL 992,100991,MS,READM-30-COPD-HRRP,233,,1.0453,0.1437,0.1375,33,07/01/2020,06/30/2023
SAMPLE HOSPITAL 992,100991,MS,READM-30-HF-HRRP,436,,1.071,0.2389,0.2231,104,07/01/2020,06/30/2023
SAMPLE HOSPITAL 993,100992,LA,READM-30-COPD-HRRP,38,,0.9792,0.2447,0.2499,9,07/01/2020,06/30/2023
SAMPLE HOSPITAL 993,100992,LA,READM-30-HIP-KNEE-HRRP,92,,1.1453,0.2819,0.2461,26,07/01/2020,06/30/2023
SAMPLE HOSPITAL 993,100992,LA,READM-30-PN-HRRP,249,,1.1165,0.1559,0.1396,39,07/01/2020,06/30/2023
SAMPLE HOSPITAL 993,100992,LA,READM-30-AMI-HRRP,474,,1.0342,0.1503,0.1453,71,07/01/2020,06/30/2023
SAMPLE HOSPITAL 994,100993,AZ,READM-30-HF-HRRP,280,,0.9523,0.2227,0.2339,62,07/01/2020,06/30/2023
SAMPLE HOSPITAL 994,100993,AZ,READM-30-COPD-HRRP,46,,1.0476,0.1573,0.1502,7,07/01/2020,06/30/2023
SAMPLE HOSPITAL 994,100993,AZ,READM-30-HIP-KNEE-HRRP,373,,0.9854,0.199,0.2019,74,07/01/2020,06/30/2023
SAMPLE HOSPITAL 995,100994,AR,READM-30-HF-HRRP,233,,0.9244,0.1216,0.1315,28,07/01/2020,06/30/2023
SAMPLE HOSPITAL 995,100994,AR,READM-30-HIP-KNEE-HRRP,302,,1.0019,0.2594,0.2589,78,07/01/2020,06/30/2023
SAMPLE HOSPITAL 995,100994,AR,READM-30-AMI-HRRP,34,,1.0733,0.2524,0.2352,9,07/01/2020,06/30/2023
SAMPLE HOSPITAL 995,100994,AR,READM-30-COPD-HRRP,187,,1.1116,0.1968,0.177,37,07/01/2020,06/30/2023
SAMPLE HOSPITAL 996,100995,TX,READM-30-CABG-HRRP,32,,1.0786,0.2797,0.2593,9,07/01/2020,06/30/2023
SAMPLE HOSPITAL 996,100995,TX,READM-30-AMI-HRRP,187,,0.9621,0.1885,0.1959,35,07/01/2020,06/30/2023
SAMPLE HOSPITAL 996,100995,TX,READM-30-COPD-HRRP,463,,1.0007,0.2572,0.257,119,07/01/2020,06/30/2023
SAMPLE HOSPITAL 997,100996,WI,READM-30-PN-HRRP,136,,0.9805,0.1247,0.1272,17,07/01/2020,06/30/2023
SAMPLE HOSPITAL 997,100996,WI,READM-30-CABG-HRRP,100,,0.968,0.2051,0.2119,21,07/01/2020,06/30/2023
SAMPLE HOSPITAL 997,100996,WI,READM-30-HIP-KNEE-HRRP,755,,1.1243,0.29,0.2579,219,07/01/2020,06/30/2023
SAMPLE HOSPITAL 997,100996,WI,READM-30-COPD-HRRP,290,,0.9747,0.2461,0.2525,71,07/01/2020,06/30/2023
SAMPLE HOSPITAL 997,100996,WI,READM-30-AMI-HRRP,273,,1.079,0.2008,0.1861,55,07/01/2020,06/30/2023
SAMPLE HOSPITAL 997,100996,WI,READM-30-HF-HRRP,727,,1.0344,0.1612,0.1558,117,07/01/2020,06/30/2023
SAMPLE HOSPITAL 998,100997,OK,READM-30-HF-HRRP,109,,0.8914,0.1789,0.2007,20,07/01/2020,06/30/2023
SAMPLE HOSPITAL 998,100997,OK,READM-30-COPD-HRRP,1804,,1.0315,0.2209,0.2142,399,07/01/2020,06/30/2023
SAMPLE HOSPITAL 998,100997,OK,READM-30-AMI-HRRP,327,,0.9791,0.2029,0.2072,66,07/01/2020,06/30/2023
SAMPLE HOSPITAL 998,100997,OK,READM-30-PN-HRRP,115,,0.9504,0.2401,0.2526,28,07/01/2020,06/30/2023
SAMPLE HOSPITAL 999,100998,HI,READM-30-AMI-HRRP,113,,1.018,0.2029,0.1993,23,07/01/2020,06/30/2023
SAMPLE HOSPITAL 999,100998,HI,READM-30-HF-HRRP,376,,0.9859,0.1445,0.1466,54,07/01/2020,06/30/2023
SAMPLE HOSPITAL 999,100998,HI,READM-30-COPD-HRRP,56,,0.8507,0.109,0.1281,6,07/01/2020,06/30/2023
SAMPLE HOSPITAL 999,100998,HI,READM-30-PN-HRRP,240,,0.8153,0.1986,0.2436,48,07/01/2020,06/30/2023
SAMPLE HOSPITAL 999,100998,HI,READM-30-CABG-HRRP,68,,1.0088,0.2555,0.2533,17,07/01/2020,06/30/2023
SAMPLE HOSPITAL 1000,100999,TN,READM-30-COPD-HRRP,813,,0.9482,0.1203,0.1269,98,07/01/2020,06/30/2023
SAMPLE HOSPITAL 1000,100999,TN,READM-30-PN-HRRP,41,,0.8983,0.2117,0.2357,9,07/01/2020,06/30/2023
SAMPLE HOSPITAL 1000,100999,TN,READM-30-CABG-HRRP,38,,0.9563,0.2381,0.249,9,07/01/2020,06/30/2023
SAMPLE HOSPITAL 1000,100999,TN,READM-30-HF-HRRP,226,,0.9592,0.1384,0.1443,31,07/01/2020,06/30/2023
SAMPLE HOSPITAL 1000,100999,TN,READM-30-HIP-KNEE-HRRP,774,,0.9825,0.1998,0.2034,155,07/01/2020,06/30/2023
SAMPLE HOSPITAL 1001,101000,AZ,READM-30-COPD-HRRP,239,,0.9667,0.155,0.1603,37,07/01/2020,06/30/2023
SAMPLE HOSPITAL 1001,101000,AZ,READM-30-HF-HRRP,423,,0.9402,0.183,0.1946,77,07/01/2020,06/30/2023
SAMPLE HOSPITAL 1001,101000,AZ,READM-30-PN-HRRP,179,,1.0829,0.2433,0.2247,44,07/01/2020,06/30/2023
SAMPLE HOSPITAL 1001,101000,AZ,READM-30-AMI-HRRP,149,,1.0802,0.25,0.2314,37,07/01/2020,06/30/2023
SAMPLE HOSPITAL 1001,101000,AZ,READM-30-CABG-HRRP,291,,1.084,0.2264,0.2089,66,07/01/2020,06/30/2023
SAMPLE HOSPITAL 1002,101001,KY,READM-30-HF-HRRP,168,,0.8636,0.1296,0.1501,22,07/01/2020,06/30/2023
SAMPLE HOSPITAL 1002,101001,KY,READM-30-AMI-HRRP,326,,1.0555,0.1741,0.1649,57,07/01/2020,06/30/2023
SAMPLE HOSPITAL 1002,101001,KY,READM-30-HIP-KNEE-HRRP,139,,0.969,0.1433,0.1479,20,07/01/2020,06/30/2023
SAMPLE HOSPITAL 1002,101001,KY,READM-30-PN-HRRP,737,,0.9151,0.127,0.1388,94,07/01/2020,06/30/2023
SAMPLE HOSPITAL 1002,101001,KY,READM-30-COPD-HRRP,467,,0.9542,0.1445,0.1514,67,07/01/2020,06/30/2023
SAMPLE HOSPITAL 1002,101001,KY,READM-30-CABG-HRRP,181,,0.9557,0.146,0.1528,26,07/01/2020,06/30/2023
SAMPLE HOSPITAL 1003,101002,OK,READM-30-AMI-HRRP,92,,1.0654,0.1347,0.1264,12,07/01/2020,06/30/2023
SAMPLE HOSPITAL 1003,101002,OK,READM-30-HF-HRRP,808,,1.1177,0.2668,0.2387,216,07/01/2020,06/30/2023
SAMPLE HOSPITAL 1003,101002,OK,READM-30-PN-HRRP,243,,0.9096,0.145,0.1594,35,07/01/2020,06/30/2023
SAMPLE HOSPITAL 1003,101002,OK,READM-30-HIP-KNEE-HRRP,331,,1.0149,0.2284,0.225,76,07/01/2020,06/30/2023
SAMPLE HOSPITAL 1003,101002,OK,READM-30-COPD-HRRP,48,,0.9438,0.1754,0.1858,8,07/01/2020,06/30/2023
SAMPLE HOSPITAL 1004,101003,OH,READM-30-HF-HRRP,308,,1.0271,0.1865,0.1816,57,07/01/2020,06/30/2023
SAMPLE HOSPITAL 1004,101003,OH,READM-30-COPD-HRRP,78,,1.0455,0.2523,0.2413,20,07/01/2020,06/30/2023
SAMPLE HOSPITAL 1004,101003,OH,READM-30-AMI-HRRP,154,,1.0143,0.2572,0.2536,40,07/01/2020,06/30/2023
SAMPLE HOSPITAL 1004,101003,OH,READM-30-PN-HRRP,988,,0.9203,0.2058,0.2236,203,07/01/2020,06/30/2023
SAMPLE HOSPITAL 1004,101003,OH,READM-30-CABG-HRRP,202,,0.943,0.1679,0.1781,34,07/01/2020,06/30/2023
SAMPLE HOSPITAL 1004,101003,OH,READM-30-HIP-KNEE-HRRP,104,,0.9297,0.1599,0.172,17,07/01/2020,06/30/2023
SAMPLE HOSPITAL 1005,101004,CA,READM-30-CABG-HRRP,435,,0.9374,0.1541,0.1644,67,07/01/2020,06/30/2023
SAMPLE HOSPITAL 1005,101004,CA,READM-30-HIP-KNEE-HRRP,376,,0.9234,0.2003,0.2169,75,07/01/2020,06/30/2023
SAMPLE HOSPITAL 1005,101004,CA,READM-30-PN-HRRP,315,,0.9863,0.1548,0.157,49,07/01/2020,06/30/2023
SAMPLE HOSPITAL 1006,101005,NM,READM-30-CABG-HRRP,75,,0.9641,0.208,0.2157,16,07/01/2020,06/30/2023
SAMPLE HOSPITAL 1006,101005,NM,READM-30-HF-HRRP,304,,1.0611,0.1674,0.1578,51,07/01/2020,06/30/2023
SAMPLE HOSPITAL 1006,101005,NM,READM-30-AMI-HRRP,313,,1.0366,0.2236,0.2157,70,07/01/2020,06/30/2023
SAMPLE HOSPITAL 1006,101005,NM,READM-30-COPD-HRRP,145,,1.0722,0.2698,0.2516,39,07/01/2020,06/30/2023
SAMPLE HOSPITAL 1006,101005,NM,READM-30-PN-HRRP,122,,1.0548,0.2684,0.2545,33,07/01/2020,06/30/2023
SAMPLE HOSPITAL 1006,101005,NM,READM-30-HIP-KNEE-HRRP,197,,0.9808,0.1474,0.1503,29,07/01/2020,06/30/2023
SAMPLE HOSPITAL 1007,101006,IN,READM-30-HF-HRRP,151,,0.9475,0.2142,0.2261,32,07/01/2020,06/30/2023
SAMPLE HOSPITAL 1007,101006,IN,READM-30-HIP-KNEE-HRRP,181,,1.0108,0.1235,0.1222,22,07/01/2020,06/30/2023
SAMPLE HOSPITAL 1007,101006,IN,READM-30-CABG-HRRP,242,,0.9891,0.1823,0.1843,44,07/01/2020,06/30/2023
SAMPLE HOSPITAL 1007,101006,IN,READM-30-PN-HRRP,256,,0.9448,0.189,0.2,48,07/01/2020,06/30/2023
SAMPLE HOSPITAL 1007,101006,IN,READM-30-AMI-HRRP,340,,0.9778,0.2438,0.2493,83,07/01/2020,06/30/2023
SAMPLE HOSPITAL 1008,101007,OR,READM-30-PN-HRRP,186,,0.9865,0.2358,0.239,44,07/01/2020,06/30/2023
SAMPLE HOSPITAL 1008,101007,OR,READM-30-AMI-HRRP,170,,0.9228,0.1344,0.1456,23,07/01/2020,06/30/2023
SAMPLE HOSPITAL 1008,101007,OR,READM-30-HIP-KNEE-HRRP,373,,0.9851,0.1505,0.1528,56,07/01/2020,06/30/2023
SAMPLE HOSPITAL 1008,101007,OR,READM-30-COPD-HRRP,392,,1.0374,0.1981,0.191,78,07/01/2020,06/30/2023
SAMPLE HOSPITAL 1009,101008,MA,READM-30-AMI-HRRP,78,,0.9679,0.1815,0.1875,14,07/01/2020,06/30/2023
SAMPLE HOSPITAL 1009,101008,MA,READM-30-CABG-HRRP,54,,0.9851,0.1381,0.1402,7,07/01/2020,06/30/2023
SAMPLE HOSPITAL 1009,101008,MA,READM-30-COPD-HRRP,420,,0.8877,0.1093,0.1231,46,07/01/2020,06/30/2023
SAMPLE HOSPITAL 1009,101008,MA,READM-30-PN-HRRP,111,,0.9913,0.2341,0.2362,26,07/01/2020,06/30/2023
SAMPLE HOSPITAL 1010,101009,MA,READM-30-CABG-HRRP,108,,0.8555,0.1035,0.121,11,07/01/2020,06/30/2023
SAMPLE HOSPITAL 1010,101009,MA,READM-30-HIP-KNEE-HRRP,289,,0.9877,0.1811,0.1834,52,07/01/2020,06/30/2023
SAMPLE HOSPITAL 1010,101009,MA,READM-30-AMI-HRRP,64,,0.9346,0.1984,0.2123,13,07/01/2020,06/30/2023
SAMPLE HOSPITAL 1010,101009,MA,READM-30-HF-HRRP,587,,1.052,0.2158,0.2051,127,07/01/2020,06/30/2023
SAMPLE HOSPITAL 1010,101009,MA,READM-30-COPD-HRRP,273,,0.932,0.2198,0.2358,60,07/01/2020,06/30/2023
SAMPLE HOSPITAL 1011,101010,RI,READM-30-CABG-HRRP,84,,1.0157,0.2548,0.2509,21,07/01/2020,06/30/2023
SAMPLE HOSPITAL 1011,101010,RI,READM-30-PN-HRRP,377,,0.9758,0.195,0.1998,74,07/01/2020,06/30/2023
SAMPLE HOSPITAL 1011,101010,RI,READM-30-COPD-HRRP,478,,0.9969,0.2472,0.248,118,07/01/2020,06/30/2023
SAMPLE HOSPITAL 1011,101010,RI,READM-30-HF-HRRP,62,,1.0055,0.1257,0.125,8,07/01/2020,06/30/2023
SAMPLE HOSPITAL 1011,101010,RI,READM-30-AMI-HRRP,266,,1.0667,0.1973,0.185,52,07/01/2020,06/30/2023
SAMPLE HOSPITAL 1011,101010,RI,READM-30-HIP-KNEE-HRRP,141,,0.9021,0.1861,0.2063,26,07/01/2020,06/30/2023
SAMPLE HOSPITAL 1012,101011,UT,READM-30-COPD-HRRP,125,,0.9523,0.2474,0.2598,31,07/01/2020,06/30/2023
SAMPLE HOSPITAL 1012,101011,UT,READM-30-HF-HRRP,358,,0.9648,0.2046,0.2121,73,07/01/2020,06/30/2023
SAMPLE HOSPITAL 1012,101011,UT,READM-30-CABG-HRRP,352,,0.9442,0.1294,0.137,46,07/01/2020,06/30/2023
SAMPLE HOSPITAL 1012,101011,UT,READM-30-HIP-KNEE-HRRP,57,,0.8973,0.1203,0.1341,7,07/01/2020,06/30/2023
SAMPLE HOSPITAL 1012,101011,UT,READM-30-PN-HRRP,186,,0.9914,0.1358,0.137,25,07/01/2020,06/30/2023
SAMPLE HOSPITAL 1012,101011,UT,READM-30-AMI-HRRP,95,,0.9654,0.2253,0.2334,21,07/01/2020,06/30/2023
SAMPLE HOSPITAL 1013,101012,ID,READM-30-COPD-HRRP,90,,1.0398,0.1488,0.1431,13,07/01/2020,06/30/2023
SAMPLE HOSPITAL 1013,101012,ID,READM-30-AMI-HRRP,321,,1.1181,0.1464,0.1309,47,07/01/2020,06/30/2023
SAMPLE HOSPITAL 1013,101012,ID,READM-30-HIP-KNEE-HRRP,89,,1.05,0.2688,0.256,24,07/01/2020,06/30/2023
SAMPLE HOSPITAL 1013,101012,ID,READM-30-CABG-HRRP,335,,1.0002,0.2009,0.2009,67,07/01/2020,06/30/2023
SAMPLE HOSPITAL 1013,101012,ID,READM-30-PN-HRRP,421,,1.0909,0.1741,0.1596,73,07/01/2020,06/30/2023
SAMPLE HOSPITAL 1013,101012,ID,READM-30-HF-HRRP,96,,0.9162,0.1146,0.1251,11,07/01/2020,06/30/2023
SAMPLE HOSPITAL 1014,101013,AK,READM-30-AMI-HRRP,494,,1.002,0.216,0.2156,107,07/01/2020,06/30/2023
SAMPLE HOSPITAL 1014,101013,AK,READM-30-COPD-HRRP,255,,0.9259,0.1496,0.1616,38,07/01/2020,06/30/2023
SAMPLE HOSPITAL 1014,101013,AK,READM-30-HIP-KNEE-HRRP,246,,1.0599,0.2073,0.1956,51,07/01/2020,06/30/2023
SAMPLE HOSPITAL 1014,101013,AK,READM-30-HF-HRRP,852,,0.8665,0.206,0.2377,176,07/01/2020,06/30/2023
SAMPLE HOSPITAL 1015,101014,DE,READM-30-HIP-KNEE-HRRP,176,,0.9588,0.2031,0.2118,36,07/01/2020,06/30/2023
SAMPLE HOSPITAL 1015,101014,DE,READM-30-AMI-HRRP,78,,0.9307,0.2317,0.249,18,07/01/2020,06/30/2023
SAMPLE HOSPITAL 1015,101014,DE,READM-30-PN-HRRP,1237,,0.9152,0.1199,0.131,148,07/01/2020,06/30/2023
SAMPLE HOSPITAL 1015,101014,DE,READM-30-COPD-HRRP,499,,0.7823,0.1831,0.2341,91,07/01/2020,06/30/2023
SAMPLE HOSPITAL 1015,101014,DE,READM-30-CABG-HRRP,117,,0.9754,0.2025,0.2076,24,07/01/2020,06/30/2023
SAMPLE HOSPITAL 1016,101015,NH,READM-30-CABG-HRRP,361,,1.0084,0.1479,0.1467,53,07/01/2020,06/30/2023
SAMPLE HOSPITAL 1016,101015,NH,READM-30-HIP-KNEE-HRRP,293,,0.9568,0.1422,0.1486,42,07/01/2020,06/30/2023
SAMPLE HOSPITAL 1016,101015,NH,READM-30-HF-HRRP,162,,0.9137,0.1912,0.2093,31,07/01/2020,06/30/2023
SAMPLE HOSPITAL 1017,101016,GA,READM-30-AMI-HRRP,109,,0.951,0.2156,0.2267,24,07/01/2020,06/30/2023
SAMPLE HOSPITAL 1017,101016,GA,READM-30-COPD-HRRP,106,,0.9525,0.2335,0.2451,25,07/01/2020,06/30/2023
SAMPLE HOSPITAL 1017,101016,GA,READM-30-PN-HRRP,889,,0.981,0.2519,0.2568,224,07/01/2020,06/30/2023
SAMPLE HOSPITAL 1017,101016,GA,READM-30-HF-HRRP,161,,0.9778,0.145,0.1483,23,07/01/2020,06/30/2023
SAMPLE HOSPITAL 1018,101017,WY,READM-30-COPD-HRRP,167,,0.9678,0.1904,0.1967,32,07/01/2020,06/30/2023
SAMPLE HOSPITAL 1018,101017,WY,READM-30-CABG-HRRP,164,,1.0563,0.1914,0.1812,31,07/01/2020,06/30/2023
SAMPLE HOSPITAL 1018,101017,WY,READM-30-PN-HRRP,87,,1.0373,0.2221,0.2141,19,07/01/2020,06/30/2023
SAMPLE HOSPITAL 1018,101017,WY,READM-30-AMI-HRRP,28,,1.0091,0.1619,0.1604,5,07/01/2020,06/30/2023
SAMPLE HOSPITAL 1019,101018,WI,READM-30-AMI-HRRP,188,,1.0216,0.2365,0.2315,44,07/01/2020,06/30/2023
SAMPLE HOSPITAL 1019,101018,WI,READM-30-HF-HRRP,281,,1.007,0.1691,0.1679,48,07/01/2020,06/30/2023
SAMPLE HOSPITAL 1019,101018,WI,READM-30-PN-HRRP,206,,1.0242,0.1247,0.1218,26,07/01/2020,06/30/2023
SAMPLE HOSPITAL 1019,101018,WI,READM-30-HIP-KNEE-HRRP,87,,1.0244,0.2104,0.2054,18,07/01/2020,06/30/2023
SAMPLE HOSPITAL 1019,101018,WI,READM-30-CABG-HRRP,76,,1.1506,0.2952,0.2566,22,07/01/2020,06/30/2023
SAMPLE HOSPITAL 1020,101019,CT,READM-30-HIP-KNEE-HRRP,1040,,1.048,0.1471,0.1404,153,07/01/2020,06/30/2023
SAMPLE HOSPITAL 1020,101019,CT,READM-30-PN-HRRP,68,,0.9449,0.1456,0.1541,10,07/01/2020,06/30/2023
SAMPLE HOSPITAL 1020,101019,CT,READM-30-COPD-HRRP,71,,0.9925,0.2327,0.2345,17,07/01/2020,06/30/2023
SAMPLE HOSPITAL 1020,101019,CT,READM-30-CABG-HRRP,143,,0.9571,0.1306,0.1365,19,07/01/2020,06/30/2023
SAMPLE HOSPITAL 1020,101019,CT,READM-30-HF-HRRP,135,,0.9943,0.2088,0.21,28,07/01/2020,06/30/2023
SAMPLE HOSPITAL 1021,101020,IA,READM-30-COPD-HRRP,40,,0.9417,0.1943,0.2063,8,07/01/2020,06/30/2023
SAMPLE HOSPITAL 1021,101020,IA,READM-30-HIP-KNEE-HRRP,109,,1.0209,0.1898,0.1859,21,07/01/2020,06/30/2023
SAMPLE HOSPITAL 1021,101020,IA,READM-30-AMI-HRRP,110,,0.9336,0.1166,0.1249,13,07/01/2020,06/30/2023
SAMPLE HOSPITAL 1021,101020,IA,READM-30-PN-HRRP,476,,0.9431,0.2009,0.213,96,07/01/2020,06/30/2023
SAMPLE HOSPITAL 1021,101020,IA,READM-30-HF-HRRP,1233,,0.9469,0.2189,0.2312,270,07/01/2020,06/30/2023
SAMPLE HOSPITAL 1021,101020,IA,READM-30-CABG-HRRP,135,,0.8846,0.1397,0.1579,19,07/01/2020,06/30/2023
SAMPLE HOSPITAL 1022,101021,AL,READM-30-HF-HRRP,142,,1.0778,0.2174,0.2017,31,07/01/2020,06/30/2023
SAMPLE HOSPITAL 1022,101021,AL,READM-30-CABG-HRRP,66,,0.8844,0.1236,0.1397,8,07/01/2020,06/30/2023
SAMPLE HOSPITAL 1022,101021,AL,READM-30-HIP-KNEE-HRRP,248,,0.9278,0.2247,0.2422,56,07/01/2020,06/30/2023
SAMPLE HOSPITAL 1023,101022,VA,READM-30-PN-HRRP,235,,0.9869,0.2077,0.2105,49,07/01/2020,06/30/2023
SAMPLE HOSPITAL 1023,101022,VA,READM-30-CABG-HRRP,210,,0.9818,0.1775,0.1808,37,07/01/2020,06/30/2023
SAMPLE HOSPITAL 1023,101022,VA,READM-30-HIP-KNEE-HRRP,277,,0.9656,0.1843,0.1909,51,07/01/2020,06/30/2023
SAMPLE HOSPITAL 1023,101022,VA,READM-30-COPD-HRRP,303,,1.0397,0.1754,0.1687,53,07/01/2020,06/30/2023
SAMPLE HOSPITAL 1024,101023,MN,READM-30-AMI-HRRP,638,,0.8842,0.2166,0.245,138,07/01/2020,06/30/2023
SAMPLE HOSPITAL 1024,101023,MN,READM-30-HIP-KNEE-HRRP,25,,0.9419,0.1959,0.208,5,07/01/2020,06/30/2023
SAMPLE HOSPITAL 1024,101023,MN,READM-30-COPD-HRRP,470,,1.0021,0.2156,0.2151,101,07/01/2020,06/30/2023
SAMPLE HOSPITAL 1024,101023,MN,READM-30-HF-HRRP,90,,0.9812,0.1656,0.1688,15,07/01/2020,06/30/2023
SAMPLE HOSPITAL 1025,101024,VA,READM-30-AMI-HRRP,359,,0.9872,0.155,0.157,56,07/01/2020,06/30/2023
SAMPLE HOSPITAL 1025,101024,VA,READM-30-PN-HRRP,97,,0.9623,0.1989,0.2067,19,07/01/2020,06/30/2023
SAMPLE HOSPITAL 1025,101024,VA,READM-30-COPD-HRRP,41,,1.0154,0.2094,0.2062,9,07/01/2020,06/30/2023
SAMPLE HOSPITAL 1025,101024,VA,READM-30-HF-HRRP,388,,0.9355,0.2039,0.218,79,07/01/2020,06/30/2023
SAMPLE HOSPITAL 1025,101024,VA,READM-30-CABG-HRRP,238,,1.0115,0.2374,0.2347,57,07/01/2020,06/30/2023
SAMPLE HOSPITAL 1026,101025,SD,READM-30-COPD-HRRP,111,,1.0003,0.1913,0.1912,21,07/01/2020,06/30/2023
SAMPLE HOSPITAL 1026,101025,SD,READM-30-PN-HRRP,36,,1.0544,0.1868,0.1772,7,07/01/2020,06/30/2023
SAMPLE HOSPITAL 1026,101025,SD,READM-30-CABG-HRRP,238,,0.8798,0.1402,0.1593,33,07/01/2020,06/30/2023
SAMPLE HOSPITAL 1026,101025,SD,READM-30-HF-HRRP,225,,0.8927,0.1264,0.1416,28,07/01/2020,06/30/2023
SAMPLE HOSPITAL 1026,101025,SD,READM-30-HIP-KNEE-HRRP,125,,0.9682,0.2393,0.2472,30,07/01/2020,06/30/2023
SAMPLE HOSPITAL 1026,101025,SD,READM-30-AMI-HRRP,60,,0.9762,0.2147,0.2199,13,07/01/2020,06/30/2023
SAMPLE HOSPITAL 1027,101026,ME,READM-30-PN-HRRP,161,,0.953,0.2077,0.2179,33,07/01/2020,06/30/2023
SAMPLE HOSPITAL 1027,101026,ME,READM-30-CABG-HRRP,Too Few to Report,1,Too Few to Report,,,,07/01/2020,06/30/2023
SAMPLE HOSPITAL 1027,101026,ME,READM-30-COPD-HRRP,155,,0.9949,0.1257,0.1263,19,07/01/2020,06/30/2023
SAMPLE HOSPITAL 1027,101026,ME,READM-30-HF-HRRP,31,,0.9742,0.2438,0.2503,8,07/01/2020,06/30/2023
SAMPLE HOSPITAL 1028,101027,OK,READM-30-PN-HRRP,820,,0.9969,0.2073,0.2079,170,07/01/2020,06/30/2023
SAMPLE HOSPITAL 1028,101027,OK,READM-30-COPD-HRRP,320,,0.9058,0.1482,0.1636,47,07/01/2020,06/30/2023
SAMPLE HOSPITAL 1028,101027,OK,READM-30-CABG-HRRP,42,,1.0067,0.1905,0.1892,8,07/01/2020,06/30/2023
SAMPLE HOSPITAL 1029,101028,MD,READM-30-CABG-HRRP,442,,0.993,0.2376,0.2393,105,07/01/2020,06/30/2023
SAMPLE HOSPITAL 1029,101028,MD,READM-30-COPD-HRRP,375,,0.9758,0.1402,0.1437,53,07/01/2020,06/30/2023
SAMPLE HOSPITAL 1029,101028,MD,READM-30-PN-HRRP,87,,0.9547,0.1813,0.1899,16,07/01/2020,06/30/2023
SAMPLE HOSPITAL 1030,101029,CT,READM-30-AMI-HRRP,648,,1.052,0.1603,0.1524,104,07/01/2020,06/30/2023
SAMPLE HOSPITAL 1030,101029,CT,READM-30-PN-HRRP,236,,0.9874,0.2472,0.2504,58,07/01/2020,06/30/2023
SAMPLE HOSPITAL 1030,101029,CT,READM-30-HF-HRRP,626,,0.932,0.1764,0.1893,110,07/01/2020,06/30/2023
SAMPLE HOSPITAL 1030,101029,CT,READM-30-CABG-HRRP,85,,1.0138,0.1584,0.1562,13,07/01/2020,06/30/2023
SAMPLE HOSPITAL 1031,101030,TX,READM-30-PN-HRRP,100,,1.0395,0.2286,0.2199,23,07/01/2020,06/30/2023
SAMPLE HOSPITAL 1031,101030,TX,READM-30-COPD-HRRP,277,,1.0715,0.2159,0.2015,60,07/01/2020,06/30/2023
SAMPLE HOSPITAL 1031,101030,TX,READM-30-HIP-KNEE-HRRP,277,,1.144,0.2477,0.2165,69,07/01/2020,06/30/2023
SAMPLE HOSPITAL 1031,101030,TX,READM-30-CABG-HRRP,212,,0.9641,0.2383,0.2472,51,07/01/2020,06/30/2023
SAMPLE HOSPITAL 1031,101030,TX,READM-30-AMI-HRRP,152,,1.0632,0.2057,0.1935,31,07/01/2020,06/30/2023
SAMPLE HOSPITAL 1031,101030,TX,READM-30-HF-HRRP,37,,1.0769,0.2265,0.2103,8,07/01/2020,06/30/2023
SAMPLE HOSPITAL 1032,101031,UT,READM-30-CABG-HRRP,205,,0.9831,0.1856,0.1888,38,07/01/2020,06/30/2023
SAMPLE HOSPITAL 1032,101031,UT,READM-30-HF-HRRP,327,,1.0281,0.1247,0.1213,41,07/01/2020,06/30/2023
SAMPLE HOSPITAL 1032,101031,UT,READM-30-HIP-KNEE-HRRP,96,,0.8561,0.2204,0.2574,21,07/01/2020,06/30/2023
SAMPLE HOSPITAL 1033,101032,NH,READM-30-CABG-HRRP,219,,0.9628,0.1922,0.1996,42,07/01/2020,06/30/2023
SAMPLE HOSPITAL 1033,101032,NH,READM-30-COPD-HRRP,276,,0.9534,0.1969,0.2065,54,07/01/2020,06/30/2023
SAMPLE HOSPITAL 1033,101032,NH,READM-30-AMI-HRRP,540,,0.9705,0.1223,0.126,66,07/01/2020,06/30/2023
SAMPLE HOSPITAL 1034,101033,NE,READM-30-AMI-HRRP,191,,0.9906,0.215,0.217,41,07/01/2020,06/30/2023
SAMPLE HOSPITAL 1034,101033,NE,READM-30-CABG-HRRP,68,,1.0004,0.1305,0.1304,9,07/01/2020,06/30/2023
SAMPLE HOSPITAL 1034,101033,NE,READM-30-PN-HRRP,120,,1.1542,0.2476,0.2145,30,07/01/2020,06/30/2023
SAMPLE HOSPITAL 1034,101033,NE,READM-30-HF-HRRP,95,,0.9703,0.1734,0.1787,16,07/01/2020,06/30/2023
SAMPLE HOSPITAL 1035,101034,MO,READM-30-COPD-HRRP,240,,1.109,0.1819,0.164,44,07/01/2020,06/30/2023
SAMPLE HOSPITAL 1035,101034,MO,READM-30-CABG-HRRP,1698,,1.136,0.2195,0.1932,373,07/01/2020,06/30/2023
SAMPLE HOSPITAL 1035,101034,MO,READM-30-AMI-HRRP,302,,1.0429,0.2286,0.2192,69,07/01/2020,06/30/2023
SAMPLE HOSPITAL 1036,101035,OH,READM-30-HIP-KNEE-HRRP,181,,1.035,0.2341,0.2262,42,07/01/2020,06/30/2023
SAMPLE HOSPITAL 1036,101035,OH,READM-30-AMI-HRRP,147,,1.0969,0.1836,0.1674,27,07/01/2020,06/30/2023
SAMPLE HOSPITAL 1036,101035,OH,READM-30-HF-HRRP,Too Few to Report,1,Too Few to Report,,,,07/01/2020,06/30/2023
SAMPLE HOSPITAL 1036,101035,OH,READM-30-PN-HRRP,109,,1.035,0.2327,0.2248,25,07/01/2020,06/30/2023
SAMPLE HOSPITAL 1036,101035,OH,READM-30-CABG-HRRP,486,,0.9447,0.2208,0.2337,107,07/01/2020,06/30/2023
SAMPLE HOSPITAL 1037,101036,AL,READM-30-AMI-HRRP,106,,0.9487,0.1365,0.1439,14,07/01/2020,06/30/2023
SAMPLE HOSPITAL 1037,101036,AL,READM-30-CABG-HRRP,55,,0.9079,0.1601,0.1763,9,07/01/2020,06/30/2023
SAMPLE HOSPITAL 1037,101036,AL,READM-30-COPD-HRRP,106,,0.9648,0.2396,0.2483,25,07/01/2020,06/30/2023
SAMPLE HOSPITAL 1038,101037,WV,READM-30-HF-HRRP,35,,1.054,0.1558,0.1478,5,07/01/2020,06/30/2023
SAMPLE HOSPITAL 1038,101037,WV,READM-30-PN-HRRP,117,,0.9482,0.1581,0.1667,18,07/01/2020,06/30/2023
SAMPLE HOSPITAL 1038,101037,WV,READM-30-CABG-HRRP,137,,1.0913,0.2388,0.2188,33,07/01/2020,06/30/2023
SAMPLE HOSPITAL 1038,101037,WV,READM-30-AMI-HRRP,121,,1.0487,0.1519,0.1448,18,07/01/2020,06/30/2023
SAMPLE HOSPITAL 1038,101037,WV,READM-30-COPD-HRRP,326,,1.0004,0.1374,0.1373,45,07/01/2020,06/30/2023
SAMPLE HOSPITAL 1038,101037,WV,READM-30-HIP-KNEE-HRRP,Too Few to Report,1,Too Few to Report,,,,07/01/2020,06/30/2023
SAMPLE HOSPITAL 1039,101038,AK,READM-30-COPD-HRRP,172,,1.0633,0.2072,0.1949,36,07/01/2020,06/30/2023
SAMPLE HOSPITAL 1039,101038,AK,READM-30-PN-HRRP,197,,1.0072,0.1396,0.1386,28,07/01/2020,06/30/2023
SAMPLE HOSPITAL 1039,101038,AK,READM-30-AMI-HRRP,307,,1.2129,0.2084,0.1718,64,07/01/2020,06/30/2023
SAMPLE HOSPITAL 1039,101038,AK,READM-30-CABG-HRRP,70,,1.0808,0.263,0.2433,18,07/01/2020,06/30/2023
SAMPLE HOSPITAL 1040,101039,MA,READM-30-AMI-HRRP,372,,0.9834,0.2502,0.2544,93,07/01/2020,06/30/2023
SAMPLE HOSPITAL 1040,101039,MA,READM-30-HIP-KNEE-HRRP,205,,0.9952,0.1994,0.2004,41,07/01/2020,06/30/2023
SAMPLE HOSPITAL 1040,101039,MA,READM-30-PN-HRRP,168,,0.9611,0.2241,0.2332,38,07/01/2020,06/30/2023
SAMPLE HOSPITAL 1040,101039,MA,READM-30-HF-HRRP,321,,0.952,0.2412,0.2534,77,07/01/2020,06/30/2023
SAMPLE HOSPITAL 1041,101040,NE,READM-30-AMI-HRRP,244,,0.9845,0.2345,0.2382,57,07/01/2020,06/30/2023
SAMPLE HOSPITAL 1041,101040,NE,READM-30-PN-HRRP,260,,0.8946,0.1299,0.1452,34,07/01/2020,06/30/2023
SAMPLE HOSPITAL 1041,101040,NE,READM-30-HIP-KNEE-HRRP,179,,0.9753,0.2515,0.2579,45,07/01/2020,06/30/2023
SAMPLE HOSPITAL 1041,101040,NE,READM-30-HF-HRRP,202,,1.0266,0.2638,0.257,53,07/01/2020,06/30/2023
SAMPLE HOSPITAL 1041,101040,NE,READM-30-COPD-HRRP,291,,1.0264,0.1961,0.1911,57,07/01/2020,06/30/2023
SAMPLE HOSPITAL 1041,101040,NE,READM-30-CABG-HRRP,340,,1.0279,0.2307,0.2244,78,07/01/2020,06/30/2023
SAMPLE HOSPITAL 1042,101041,NH,READM-30-HF-HRRP,304,,0.9698,0.1381,0.1424,42,07/01/2020,06/30/2023
SAMPLE HOSPITAL 1042,101041,NH,READM-30-COPD-HRRP,613,,0.9943,0.1883,0.1894,115,07/01/2020,06/30/2023
SAMPLE HOSPITAL 1042,101041,NH,READM-30-CABG-HRRP,117,,1.0468,0.2255,0.2154,26,07/01/2020,06/30/2023
SAMPLE HOSPITAL 1042,101041,NH,READM-30-AMI-HRRP,100,,1.111,0.2773,0.2496,28,07/01/2020,06/30/2023
SAMPLE HOSPITAL 1042,101041,NH,READM-30-PN-HRRP,121,,0.9842,0.1467,0.1491,18,07/01/2020,06/30/2023
SAMPLE HOSPITAL 1043,101042,CT,READM-30-HIP-KNEE-HRRP,171,,0.9897,0.1887,0.1907,32,07/01/2020,06/30/2023
SAMPLE HOSPITAL 1043,101042,CT,READM-30-PN-HRRP,157,,1.038,0.1636,0.1576,26,07/01/2020,06/30/2023
SAMPLE HOSPITAL 1043,101042,CT,READM-30-HF-HRRP,184,,0.8755,0.1694,0.1935,31,07/01/2020,06/30/2023
SAMPLE HOSPITAL 1044,101043,AR,READM-30-COPD-HRRP,46,,0.9487,0.1356,0.1429,6,07/01/2020,06/30/2023
SAMPLE HOSPITAL 1044,101043,AR,READM-30-PN-HRRP,62,,1.0251,0.2004,0.1955,12,07/01/2020,06/30/2023
SAMPLE HOSPITAL 1044,101043,AR,READM-30-AMI-HRRP,173,,1.0424,0.1592,0.1527,28,07/01/2020,06/30/2023
SAMPLE HOSPITAL 1044,101043,AR,READM-30-HF-HRRP,201,,1.0232,0.1631,0.1594,33,07/01/2020,06/30/2023
SAMPLE HOSPITAL 1045,101044,WI,READM-30-CABG-HRRP,88,,1.0117,0.2148,0.2123,19,07/01/2020,06/30/2023
SAMPLE HOSPITAL 1045,101044,WI,READM-30-COPD-HRRP,396,,1.074,0.1831,0.1705,73,07/01/2020,06/30/2023
SAMPLE HOSPITAL 1045,101044,WI,READM-30-HF-HRRP,80,,1.0979,0.2789,0.254,22,07/01/2020,06/30/2023
SAMPLE HOSPITAL 1045,101044,WI,READM-30-AMI-HRRP,1197,,0.9678,0.1407,0.1454,168,07/01/2020,06/30/2023
SAMPLE HOSPITAL 1045,101044,WI,READM-30-HIP-KNEE-HRRP,41,,0.9476,0.2432,0.2567,10,07/01/2020,06/30/2023
SAMPLE HOSPITAL 1045,101044,WI,READM-30-PN-HRRP,28,,0.9601,0.1859,0.1936,5,07/01/2020,06/30/2023
SAMPLE HOSPITAL 1046,101045,CT,READM-30-HIP-KNEE-HRRP,498,,1.0602,0.1645,0.1552,82,07/01/2020,06/30/2023
SAMPLE HOSPITAL 1046,101045,CT,READM-30-HF-HRRP,609,,0.9781,0.2455,0.251,150,07/01/2020,06/30/2023
SAMPLE HOSPITAL 1046,101045,CT,READM-30-CABG-HRRP,322,,1.1055,0.2529,0.2288,81,07/01/2020,06/30/2023
SAMPLE HOSPITAL 1046,101045,CT,READM-30-COPD-HRRP,518,,1.0309,0.1735,0.1683,90,07/01/2020,06/30/2023
SAMPLE HOSPITAL 1046,101045,CT,READM-30-AMI-HRRP,474,,1.0042,0.2028,0.202,96,07/01/2020,06/30/2023
SAMPLE HOSPITAL 1047,101046,FL,READM-30-CABG-HRRP,160,,1.0884,0.1569,0.1442,25,07/01/2020,06/30/2023
SAMPLE HOSPITAL 1047,101046,FL,READM-30-HF-HRRP,312,,1.0602,0.1786,0.1685,56,07/01/2020,06/30/2023
SAMPLE HOSPITAL 1047,101046,FL,READM-30-COPD-HRRP,484,,1.0374,0.2001,0.1929,97,07/01/2020,06/30/2023
SAMPLE HOSPITAL 1047,101046,FL,READM-30-PN-HRRP,1048,,0.99,0.2482,0.2507,260,07/01/2020,06/30/2023
SAMPLE HOSPITAL 1047,101046,FL,READM-30-AMI-HRRP,431,,0.962,0.2142,0.2227,92,07/01/2020,06/30/2023
SAMPLE HOSPITAL 1048,101047,ND,READM-30-COPD-HRRP,1218,,1.0242,0.2335,0.228,284,07/01/2020,06/30/2023
SAMPLE HOSPITAL 1048,101047,ND,READM-30-AMI-HRRP,150,,0.8568,0.1184,0.1382,18,07/01/2020,06/30/2023
SAMPLE HOSPITAL 1048,101047,ND,READM-30-PN-HRRP,31,,1.1506,0.1928,0.1676,6,07/01/2020,06/30/2023
SAMPLE HOSPITAL 1049,101048,NM,READM-30-CABG-HRRP,207,,1.0577,0.195,0.1844,40,07/01/2020,06/30/2023
SAMPLE HOSPITAL 1049,101048,NM,READM-30-PN-HRRP,251,,1.0018,0.1704,0.1701,43,07/01/2020,06/30/2023
SAMPLE HOSPITAL 1049,101048,NM,READM-30-COPD-HRRP,74,,1.0867,0.2759,0.2539,20,07/01/2020,06/30/2023
SAMPLE HOSPITAL 1049,101048,NM,READM-30-AMI-HRRP,398,,1.0203,0.2003,0.1963,80,07/01/2020,06/30/2023
SAMPLE HOSPITAL 1049,101048,NM,READM-30-HF-HRRP,101,,1.1235,0.1995,0.1776,20,07/01/2020,06/30/2023
SAMPLE HOSPITAL 1049,101048,NM,READM-30-HIP-KNEE-HRRP,105,,1.0222,0.2356,0.2305,25,07/01/2020,06/30/2023
SAMPLE HOSPITAL 1050,101049,AL,READM-30-CABG-HRRP,176,,0.8646,0.1754,0.2029,31,07/01/2020,06/30/2023
SAMPLE HOSPITAL 1050,101049,AL,READM-30-HF-HRRP,61,,1.0722,0.2778,0.2591,17,07/01/2020,06/30/2023
SAMPLE HOSPITAL 1050,101049,AL,READM-30-HIP-KNEE-HRRP,63,,1.0158,0.2584,0.2544,16,07/01/2020,06/30/2023
SAMPLE HOSPITAL 1051,101050,OH,READM-30-COPD-HRRP,263,,1.06,0.2636,0.2487,69,07/01/2020,06/30/2023
SAMPLE HOSPITAL 1051,101050,OH,READM-30-HF-HRRP,361,,1.0663,0.2757,0.2586,100,07/01/2020,06/30/2023
SAMPLE HOSPITAL 1051,101050,OH,READM-30-PN-HRRP,715,,1.0507,0.2595,0.247,186,07/01/2020,06/30/2023
SAMPLE HOSPITAL 1051,101050,OH,READM-30-CABG-HRRP,153,,1.0282,0.1406,0.1367,22,07/01/2020,06/30/2023
SAMPLE HOSPITAL 1052,101051,SD,READM-30-AMI-HRRP,145,,1.0286,0.1981,0.1926,29,07/01/2020,06/30/2023
SAMPLE HOSPITAL 1052,101051,SD,READM-30-COPD-HRRP,235,,0.9874,0.1957,0.1982,46,07/01/2020,06/30/2023
SAMPLE HOSPITAL 1052,101051,SD,READM-30-HF-HRRP,270,,1.0192,0.1606,0.1576,43,07/01/2020,06/30/2023
SAMPLE HOSPITAL 1052,101051,SD,READM-30-CABG-HRRP,454,,0.9134,0.2009,0.2199,91,07/01/2020,06/30/2023
SAMPLE HOSPITAL 1053,101052,CA,READM-30-HIP-KNEE-HRRP,101,,0.9704,0.1795,0.185,18,07/01/2020,06/30/2023
SAMPLE HOSPITAL 1053,101052,CA,READM-30-CABG-HRRP,235,,0.8823,0.1856,0.2104,44,07/01/2020,06/30/2023
SAMPLE HOSPITAL 1053,101052,CA,READM-30-HF-HRRP,1406,,0.9929,0.1413,0.1423,199,07/01/2020,06/30/2023
SAMPLE HOSPITAL 1054,101053,MI,READM-30-COPD-HRRP,2433,,0.9267,0.1345,0.1451,327,07/01/2020,06/30/2023
SAMPLE HOSPITAL 1054,101053,MI,READM-30-CABG-HRRP,164,,0.9705,0.1594,0.1642,26,07/01/2020,06/30/2023
SAMPLE HOSPITAL 1054,101053,MI,READM-30-HIP-KNEE-HRRP,348,,0.9454,0.1877,0.1985,65,07/01/2020,06/30/2023
SAMPLE HOSPITAL 1055,101054,IN,READM-30-COPD-HRRP,1735,,0.9545,0.2462,0.2579,427,07/01/2020,06/30/2023
SAMPLE HOSPITAL 1055,101054,IN,READM-30-HIP-KNEE-HRRP,584,,0.9086,0.1329,0.1463,78,07/01/2020,06/30/2023
SAMPLE HOSPITAL 1055,101054,IN,READM-30-HF-HRRP,78,,0.9998,0.1335,0.1335,10,07/01/2020,06/30/2023
SAMPLE HOSPITAL 1056,101055,FL,READM-30-COPD-HRRP,188,,1.0259,0.1903,0.1855,36,07/01/2020,06/30/2023
SAMPLE HOSPITAL 1056,101055,FL,READM-30-HIP-KNEE-HRRP,106,,0.9792,0.1608,0.1642,17,07/01/2020,06/30/2023
SAMPLE HOSPITAL 1056,101055,FL,READM-30-AMI-HRRP,350,,0.9938,0.1576,0.1586,55,07/01/2020,06/30/2023
SAMPLE HOSPITAL 1056,101055,FL,READM-30-PN-HRRP,219,,0.9485,0.2208,0.2328,48,07/01/2020,06/30/2023
SAMPLE HOSPITAL 1056,101055,FL,READM-30-CABG-HRRP,166,,0.9825,0.197,0.2005,33,07/01/2020,06/30/2023
SAMPLE HOSPITAL 1057,101056,MN,READM-30-HF-HRRP,456,,1.0493,0.1485,0.1415,68,07/01/2020,06/30/2023
SAMPLE HOSPITAL 1057,101056,MN,READM-30-COPD-HRRP,99,,0.9702,0.2251,0.232,22,07/01/2020,06/30/2023
SAMPLE HOSPITAL 1057,101056,MN,READM-30-PN-HRRP,38,,1.0018,0.2438,0.2434,9,07/01/2020,06/30/2023
SAMPLE HOSPITAL 1057,101056,MN,READM-30-HIP-KNEE-HRRP,569,,1.1443,0.2167,0.1894,123,07/01/2020,06/30/2023
SAMPLE HOSPITAL 1057,101056,MN,READM-30-AMI-HRRP,581,,1.0284,0.2422,0.2355,141,07/01/2020,06/30/2023
SAMPLE HOSPITAL 1057,101056,MN,READM-30-CABG-HRRP,600,,1.0161,0.2572,0.2531,154,07/01/2020,06/30/2023
SAMPLE HOSPITAL 1058,101057,VA,READM-30-HIP-KNEE-HRRP,80,,0.9318,0.1717,0.1843,14,07/01/2020,06/30/2023
SAMPLE HOSPITAL 1058,101057,VA,READM-30-COPD-HRRP,734,,0.9864,0.2248,0.2279,165,07/01/2020,06/30/2023
SAMPLE HOSPITAL 1058,101057,VA,READM-30-PN-HRRP,991,,1.0712,0.2684,0.2506,266,07/01/2020,06/30/2023
SAMPLE HOSPITAL 1058,101057,VA,READM-30-HF-HRRP,322,,1.0021,0.2168,0.2163,70,07/01/2020,06/30/2023
SAMPLE HOSPITAL 1058,101057,VA,READM-30-AMI-HRRP,342,,1.0283,0.204,0.1984,70,07/01/2020,06/30/2023
SAMPLE HOSPITAL 1059,101058,NJ,READM-30-CABG-HRRP,285,,0.9604,0.134,0.1395,38,07/01/2020,06/30/2023
SAMPLE HOSPITAL 1059,101058,NJ,READM-30-AMI-HRRP,243,,0.9749,0.1802,0.1848,44,07/01/2020,06/30/2023
SAMPLE HOSPITAL 1059,101058,NJ,READM-30-COPD-HRRP,226,,1.0532,0.1773,0.1683,40,07/01/2020,06/30/2023
SAMPLE HOSPITAL 1059,101058,NJ,READM-30-PN-HRRP,75,,0.9953,0.2522,0.2534,19,07/01/2020,06/30/2023
SAMPLE HOSPITAL 1059,101058,NJ,READM-30-HIP-KNEE-HRRP,359,,1.0081,0.1897,0.1882,68,07/01/2020,06/30/2023
SAMPLE HOSPITAL 1061,101060,RI,READM-30-CABG-HRRP,155,,0.9679,0.1963,0.2028,30,07/01/2020,06/30/2023
SAMPLE HOSPITAL 1061,101060,RI,READM-30-COPD-HRRP,328,,1.04,0.1895,0.1822,62,07/01/2020,06/30/2023
SAMPLE HOSPITAL 1061,101060,RI,READM-30-AMI-HRRP,Too Few to Report,1,Too Few to Report,,,,07/01/2020,06/30/2023
SAMPLE HOSPITAL 1062,101061,OR,READM-30-COPD-HRRP,209,,1.0284,0.1657,0.1611,35,07/01/2020,06/30/2023
SAMPLE HOSPITAL 1062,101061,OR,READM-30-PN-HRRP,Too Few to Report,1,Too Few to Report,,,,07/01/2020,06/30/2023
SAMPLE HOSPITAL 1062,101061,OR,READM-30-HF-HRRP,184,,0.9472,0.1997,0.2108,37,07/01/2020,06/30/2023
SAMPLE HOSPITAL 1063,101062,AZ,READM-30-HF-HRRP,31,,1.0147,0.2501,0.2465,8,07/01/2020,06/30/2023
SAMPLE HOSPITAL 1063,101062,AZ,READM-30-AMI-HRRP,147,,0.8922,0.1362,0.1527,20,07/01/2020,06/30/2023
SAMPLE HOSPITAL 1063,101062,AZ,READM-30-COPD-HRRP,1140,,1.0026,0.2193,0.2187,250,07/01/2020,06/30/2023
SAMPLE HOSPITAL 1063,101062,AZ,READM-30-HIP-KNEE-HRRP,1475,,1.0224,0.265,0.2592,391,07/01/2020,06/30/2023
SAMPLE HOSPITAL 1064,101063,AR,READM-30-AMI-HRRP,59,,0.9649,0.1417,0.1469,8,07/01/2020,06/30/2023
SAMPLE HOSPITAL 1064,101063,AR,READM-30-CABG-HRRP,215,,0.9242,0.1561,0.1689,34,07/01/2020,06/30/2023
SAMPLE HOSPITAL 1064,101063,AR,READM-30-HIP-KNEE-HRRP,185,,0.9939,0.2213,0.2227,41,07/01/2020,06/30/2023
SAMPLE HOSPITAL 1065,101064,VA,READM-30-CABG-HRRP,252,,1.1593,0.1574,0.1358,40,07/01/2020,06/30/2023
SAMPLE HOSPITAL 1065,101064,VA,READM-30-HIP-KNEE-HRRP,65,,1.0361,0.2348,0.2266,15,07/01/2020,06/30/2023
SAMPLE HOSPITAL 1065,101064,VA,READM-30-HF-HRRP,200,,0.995,0.2256,0.2267,45,07/01/2020,06/30/2023
SAMPLE HOSPITAL 1065,101064,VA,READM-30-PN-HRRP,336,,1.057,0.1406,0.133,47,07/01/2020,06/30/2023
SAMPLE HOSPITAL 1065,101064,VA,READM-30-COPD-HRRP,68,,0.984,0.1249,0.1269,8,07/01/2020,06/30/2023
SAMPLE HOSPITAL 1065,101064,VA,READM-30-AMI-HRRP,451,,1.007,0.1682,0.167,76,07/01/2020,06/30/2023
SAMPLE HOSPITAL 1066,101065,CA,READM-30-PN-HRRP,126,,1.1013,0.1632,0.1482,21,07/01/2020,06/30/2023
SAMPLE HOSPITAL 1066,101065,CA,READM-30-COPD-HRRP,1289,,0.971,0.1324,0.1364,171,07/01/2020,06/30/2023
SAMPLE HOSPITAL 1066,101065,CA,READM-30-CABG-HRRP,172,,1.0751,0.2522,0.2346,43,07/01/2020,06/30/2023
SAMPLE HOSPITAL 1066,101065,CA,READM-30-AMI-HRRP,156,,0.9399,0.1396,0.1485,22,07/01/2020,06/30/2023
SAMPLE HOSPITAL 1066,101065,CA,READM-30-HIP-KNEE-HRRP,150,,0.9977,0.1582,0.1586,24,07/01/2020,06/30/2023
SAMPLE HOSPITAL 1067,101066,ID,READM-30-COPD-HRRP,106,,1.0304,0.2462,0.2389,26,07/01/2020,06/30/2023
SAMPLE HOSPITAL 1067,101066,ID,READM-30-HIP-KNEE-HRRP,1816,,1.1213,0.1662,0.1482,302,07/01/2020,06/30/2023
SAMPLE HOSPITAL 1067,101066,ID,READM-30-PN-HRRP,82,,0.9345,0.2365,0.2531,19,07/01/2020,06/30/2023
SAMPLE HOSPITAL 1067,101066,ID,READM-30-CABG-HRRP,97,,0.9675,0.2391,0.2471,23,07/01/2020,06/30/2023
SAMPLE HOSPITAL 1067,101066,ID,READM-30-HF-HRRP,133,,0.9458,0.1456,0.1539,19,07/01/2020,06/30/2023
SAMPLE HOSPITAL 1068,101067,ID,READM-30-AMI-HRRP,185,,0.9239,0.1512,0.1637,28,07/01/2020,06/30/2023
SAMPLE HOSPITAL 1068,101067,ID,READM-30-HIP-KNEE-HRRP,176,,1.0424,0.1992,0.1911,35,07/01/2020,06/30/2023
SAMPLE HOSPITAL 1068,101067,ID,READM-30-CABG-HRRP,557,,0.9666,0.119,0.1231,66,07/01/2020,06/30/2023
SAMPLE HOSPITAL 1068,101067,ID,READM-30-PN-HRRP,158,,1.1542,0.2184,0.1892,35,07/01/2020,06/30/2023
SAMPLE HOSPITAL 1069,101068,NJ,READM-30-PN-HRRP,146,,1.0994,0.1932,0.1757,28,07/01/2020,06/30/2023
SAMPLE HOSPITAL 1069,101068,NJ,READM-30-CABG-HRRP,238,,1.018,0.1254,0.1232,30,07/01/2020,06/30/2023
SAMPLE HOSPITAL 1069,101068,NJ,READM-30-HF-HRRP,576,,1.0904,0.2239,0.2053,129,07/01/2020,06/30/2023
SAMPLE HOSPITAL 1069,101068,NJ,READM-30-HIP-KNEE-HRRP,554,,1.0676,0.1771,0.1659,98,07/01/2020,06/30/2023
SAMPLE HOSPITAL 1069,101068,NJ,READM-30-AMI-HRRP,41,,0.8434,0.1726,0.2047,7,07/01/2020,06/30/2023
SAMPLE HOSPITAL 1069,101068,NJ,READM-30-COPD-HRRP,156,,1.0724,0.2463,0.2297,38,07/01/2020,06/30/2023
SAMPLE HOSPITAL 1070,101069,MO,READM-30-PN-HRRP,56,,0.9455,0.1211,0.1281,7,07/01/2020,06/30/2023
SAMPLE HOSPITAL 1070,101069,MO,READM-30-AMI-HRRP,288,,1.0264,0.2123,0.2068,61,07/01/2020,06/30/2023
SAMPLE HOSPITAL 1070,101069,MO,READM-30-HIP-KNEE-HRRP,124,,0.819,0.162,0.1978,20,07/01/2020,06/30/2023
SAMPLE HOSPITAL 1070,101069,MO,READM-30-CABG-HRRP,54,,0.9704,0.2,0.2061,11,07/01/2020,06/30/2023
SAMPLE HOSPITAL 1071,101070,ME,READM-30-PN-HRRP,351,,0.9792,0.1469,0.15,52,07/01/2020,06/30/2023
SAMPLE HOSPITAL 1071,101070,ME,READM-30-CABG-HRRP,60,,0.9143,0.1398,0.1529,8,07/01/2020,06/30/2023
SAMPLE HOSPITAL 1071,101070,ME,READM-30-HIP-KNEE-HRRP,114,,0.9728,0.2325,0.239,27,07/01/2020,06/30/2023
SAMPLE HOSPITAL 1071,101070,ME,READM-30-HF-HRRP,208,,1.0082,0.218,0.2162,45,07/01/2020,06/30/2023
SAMPLE HOSPITAL 1071,101070,ME,READM-30-AMI-HRRP,363,,0.8855,0.1181,0.1334,43,07/01/2020,06/30/2023
SAMPLE HOSPITAL 1072,101071,AZ,READM-30-HF-HRRP,286,,0.9508,0.2241,0.2357,64,07/01/2020,06/30/2023
SAMPLE HOSPITAL 1072,101071,AZ,READM-30-HIP-KNEE-HRRP,72,,1.0381,0.2051,0.1976,15,07/01/2020,06/30/2023
SAMPLE HOSPITAL 1072,101071,AZ,READM-30-AMI-HRRP,355,,1.0322,0.1661,0.1609,59,07/01/2020,06/30/2023
SAMPLE HOSPITAL 1072,101071,AZ,READM-30-COPD-HRRP,76,,1.0362,0.1864,0.1799,14,07/01/2020,06/30/2023
SAMPLE HOSPITAL 1072,101071,AZ,READM-30-CABG-HRRP,29,,0.9827,0.1292,0.1315,4,07/01/2020,06/30/2023
SAMPLE HOSPITAL 1072,101071,AZ,READM-30-PN-HRRP,357,,0.9975,0.1899,0.1904,68,07/01/2020,06/30/2023
SAMPLE HOSPITAL 1073,101072,CO,READM-30-CABG-HRRP,625,,1.0078,0.2051,0.2035,128,07/01/2020,06/30/2023
SAMPLE HOSPITAL 1073,101072,CO,READM-30-PN-HRRP,240,,1.0312,0.2505,0.2429,60,07/01/2020,06/30/2023
SAMPLE HOSPITAL 1073,101072,CO,READM-30-HF-HRRP,204,,0.9367,0.1336,0.1426,27,07/01/2020,06/30/2023
SAMPLE HOSPITAL 1073,101072,CO,READM-30-COPD-HRRP,313,,1.0541,0.242,0.2296,76,07/01/2020,06/30/2023
SAMPLE HOSPITAL 1074,101073,MS,READM-30-HIP-KNEE-HRRP,255,,0.9115,0.2343,0.2571,60,07/01/2020,06/30/2023
SAMPLE HOSPITAL 1074,101073,MS,READM-30-PN-HRRP,191,,0.9611,0.1176,0.1224,22,07/01/2020,06/30/2023
SAMPLE HOSPITAL 1074,101073,MS,READM-30-CABG-HRRP,256,,0.9439,0.1186,0.1257,30,07/01/2020,06/30/2023
SAMPLE HOSPITAL 1075,101074,TN,READM-30-CABG-HRRP,425,,1.0648,0.1302,0.1223,55,07/01/2020,06/30/2023
SAMPLE HOSPITAL 1075,101074,TN,READM-30-AMI-HRRP,71,,1.0438,0.1342,0.1286,10,07/01/2020,06/30/2023
SAMPLE HOSPITAL 1075,101074,TN,READM-30-HF-HRRP,701,,0.9403,0.1347,0.1433,94,07/01/2020,06/30/2023
SAMPLE HOSPITAL 1076,101075,KS,READM-30-COPD-HRRP,142,,0.9398,0.119,0.1266,17,07/01/2020,06/30/2023
SAMPLE HOSPITAL 1076,101075,KS,READM-30-HF-HRRP,141,,1.1186,0.2265,0.2025,32,07/01/2020,06/30/2023
SAMPLE HOSPITAL 1076,101075,KS,READM-30-PN-HRRP,205,,0.9587,0.1582,0.165,32,07/01/2020,06/30/2023
SAMPLE HOSPITAL 1076,101075,KS,READM-30-CABG-HRRP,224,,0.9565,0.2077,0.2171,47,07/01/2020,06/30/2023
SAMPLE HOSPITAL 1077,101076,NE,READM-30-AMI-HRRP,308,,1.0228,0.1466,0.1433,45,07/01/2020,06/30/2023
SAMPLE HOSPITAL 1077,101076,NE,READM-30-COPD-HRRP,185,,0.9822,0.2461,0.2506,46,07/01/2020,06/30/2023
SAMPLE HOSPITAL 1077,101076,NE,READM-30-HIP-KNEE-HRRP,43,,0.9217,0.1358,0.1473,6,07/01/2020,06/30/2023
SAMPLE HOSPITAL 1077,101076,NE,READM-30-PN-HRRP,47,,1.0731,0.2126,0.1981,10,07/01/2020,06/30/2023
SAMPLE HOSPITAL 1077,101076,NE,READM-30-CABG-HRRP,144,,0.9753,0.1843,0.189,27,07/01/2020,06/30/2023
SAMPLE HOSPITAL 1078,101077,OR,READM-30-CABG-HRRP,122,,1.1253,0.1543,0.1371,19,07/01/2020,06/30/2023
SAMPLE HOSPITAL 1078,101077,OR,READM-30-AMI-HRRP,121,,0.9878,0.187,0.1893,23,07/01/2020,06/30/2023
SAMPLE HOSPITAL 1078,101077,OR,READM-30-HIP-KNEE-HRRP,274,,0.9503,0.1893,0.1992,52,07/01/2020,06/30/2023
SAMPLE HOSPITAL 1079,101078,NJ,READM-30-COPD-HRRP,82,,1.0211,0.149,0.1459,12,07/01/2020,06/30/2023
SAMPLE HOSPITAL 1079,101078,NJ,READM-30-CABG-HRRP,627,,1.0742,0.2764,0.2573,173,07/01/2020,06/30/2023
SAMPLE HOSPITAL 1079,101078,NJ,READM-30-HF-HRRP,324,,1.021,0.2571,0.2518,83,07/01/2020,06/30/2023
SAMPLE HOSPITAL 1079,101078,NJ,READM-30-PN-HRRP,259,,0.9219,0.1542,0.1673,40,07/01/2020,06/30/2023
SAMPLE HOSPITAL 1080,101079,GA,READM-30-PN-HRRP,123,,1.0361,0.2464,0.2378,30,07/01/2020,06/30/2023
SAMPLE HOSPITAL 1080,101079,GA,READM-30-CABG-HRRP,193,,0.9567,0.1889,0.1974,36,07/01/2020,06/30/2023
SAMPLE HOSPITAL 1080,101079,GA,READM-30-HF-HRRP,67,,0.9611,0.2474,0.2574,17,07/01/2020,06/30/2023
SAMPLE HOSPITAL 1081,101080,NM,READM-30-PN-HRRP,731,,1.0098,0.1295,0.1282,95,07/01/2020,06/30/2023
SAMPLE HOSPITAL 1081,101080,NM,READM-30-COPD-HRRP,398,,1.0484,0.24,0.2289,96,07/01/2020,06/30/2023
SAMPLE HOSPITAL 1081,101080,NM,READM-30-HIP-KNEE-HRRP,39,,0.9856,0.1664,0.1688,6,07/01/2020,06/30/2023
SAMPLE HOSPITAL 1081,101080,NM,READM-30-HF-HRRP,222,,1.0161,0.2105,0.2072,47,07/01/2020,06/30/2023
SAMPLE HOSPITAL 1081,101080,NM,READM-30-CABG-HRRP,834,,0.985,0.1195,0.1213,100,07/01/2020,06/30/2023
SAMPLE HOSPITAL 1081,101080,NM,READM-30-AMI-HRRP,124,,1.0375,0.1414,0.1363,18,07/01/2020,06/30/2023
SAMPLE HOSPITAL 1082,101081,UT,READM-30-CABG-HRRP,90,,0.9364,0.1537,0.1641,14,07/01/2020,06/30/2023
SAMPLE HOSPITAL 1082,101081,UT,READM-30-AMI-HRRP,311,,0.9378,0.2342,0.2497,73,07/01/2020,06/30/2023
SAMPLE HOSPITAL 1082,101081,UT,READM-30-HIP-KNEE-HRRP,67,,0.9764,0.1555,0.1593,10,07/01/2020,06/30/2023
SAMPLE HOSPITAL 1082,101081,UT,READM-30-COPD-HRRP,285,,0.9337,0.1403,0.1503,40,07/01/2020,06/30/2023
SAMPLE HOSPITAL 1082,101081,UT,READM-30-HF-HRRP,813,,1.0205,0.2245,0.22,183,07/01/2020,06/30/2023
SAMPLE HOSPITAL 1082,101081,UT,READM-30-PN-HRRP,102,,0.9583,0.1558,0.1626,16,07/01/2020,06/30/2023
SAMPLE HOSPITAL 1083,101082,RI,READM-30-COPD-HRRP,376,,0.9321,0.1924,0.2064,72,07/01/2020,06/30/2023
SAMPLE HOSPITAL 1083,101082,RI,READM-30-HIP-KNEE-HRRP,162,,0.9998,0.1717,0.1717,28,07/01/2020,06/30/2023
SAMPLE HOSPITAL 1083,101082,RI,READM-30-HF-HRRP,234,,0.9878,0.2305,0.2333,54,07/01/2020,06/30/2023
SAMPLE HOSPITAL 1084,101083,TN,READM-30-AMI-HRRP,80,,1.1085,0.2374,0.2142,19,07/01/2020,06/30/2023
SAMPLE HOSPITAL 1084,101083,TN,READM-30-HIP-KNEE-HRRP,177,,0.9526,0.2211,0.2321,39,07/01/2020,06/30/2023
SAMPLE HOSPITAL 1084,101083,TN,READM-30-HF-HRRP,218,,0.9985,0.1931,0.1934,42,07/01/2020,06/30/2023
SAMPLE HOSPITAL 1085,101084,AZ,READM-30-CABG-HRRP,121,,0.9078,0.2126,0.2342,26,07/01/2020,06/30/2023
SAMPLE HOSPITAL 1085,101084,AZ,READM-30-HF-HRRP,223,,1.0422,0.2279,0.2187,51,07/01/2020,06/30/2023
SAMPLE HOSPITAL 1085,101084,AZ,READM-30-AMI-HRRP,134,,0.9936,0.2495,0.2511,33,07/01/2020,06/30/2023
SAMPLE HOSPITAL 1085,101084,AZ,READM-30-COPD-HRRP,734,,1.0414,0.2344,0.2251,172,07/01/2020,06/30/2023
SAMPLE HOSPITAL 1086,101085,UT,READM-30-HF-HRRP,119,,0.9284,0.1149,0.1238,14,07/01/2020,06/30/2023
SAMPLE HOSPITAL 1086,101085,UT,READM-30-PN-HRRP,117,,1.0505,0.2729,0.2598,32,07/01/2020,06/30/2023
SAMPLE HOSPITAL 1086,101085,UT,READM-30-COPD-HRRP,69,,0.9614,0.2005,0.2086,14,07/01/2020,06/30/2023
SAMPLE HOSPITAL 1086,101085,UT,READM-30-AMI-HRRP,401,,1.0025,0.227,0.2264,91,07/01/2020,06/30/2023
SAMPLE HOSPITAL 1086,101085,UT,READM-30-HIP-KNEE-HRRP,42,,1.0975,0.1824,0.1662,8,07/01/2020,06/30/2023
SAMPLE HOSPITAL 1086,101085,UT,READM-30-CABG-HRRP,564,,0.9253,0.1445,0.1562,81,07/01/2020,06/30/2023
SAMPLE HOSPITAL 1087,101086,NV,READM-30-HIP-KNEE-HRRP,615,,1.0035,0.2382,0.2374,146,07/01/2020,06/30/2023
SAMPLE HOSPITAL 1087,101086,NV,READM-30-COPD-HRRP,74,,0.9606,0.2256,0.2349,17,07/01/2020,06/30/2023
SAMPLE HOSPITAL 1087,101086,NV,READM-30-AMI-HRRP,171,,0.9883,0.1492,0.151,26,07/01/2020,06/30/2023
SAMPLE HOSPITAL 1087,101086,NV,READM-30-PN-HRRP,186,,0.9871,0.1382,0.14,26,07/01/2020,06/30/2023
SAMPLE HOSPITAL 1087,101086,NV,READM-30-CABG-HRRP,401,,0.9907,0.2377,0.2399,95,07/01/2020,06/30/2023
SAMPLE HOSPITAL 1088,101087,WY,READM-30-PN-HRRP,267,,0.9125,0.1228,0.1346,33,07/01/2020,06/30/2023
SAMPLE HOSPITAL 1088,101087,WY,READM-30-HIP-KNEE-HRRP,364,,1.0072,0.2055,0.204,75,07/01/2020,06/30/2023
SAMPLE HOSPITAL 1088,101087,WY,READM-30-CABG-HRRP,498,,0.8772,0.1685,0.1921,84,07/01/2020,06/30/2023
SAMPLE HOSPITAL 1089,101088,AL,READM-30-CABG-HRRP,1078,,1.0772,0.1411,0.131,152,07/01/2020,06/30/2023
SAMPLE HOSPITAL 1089,101088,AL,READM-30-HF-HRRP,179,,1.0657,0.1963,0.1842,35,07/01/2020,06/30/2023
SAMPLE HOSPITAL 1089,101088,AL,READM-30-HIP-KNEE-HRRP,467,,1.0107,0.1793,0.1774,84,07/01/2020,06/30/2023
SAMPLE HOSPITAL 1089,101088,AL,READM-30-AMI-HRRP,349,,0.9519,0.1818,0.191,63,07/01/2020,06/30/2023
SAMPLE HOSPITAL 1089,101088,AL,READM-30-PN-HRRP,196,,1.0505,0.2433,0.2316,48,07/01/2020,06/30/2023
SAMPLE HOSPITAL 1090,101089,NJ,READM-30-PN-HRRP,139,,0.9391,0.1881,0.2003,26,07/01/2020,06/30/2023
SAMPLE HOSPITAL 1090,101089,NJ,READM-30-HIP-KNEE-HRRP,426,,1.0332,0.1932,0.187,82,07/01/2020,06/30/2023
SAMPLE HOSPITAL 1090,101089,NJ,READM-30-AMI-HRRP,253,,1.0471,0.1342,0.1282,34,07/01/2020,06/30/2023
SAMPLE HOSPITAL 1090,101089,NJ,READM-30-HF-HRRP,198,,0.9808,0.2456,0.2504,49,07/01/2020,06/30/2023
SAMPLE HOSPITAL 1091,101090,OH,READM-30-COPD-HRRP,631,,0.9632,0.1956,0.2031,123,07/01/2020,06/30/2023
SAMPLE HOSPITAL 1091,101090,OH,READM-30-HF-HRRP,168,,0.8996,0.1474,0.1639,25,07/01/2020,06/30/2023
SAMPLE HOSPITAL 1091,101090,OH,READM-30-HIP-KNEE-HRRP,126,,1.0091,0.1212,0.1201,15,07/01/2020,06/30/2023
SAMPLE HOSPITAL 1091,101090,OH,READM-30-AMI-HRRP,29,,1.0774,0.1396,0.1296,4,07/01/2020,06/30/2023
SAMPLE HOSPITAL 1091,101090,OH,READM-30-PN-HRRP,142,,1.0122,0.2577,0.2546,37,07/01/2020,06/30/2023
SAMPLE HOSPITAL 1092,101091,OH,READM-30-CABG-HRRP,579,,0.9709,0.1879,0.1935,109,07/01/2020,06/30/2023
SAMPLE HOSPITAL 1092,101091,OH,READM-30-PN-HRRP,168,,0.9535,0.1688,0.177,28,07/01/2020,06/30/2023
SAMPLE HOSPITAL 1092,101091,OH,READM-30-COPD-HRRP,176,,1.0984,0.1905,0.1734,34,07/01/2020,06/30/2023
SAMPLE HOSPITAL 1092,101091,OH,READM-30-HF-HRRP,367,,0.9219,0.1361,0.1476,50,07/01/2020,06/30/2023
SAMPLE HOSPITAL 1093,101092,WA,READM-30-COPD-HRRP,196,,0.9748,0.1703,0.1747,33,07/01/2020,06/30/2023
SAMPLE HOSPITAL 1093,101092,WA,READM-30-PN-HRRP,196,,1.0222,0.1738,0.17,34,07/01/2020,06/30/2023
SAMPLE HOSPITAL 1093,101092,WA,READM-30-AMI-HRRP,137,,0.8498,0.1059,0.1246,15,07/01/2020,06/30/2023
SAMPLE HOSPITAL 1094,101093,MO,READM-30-HIP-KNEE-HRRP,92,,0.8505,0.121,0.1423,11,07/01/2020,06/30/2023
SAMPLE HOSPITAL 1094,101093,MO,READM-30-CABG-HRRP,335,,1.075,0.1961,0.1824,66,07/01/2020,06/30/2023
SAMPLE HOSPITAL 1094,101093,MO,READM-30-AMI-HRRP,246,,0.9621,0.2323,0.2414,57,07/01/2020,06/30/2023
SAMPLE HOSPITAL 1094,101093,MO,READM-30-COPD-HRRP,561,,1.0529,0.1442,0.137,81,07/01/2020,06/30/2023
SAMPLE HOSPITAL 1095,101094,WA,READM-30-AMI-HRRP,222,,1.1055,0.2675,0.242,59,07/01/2020,06/30/2023
SAMPLE HOSPITAL 1095,101094,WA,READM-30-CABG-HRRP,371,,0.9581,0.2222,0.2319,82,07/01/2020,06/30/2023
SAMPLE HOSPITAL 1095,101094,WA,READM-30-HIP-KNEE-HRRP,69,,0.9744,0.2226,0.2284,15,07/01/2020,06/30/2023
SAMPLE HOSPITAL 1095,101094,WA,READM-30-PN-HRRP,155,,1.0149,0.2312,0.2278,36,07/01/2020,06/30/2023
SAMPLE HOSPITAL 1096,101095,VT,READM-30-HF-HRRP,972,,1.0062,0.2266,0.2252,220,07/01/2020,06/30/2023
SAMPLE HOSPITAL 1096,101095,VT,READM-30-COPD-HRRP,391,,1.0404,0.1668,0.1603,65,07/01/2020,06/30/2023
SAMPLE HOSPITAL 1096,101095,VT,READM-30-AMI-HRRP,51,,0.9215,0.1488,0.1615,8,07/01/2020,06/30/2023
SAMPLE HOSPITAL 1097,101096,NC,READM-30-HF-HRRP,112,,1.0489,0.2637,0.2514,30,07/01/2020,06/30/2023
SAMPLE HOSPITAL 1097,101096,NC,READM-30-COPD-HRRP,203,,1.1095,0.1397,0.1259,28,07/01/2020,06/30/2023
SAMPLE HOSPITAL 1097,101096,NC,READM-30-CABG-HRRP,181,,1.0132,0.1762,0.1739,32,07/01/2020,06/30/2023
SAMPLE HOSPITAL 1097,101096,NC,READM-30-HIP-KNEE-HRRP,367,,1.0754,0.1573,0.1463,58,07/01/2020,06/30/2023
SAMPLE HOSPITAL 1098,101097,NJ,READM-30-HF-HRRP,89,,1.1195,0.2374,0.2121,21,07/01/2020,06/30/2023
SAMPLE HOSPITAL 1098,101097,NJ,READM-30-HIP-KNEE-HRRP,135,,1.0793,0.2793,0.2588,38,07/01/2020,06/30/2023
SAMPLE HOSPITAL 1098,101097,NJ,READM-30-COPD-HRRP,171,,0.9688,0.123,0.127,21,07/01/2020,06/30/2023
SAMPLE HOSPITAL 1098,101097,NJ,READM-30-CABG-HRRP,43,,0.9294,0.1845,0.1985,8,07/01/2020,06/30/2023
SAMPLE HOSPITAL 1098,101097,NJ,READM-30-AMI-HRRP,113,,0.9731,0.2032,0.2088,23,07/01/2020,06/30/2023
SAMPLE HOSPITAL 1098,101097,NJ,READM-30-PN-HRRP,168,,0.9319,0.1376,0.1477,23,07/01/2020,06/30/2023
SAMPLE HOSPITAL 1099,101098,WA,READM-30-CABG-HRRP,45,,0.8462,0.1372,0.1621,6,07/01/2020,06/30/2023
SAMPLE HOSPITAL 1099,101098,WA,READM-30-AMI-HRRP,322,,1.0189,0.1645,0.1614,53,07/01/2020,06/30/2023
SAMPLE HOSPITAL 1099,101098,WA,READM-30-PN-HRRP,43,,1.0506,0.1267,0.1206,5,07/01/2020,06/30/2023
SAMPLE HOSPITAL 1099,101098,WA,READM-30-COPD-HRRP,102,,0.9045,0.1621,0.1792,17,07/01/2020,06/30/2023
SAMPLE HOSPITAL 1100,101099,MI,READM-30-CABG-HRRP,592,,1.0329,0.1342,0.1299,79,07/01/2020,06/30/2023
SAMPLE HOSPITAL 1100,101099,MI,READM-30-HF-HRRP,115,,1.0194,0.1577,0.1547,18,07/01/2020,06/30/2023
SAMPLE HOSPITAL 1100,101099,MI,READM-30-COPD-HRRP,68,,1.0217,0.1635,0.16,11,07/01/2020,06/30/2023
SAMPLE HOSPITAL 1100,101099,MI,READM-30-HIP-KNEE-HRRP,184,,1.0172,0.138,0.1357,25,07/01/2020,06/30/2023
SAMPLE HOSPITAL 1100,101099,MI,READM-30-AMI-HRRP,136,,1.0042,0.164,0.1633,22,07/01/2020,06/30/2023
SAMPLE HOSPITAL 1100,101099,MI,READM-30-PN-HRRP,162,,0.9815,0.1625,0.1656,26,07/01/2020,06/30/2023
SAMPLE HOSPITAL 1101,101100,TX,READM-30-COPD-HRRP,290,,1.0716,0.2725,0.2543,79,07/01/2020,06/30/2023
SAMPLE HOSPITAL 1101,101100,TX,READM-30-AMI-HRRP,196,,1.0353,0.2461,0.2377,48,07/01/2020,06/30/2023
SAMPLE HOSPITAL 1101,101100,TX,READM-30-HF-HRRP,101,,1.0421,0.1476,0.1416,15,07/01/2020,06/30/2023
SAMPLE HOSPITAL 1102,101101,MD,READM-30-CABG-HRRP,213,,1.0988,0.1403,0.1277,30,07/01/2020,06/30/2023
SAMPLE HOSPITAL 1102,101101,MD,READM-30-AMI-HRRP,179,,0.9483,0.1329,0.1401,24,07/01/2020,06/30/2023
SAMPLE HOSPITAL 1102,101101,MD,READM-30-HIP-KNEE-HRRP,233,,1.1013,0.1914,0.1738,45,07/01/2020,06/30/2023
SAMPLE HOSPITAL 1102,101101,MD,READM-30-COPD-HRRP,88,,0.9936,0.2537,0.2553,22,07/01/2020,06/30/2023
SAMPLE HOSPITAL 1103,101102,KS,READM-30-COPD-HRRP,349,,0.8766,0.1235,0.1409,43,07/01/2020,06/30/2023
SAMPLE HOSPITAL 1103,101102,KS,READM-30-HF-HRRP,871,,1.0643,0.1604,0.1507,140,07/01/2020,06/30/2023
SAMPLE HOSPITAL 1103,101102,KS,READM-30-HIP-KNEE-HRRP,285,,0.9254,0.2308,0.2494,66,07/01/2020,06/30/2023
SAMPLE HOSPITAL 1103,101102,KS,READM-30-CABG-HRRP,250,,1.0715,0.1511,0.141,38,07/01/2020,06/30/2023
SAMPLE HOSPITAL 1103,101102,KS,READM-30-AMI-HRRP,158,,0.8742,0.2273,0.26,36,07/01/2020,06/30/2023
SAMPLE HOSPITAL 1104,101103,OR,READM-30-CABG-HRRP,241,,1.0243,0.1884,0.1839,45,07/01/2020,06/30/2023
SAMPLE HOSPITAL 1104,101103,OR,READM-30-HF-HRRP,198,,1.1155,0.2512,0.2252,50,07/01/2020,06/30/2023
SAMPLE HOSPITAL 1104,101103,OR,READM-30-COPD-HRRP,400,,1.0769,0.2795,0.2595,112,07/01/2020,06/30/2023
SAMPLE HOSPITAL 1104,101103,OR,READM-30-PN-HRRP,Too Few to Report,1,Too Few to Report,,,,07/01/2020,06/30/2023
SAMPLE HOSPITAL 1104,101103,OR,READM-30-HIP-KNEE-HRRP,348,,1.1137,0.2271,0.2039,79,07/01/2020,06/30/2023
SAMPLE HOSPITAL 1105,101104,MA,READM-30-COPD-HRRP,61,,1.068,0.2042,0.1912,12,07/01/2020,06/30/2023
SAMPLE HOSPITAL 1105,101104,MA,READM-30-CABG-HRRP,77,,0.9883,0.2318,0.2345,18,07/01/2020,06/30/2023
SAMPLE HOSPITAL 1105,101104,MA,READM-30-PN-HRRP,638,,1.0692,0.2197,0.2055,140,07/01/2020,06/30/2023
SAMPLE HOSPITAL 1105,101104,MA,READM-30-HF-HRRP,140,,0.977,0.2457,0.2515,34,07/01/2020,06/30/2023
SAMPLE HOSPITAL 1106,101105,IA,READM-30-COPD-HRRP,275,,0.9964,0.2585,0.2594,71,07/01/2020,06/30/2023
SAMPLE HOSPITAL 1106,101105,IA,READM-30-CABG-HRRP,579,,0.9838,0.1955,0.1987,113,07/01/2020,06/30/2023
SAMPLE HOSPITAL 1106,101105,IA,READM-30-HIP-KNEE-HRRP,92,,1.0113,0.2594,0.2565,24,07/01/2020,06/30/2023
SAMPLE HOSPITAL 1106,101105,IA,READM-30-HF-HRRP,111,,0.9222,0.2384,0.2585,26,07/01/2020,06/30/2023
SAMPLE HOSPITAL 1106,101105,IA,READM-30-PN-HRRP,145,,0.9832,0.2312,0.2351,34,07/01/2020,06/30/2023
SAMPLE HOSPITAL 1107,101106,WI,READM-30-PN-HRRP,65,,1.0327,0.249,0.2411,16,07/01/2020,06/30/2023
SAMPLE HOSPITAL 1107,101106,WI,READM-30-CABG-HRRP,541,,1.0058,0.1367,0.1359,74,07/01/2020,06/30/2023
SAMPLE HOSPITAL 1107,101106,WI,READM-30-COPD-HRRP,472,,0.9756,0.2184,0.2239,103,07/01/2020,06/30/2023
SAMPLE HOSPITAL 1107,101106,WI,READM-30-AMI-HRRP,Too Few to Report,1,Too Few to Report,,,,07/01/2020,06/30/2023
SAMPLE HOSPITAL 1109,101108,MS,READM-30-AMI-HRRP,99,,1.0966,0.2317,0.2113,23,07/01/2020,06/30/2023
SAMPLE HOSPITAL 1109,101108,MS,READM-30-COPD-HRRP,104,,1.0841,0.1902,0.1754,20,07/01/2020,06/30/2023
SAMPLE HOSPITAL 1109,101108,MS,READM-30-PN-HRRP,610,,1.0233,0.1761,0.1721,107,07/01/2020,06/30/2023
SAMPLE HOSPITAL 1109,101108,MS,READM-30-HIP-KNEE-HRRP,324,,1.0497,0.2332,0.2222,76,07/01/2020,06/30/2023
SAMPLE HOSPITAL 1109,101108,MS,READM-30-HF-HRRP,266,,1.0281,0.2522,0.2453,67,07/01/2020,06/30/2023
SAMPLE HOSPITAL 1109,101108,MS,READM-30-CABG-HRRP,108,,1.1384,0.2378,0.2089,26,07/01/2020,06/30/2023
SAMPLE HOSPITAL 1110,101109,MS,READM-30-HF-HRRP,Too Few to Report,1,Too Few to Report,,,,07/01/2020,06/30/2023
SAMPLE HOSPITAL 1110,101109,MS,READM-30-AMI-HRRP,443,,1.095,0.1374,0.1255,61,07/01/2020,06/30/2023
SAMPLE HOSPITAL 1110,101109,MS,READM-30-CABG-HRRP,493,,0.9042,0.1789,0.1979,88,07/01/2020,06/30/2023
SAMPLE HOSPITAL 1110,101109,MS,READM-30-HIP-KNEE-HRRP,346,,0.8994,0.137,0.1523,47,07/01/2020,06/30/2023
SAMPLE HOSPITAL 1111,101110,KS,READM-30-AMI-HRRP,186,,1.0522,0.1408,0.1338,26,07/01/2020,06/30/2023
SAMPLE HOSPITAL 1111,101110,KS,READM-30-CABG-HRRP,55,,0.9565,0.1593,0.1665,9,07/01/2020,06/30/2023
SAMPLE HOSPITAL 1111,101110,KS,READM-30-PN-HRRP,290,,1.0094,0.2534,0.251,73,07/01/2020,06/30/2023
SAMPLE HOSPITAL 1111,101110,KS,READM-30-HF-HRRP,76,,0.9725,0.1883,0.1936,14,07/01/2020,06/30/2023
SAMPLE HOSPITAL 1111,101110,KS,READM-30-COPD-HRRP,205,,0.9419,0.1945,0.2065,40,07/01/2020,06/30/2023
SAMPLE HOSPITAL 1111,101110,KS,READM-30-HIP-KNEE-HRRP,142,,0.992,0.1886,0.1901,27,07/01/2020,06/30/2023
SAMPLE HOSPITAL 1112,101111,HI,READM-30-HF-HRRP,755,,1.049,0.2405,0.2293,182,07/01/2020,06/30/2023
SAMPLE HOSPITAL 1112,101111,HI,READM-30-HIP-KNEE-HRRP,99,,0.8898,0.1929,0.2168,19,07/01/2020,06/30/2023
SAMPLE HOSPITAL 1112,101111,HI,READM-30-AMI-HRRP,64,,0.8965,0.1906,0.2126,12,07/01/2020,06/30/2023
SAMPLE HOSPITAL 1112,101111,HI,READM-30-COPD-HRRP,137,,0.9123,0.1967,0.2156,27,07/01/2020,06/30/2023
SAMPLE HOSPITAL 1112,101111,HI,READM-30-PN-HRRP,62,,0.9609,0.1708,0.1778,11,07/01/2020,06/30/2023
SAMPLE HOSPITAL 1112,101111,HI,READM-30-CABG-HRRP,Too Few to Report,1,Too Few to Report,,,,07/01/2020,06/30/2023
SAMPLE HOSPITAL 1113,101112,KY,READM-30-CABG-HRRP,172,,0.9474,0.1913,0.2019,33,07/01/2020,06/30/2023
SAMPLE HOSPITAL 1113,101112,KY,READM-30-PN-HRRP,79,,0.9823,0.1872,0.1906,15,07/01/2020,06/30/2023
SAMPLE HOSPITAL 1113,101112,KY,READM-30-COPD-HRRP,404,,0.875,0.2195,0.2509,89,07/01/2020,06/30/2023
SAMPLE HOSPITAL 1113,101112,KY,READM-30-HIP-KNEE-HRRP,60,,1.04,0.215,0.2067,13,07/01/2020,06/30/2023
SAMPLE HOSPITAL 1114,101113,ME,READM-30-AMI-HRRP,222,,1.1453,0.2433,0.2124,54,07/01/2020,06/30/2023
SAMPLE HOSPITAL 1114,101113,ME,READM-30-HIP-KNEE-HRRP,29,,0.9734,0.2359,0.2423,7,07/01/2020,06/30/2023
SAMPLE HOSPITAL 1114,101113,ME,READM-30-COPD-HRRP,279,,0.9735,0.2364,0.2428,66,07/01/2020,06/30/2023
SAMPLE HOSPITAL 1114,101113,ME,READM-30-CABG-HRRP,345,,0.9228,0.2095,0.227,72,07/01/2020,06/30/2023
SAMPLE HOSPITAL 1115,101114,WA,READM-30-HIP-KNEE-HRRP,231,,1.0411,0.1551,0.149,36,07/01/2020,06/30/2023
SAMPLE HOSPITAL 1115,101114,WA,READM-30-CABG-HRRP,191,,1.0737,0.143,0.1332,27,07/01/2020,06/30/2023
SAMPLE HOSPITAL 1115,101114,WA,READM-30-PN-HRRP,68,,0.9197,0.1231,0.1339,8,07/01/2020,06/30/2023
SAMPLE HOSPITAL 1116,101115,NJ,READM-30-AMI-HRRP,264,,0.987,0.1231,0.1247,32,07/01/2020,06/30/2023
SAMPLE HOSPITAL 1116,101115,NJ,READM-30-CABG-HRRP,93,,0.9721,0.179,0.1841,17,07/01/2020,06/30/2023
SAMPLE HOSPITAL 1116,101115,NJ,READM-30-PN-HRRP,1002,,0.9028,0.1213,0.1344,122,07/01/2020,06/30/2023
SAMPLE HOSPITAL 1116,101115,NJ,READM-30-COPD-HRRP,125,,1.0527,0.2143,0.2036,27,07/01/2020,06/30/2023
SAMPLE HOSPITAL 1116,101115,NJ,READM-30-HF-HRRP,229,,1.0538,0.2362,0.2241,54,07/01/2020,06/30/2023
SAMPLE HOSPITAL 1116,101115,NJ,READM-30-HIP-KNEE-HRRP,84,,0.9729,0.152,0.1562,13,07/01/2020,06/30/2023
SAMPLE HOSPITAL 1117,101116,ND,READM-30-HIP-KNEE-HRRP,329,,1.0736,0.1978,0.1842,65,07/01/2020,06/30/2023
SAMPLE HOSPITAL 1117,101116,ND,READM-30-HF-HRRP,2700,,0.8559,0.2007,0.2345,542,07/01/2020,06/30/2023
SAMPLE HOSPITAL 1117,101116,ND,READM-30-COPD-HRRP,690,,1.1256,0.2579,0.2291,178,07/01/2020,06/30/2023
SAMPLE HOSPITAL 1117,101116,ND,READM-30-AMI-HRRP,85,,1.0742,0.249,0.2318,21,07/01/2020,06/30/2023
SAMPLE HOSPITAL 1117,101116,ND,READM-30-CABG-HRRP,340,,1.0012,0.1739,0.1737,59,07/01/2020,06/30/2023
SAMPLE HOSPITAL 1117,101116,ND,READM-30-PN-HRRP,104,,0.8924,0.2121,0.2377,22,07/01/2020,06/30/2023
SAMPLE HOSPITAL 1118,101117,NM,READM-30-PN-HRRP,124,,0.9568,0.2249,0.2351,28,07/01/2020,06/30/2023
SAMPLE HOSPITAL 1118,101117,NM,READM-30-COPD-HRRP,574,,0.9767,0.1917,0.1963,110,07/01/2020,06/30/2023
SAMPLE HOSPITAL 1118,101117,NM,READM-30-CABG-HRRP,557,,1.0979,0.1638,0.1492,91,07/01/2020,06/30/2023
SAMPLE HOSPITAL 1118,101117,NM,READM-30-HIP-KNEE-HRRP,83,,1.1003,0.2651,0.2409,22,07/01/2020,06/30/2023
SAMPLE HOSPITAL 1118,101117,NM,READM-30-AMI-HRRP,247,,0.945,0.1325,0.1402,33,07/01/2020,06/30/2023
SAMPLE HOSPITAL 1119,101118,PA,READM-30-AMI-HRRP,471,,1.0956,0.2576,0.2351,121,07/01/2020,06/30/2023
SAMPLE HOSPITAL 1119,101118,PA,READM-30-HIP-KNEE-HRRP,1085,,0.9884,0.2245,0.2271,244,07/01/2020,06/30/2023
SAMPLE HOSPITAL 1119,101118,PA,READM-30-CABG-HRRP,34,,1.0003,0.1701,0.17,6,07/01/2020,06/30/2023
SAMPLE HOSPITAL 1119,101118,PA,READM-30-HF-HRRP,82,,0.9876,0.1934,0.1958,16,07/01/2020,06/30/2023
SAMPLE HOSPITAL 1119,101118,PA,READM-30-COPD-HRRP,62,,1.0268,0.2429,0.2366,15,07/01/2020,06/30/2023
SAMPLE HOSPITAL 1120,101119,MN,READM-30-HIP-KNEE-HRRP,317,,0.9424,0.2381,0.2526,75,07/01/2020,06/30/2023
SAMPLE HOSPITAL 1120,101119,MN,READM-30-CABG-HRRP,414,,1.0245,0.247,0.2411,102,07/01/2020,06/30/2023
SAMPLE HOSPITAL 1120,101119,MN,READM-30-AMI-HRRP,204,,0.9661,0.2007,0.2077,41,07/01/2020,06/30/2023
SAMPLE HOSPITAL 1120,101119,MN,READM-30-PN-HRRP,88,,0.9826,0.2092,0.2129,18,07/01/2020,06/30/2023
SAMPLE HOSPITAL 1121,101120,MO,READM-30-AMI-HRRP,525,,1.0008,0.18,0.1799,94,07/01/2020,06/30/2023
SAMPLE HOSPITAL 1121,101120,MO,READM-30-HF-HRRP,71,,1.0728,0.2185,0.2037,16,07/01/2020,06/30/2023
SAMPLE HOSPITAL 1121,101120,MO,READM-30-COPD-HRRP,89,,1.0178,0.2611,0.2565,23,07/01/2020,06/30/2023
SAMPLE HOSPITAL 1121,101120,MO,READM-30-CABG-HRRP,54,,0.979,0.1426,0.1457,8,07/01/2020,06/30/2023
SAMPLE HOSPITAL 1121,101120,MO,READM-30-PN-HRRP,972,,0.9936,0.1603,0.1613,156,07/01/2020,06/30/2023
SAMPLE HOSPITAL 1121,101120,MO,READM-30-HIP-KNEE-HRRP,153,,1.0465,0.1507,0.144,23,07/01/2020,06/30/2023
SAMPLE HOSPITAL 1122,101121,TN,READM-30-AMI-HRRP,303,,0.9358,0.1332,0.1423,40,07/01/2020,06/30/2023
SAMPLE HOSPITAL 1122,101121,TN,READM-30-HF-HRRP,537,,1.1173,0.1461,0.1308,78,07/01/2020,06/30/2023
SAMPLE HOSPITAL 1122,101121,TN,READM-30-PN-HRRP,168,,1.0659,0.2695,0.2528,45,07/01/2020,06/30/2023
SAMPLE HOSPITAL 1123,101122,WV,READM-30-HIP-KNEE-HRRP,350,,1.0999,0.283,0.2573,99,07/01/2020,06/30/2023
SAMPLE HOSPITAL 1123,101122,WV,READM-30-COPD-HRRP,155,,1.0938,0.1385,0.1266,21,07/01/2020,06/30/2023
SAMPLE HOSPITAL 1123,101122,WV,READM-30-HF-HRRP,259,,0.9403,0.1179,0.1254,31,07/01/2020,06/30/2023
SAMPLE HOSPITAL 1123,101122,WV,READM-30-PN-HRRP,418,,1.0625,0.2222,0.2091,93,07/01/2020,06/30/2023
SAMPLE HOSPITAL 1123,101122,WV,READM-30-AMI-HRRP,138,,0.93,0.1437,0.1545,20,07/01/2020,06/30/2023
SAMPLE HOSPITAL 1123,101122,WV,READM-30-CABG-HRRP,194,,0.9617,0.161,0.1674,31,07/01/2020,06/30/2023
SAMPLE HOSPITAL 1124,101123,AR,READM-30-HF-HRRP,149,,0.9662,0.1882,0.1948,28,07/01/2020,06/30/2023
SAMPLE HOSPITAL 1124,101123,AR,READM-30-PN-HRRP,49,,1.0456,0.2561,0.2449,13,07/01/2020,06/30/2023
SAMPLE HOSPITAL 1124,101123,AR,READM-30-AMI-HRRP,97,,1.0092,0.1823,0.1806,18,07/01/2020,06/30/2023
SAMPLE HOSPITAL 1124,101123,AR,READM-30-COPD-HRRP,507,,1.0758,0.2762,0.2567,140,07/01/2020,06/30/2023
SAMPLE HOSPITAL 1124,101123,AR,READM-30-CABG-HRRP,294,,0.9691,0.1705,0.1759,50,07/01/2020,06/30/2023
SAMPLE HOSPITAL 1124,101123,AR,READM-30-HIP-KNEE-HRRP,Too Few to Report,1,Too Few to Report,,,,07/01/2020,06/30/2023
SAMPLE HOSPITAL 1125,101124,VT,READM-30-HF-HRRP,299,,1.0257,0.1861,0.1814,56,07/01/2020,06/30/2023
SAMPLE HOSPITAL 1125,101124,VT,READM-30-PN-HRRP,486,,1.0388,0.2407,0.2317,117,07/01/2020,06/30/2023
SAMPLE HOSPITAL 1125,101124,VT,READM-30-AMI-HRRP,193,,0.9439,0.1922,0.2036,37,07/01/2020,06/30/2023
SAMPLE HOSPITAL 1125,101124,VT,READM-30-HIP-KNEE-HRRP,639,,1.0292,0.1809,0.1758,116,07/01/2020,06/30/2023
SAMPLE HOSPITAL 1125,101124,VT,READM-30-CABG-HRRP,309,,0.957,0.2337,0.2442,72,07/01/2020,06/30/2023
SAMPLE HOSPITAL 1125,101124,VT,READM-30-COPD-HRRP,274,,0.9468,0.2413,0.2549,66,07/01/2020,06/30/2023
SAMPLE HOSPITAL 1126,101125,IA,READM-30-AMI-HRRP,43,,0.9483,0.2334,0.2461,10,07/01/2020,06/30/2023
SAMPLE HOSPITAL 1126,101125,IA,READM-30-HF-HRRP,138,,1.0346,0.1592,0.1539,22,07/01/2020,06/30/2023
SAMPLE HOSPITAL 1126,101125,IA,READM-30-PN-HRRP,139,,1.0019,0.2204,0.22,31,07/01/2020,06/30/2023
SAMPLE HOSPITAL 1126,101125,IA,READM-30-CABG-HRRP,227,,1.0159,0.1698,0.1671,39,07/01/2020,06/30/2023
SAMPLE HOSPITAL 1127,101126,IL,READM-30-HIP-KNEE-HRRP,52,,1.0792,0.1425,0.132,7,07/01/2020,06/30/2023
SAMPLE HOSPITAL 1127,101126,IL,READM-30-AMI-HRRP,226,,1.0357,0.2054,0.1983,46,07/01/2020,06/30/2023
SAMPLE HOSPITAL 1127,101126,IL,READM-30-COPD-HRRP,266,,1.0505,0.1465,0.1395,39,07/01/2020,06/30/2023
SAMPLE HOSPITAL 1127,101126,IL,READM-30-PN-HRRP,160,,1.0715,0.2454,0.229,39,07/01/2020,06/30/2023
SAMPLE HOSPITAL 1128,101127,WA,READM-30-HIP-KNEE-HRRP,163,,0.9228,0.1859,0.2015,30,07/01/2020,06/30/2023
SAMPLE HOSPITAL 1128,101127,WA,READM-30-COPD-HRRP,153,,0.9873,0.1524,0.1544,23,07/01/2020,06/30/2023
SAMPLE HOSPITAL 1128,101127,WA,READM-30-AMI-HRRP,389,,0.9276,0.2144,0.2311,83,07/01/2020,06/30/2023
SAMPLE HOSPITAL 1128,101127,WA,READM-30-CABG-HRRP,248,,0.9981,0.2233,0.2237,55,07/01/2020,06/30/2023
SAMPLE HOSPITAL 1128,101127,WA,READM-30-PN-HRRP,142,,1.0048,0.1339,0.1333,19,07/01/2020,06/30/2023
SAMPLE HOSPITAL 1129,101128,RI,READM-30-CABG-HRRP,890,,0.9067,0.1608,0.1774,143,07/01/2020,06/30/2023
SAMPLE HOSPITAL 1129,101128,RI,READM-30-COPD-HRRP,237,,0.918,0.1125,0.1226,27,07/01/2020,06/30/2023
SAMPLE HOSPITAL 1129,101128,RI,READM-30-PN-HRRP,161,,1.0215,0.1586,0.1553,26,07/01/2020,06/30/2023
SAMPLE HOSPITAL 1129,101128,RI,READM-30-AMI-HRRP,29,,1.1278,0.14,0.1241,4,07/01/2020,06/30/2023
SAMPLE HOSPITAL 1129,101128,RI,READM-30-HF-HRRP,5110,,0.8936,0.1247,0.1395,637,07/01/2020,06/30/2023
SAMPLE HOSPITAL 1130,101129,SD,READM-30-AMI-HRRP,81,,1.0442,0.1709,0.1637,14,07/01/2020,06/30/2023
SAMPLE HOSPITAL 1130,101129,SD,READM-30-PN-HRRP,56,,0.9536,0.1611,0.1689,9,07/01/2020,06/30/2023
SAMPLE HOSPITAL 1130,101129,SD,READM-30-HIP-KNEE-HRRP,141,,1.1017,0.2517,0.2285,35,07/01/2020,06/30/2023
SAMPLE HOSPITAL 1130,101129,SD,READM-30-CABG-HRRP,244,,0.9802,0.1331,0.1358,32,07/01/2020,06/30/2023
SAMPLE HOSPITAL 1130,101129,SD,READM-30-COPD-HRRP,220,,0.8968,0.1948,0.2172,43,07/01/2020,06/30/2023
SAMPLE HOSPITAL 1130,101129,SD,READM-30-HF-HRRP,77,,1.0285,0.1244,0.121,10,07/01/2020,06/30/2023
SAMPLE HOSPITAL 1131,101130,UT,READM-30-HIP-KNEE-HRRP,68,,1.0538,0.1872,0.1776,13,07/01/2020,06/30/2023
SAMPLE HOSPITAL 1131,101130,UT,READM-30-CABG-HRRP,137,,1.0288,0.177,0.172,24,07/01/2020,06/30/2023
SAMPLE HOSPITAL 1131,101130,UT,READM-30-PN-HRRP,98,,1.0705,0.1328,0.1241,13,07/01/2020,06/30/2023
SAMPLE HOSPITAL 1131,101130,UT,READM-30-COPD-HRRP,147,,1.0794,0.2511,0.2326,37,07/01/2020,06/30/2023
SAMPLE HOSPITAL 1131,101130,UT,READM-30-AMI-HRRP,360,,1.0492,0.2672,0.2547,96,07/01/2020,06/30/2023
SAMPLE HOSPITAL 1132,101131,MA,READM-30-PN-HRRP,242,,1.0551,0.1577,0.1495,38,07/01/2020,06/30/2023
SAMPLE HOSPITAL 1132,101131,MA,READM-30-COPD-HRRP,38,,1.0429,0.2323,0.2227,9,07/01/2020,06/30/2023
SAMPLE HOSPITAL 1132,101131,MA,READM-30-HIP-KNEE-HRRP,97,,1.0018,0.1974,0.197,19,07/01/2020,06/30/2023
SAMPLE HOSPITAL 1132,101131,MA,READM-30-CABG-HRRP,231,,1.03,0.1434,0.1392,33,07/01/2020,06/30/2023
SAMPLE HOSPITAL 1132,101131,MA,READM-30-HF-HRRP,92,,0.8501,0.2175,0.2559,20,07/01/2020,06/30/2023
SAMPLE HOSPITAL 1133,101132,WY,READM-30-COPD-HRRP,273,,0.9155,0.1369,0.1495,37,07/01/2020,06/30/2023
SAMPLE HOSPITAL 1133,101132,WY,READM-30-CABG-HRRP,120,,0.9108,0.1128,0.1238,14,07/01/2020,06/30/2023
SAMPLE HOSPITAL 1133,101132,WY,READM-30-HIP-KNEE-HRRP,193,,1.0147,0.2488,0.2452,48,07/01/2020,06/30/2023
SAMPLE HOSPITAL 1134,101133,IA,READM-30-AMI-HRRP,47,,1.0595,0.1452,0.137,7,07/01/2020,06/30/2023
SAMPLE HOSPITAL 1134,101133,IA,READM-30-CABG-HRRP,142,,0.9831,0.2379,0.242,34,07/01/2020,06/30/2023
SAMPLE HOSPITAL 1134,101133,IA,READM-30-HF-HRRP,569,,0.9346,0.2127,0.2276,121,07/01/2020,06/30/2023
SAMPLE HOSPITAL 1134,101133,IA,READM-30-COPD-HRRP,124,,0.9552,0.1473,0.1542,18,07/01/2020,06/30/2023
SAMPLE HOSPITAL 1135,101134,AL,READM-30-CABG-HRRP,337,,1.0922,0.1631,0.1493,55,07/01/2020,06/30/2023
SAMPLE HOSPITAL 1135,101134,AL,READM-30-COPD-HRRP,158,,0.9628,0.116,0.1205,18,07/01/2020,06/30/2023
SAMPLE HOSPITAL 1135,101134,AL,READM-30-HIP-KNEE-HRRP,115,,1.0003,0.145,0.145,17,07/01/2020,06/30/2023
SAMPLE HOSPITAL 1135,101134,AL,READM-30-PN-HRRP,208,,1.0044,0.244,0.2429,51,07/01/2020,06/30/2023
SAMPLE HOSPITAL 1136,101135,MS,READM-30-PN-HRRP,51,,0.9605,0.2247,0.2339,11,07/01/2020,06/30/2023
SAMPLE HOSPITAL 1136,101135,MS,READM-30-CABG-HRRP,64,,1.1375,0.2226,0.1957,14,07/01/2020,06/30/2023
SAMPLE HOSPITAL 1136,101135,MS,READM-30-HF-HRRP,112,,1.0478,0.2018,0.1926,23,07/01/2020,06/30/2023
SAMPLE HOSPITAL 1137,101136,LA,READM-30-COPD-HRRP,187,,1.0076,0.1801,0.1787,34,07/01/2020,06/30/2023
SAMPLE HOSPITAL 1137,101136,LA,READM-30-AMI-HRRP,1011,,1.008,0.2146,0.2129,217,07/01/2020,06/30/2023
SAMPLE HOSPITAL 1137,101136,LA,READM-30-PN-HRRP,67,,1.033,0.2581,0.2499,17,07/01/2020,06/30/2023
SAMPLE HOSPITAL 1137,101136,LA,READM-30-HF-HRRP,316,,1.1784,0.2094,0.1777,66,07/01/2020,06/30/2023
SAMPLE HOSPITAL 1137,101136,LA,READM-30-CABG-HRRP,127,,0.9748,0.2003,0.2055,25,07/01/2020,06/30/2023
SAMPLE HOSPITAL 1137,101136,LA,READM-30-HIP-KNEE-HRRP,211,,1.0308,0.2504,0.2429,53,07/01/2020,06/30/2023
SAMPLE HOSPITAL 1138,101137,KS,READM-30-HIP-KNEE-HRRP,560,,0.9805,0.156,0.1591,87,07/01/2020,06/30/2023
SAMPLE HOSPITAL 1138,101137,KS,READM-30-PN-HRRP,270,,0.9894,0.239,0.2416,65,07/01/2020,06/30/2023
SAMPLE HOSPITAL 1138,101137,KS,READM-30-AMI-HRRP,185,,0.9643,0.2419,0.2509,45,07/01/2020,06/30/2023
SAMPLE HOSPITAL 1139,101138,DE,READM-30-HIP-KNEE-HRRP,65,,0.9551,0.1982,0.2075,13,07/01/2020,06/30/2023
SAMPLE HOSPITAL 1139,101138,DE,READM-30-COPD-HRRP,152,,1.0187,0.1388,0.1363,21,07/01/2020,06/30/2023
SAMPLE HOSPITAL 1139,101138,DE,READM-30-HF-HRRP,147,,0.88,0.1117,0.1269,16,07/01/2020,06/30/2023
SAMPLE HOSPITAL 1139,101138,DE,READM-30-AMI-HRRP,329,,0.8852,0.156,0.1762,51,07/01/2020,06/30/2023
SAMPLE HOSPITAL 1139,101138,DE,READM-30-PN-HRRP,Too Few to Report,1,Too Few to Report,,,,07/01/2020,06/30/2023
SAMPLE HOSPITAL 1140,101139,NH,READM-30-AMI-HRRP,205,,0.9959,0.1292,0.1297,26,07/01/2020,06/30/2023
SAMPLE HOSPITAL 1140,101139,NH,READM-30-CABG-HRRP,88,,0.9995,0.2563,0.2564,23,07/01/2020,06/30/2023
SAMPLE HOSPITAL 1140,101139,NH,READM-30-COPD-HRRP,360,,1.0872,0.237,0.218,85,07/01/2020,06/30/2023
SAMPLE HOSPITAL 1140,101139,NH,READM-30-HF-HRRP,351,,1.0666,0.1794,0.1682,63,07/01/2020,06/30/2023
SAMPLE HOSPITAL 1140,101139,NH,READM-30-PN-HRRP,293,,1.0811,0.1901,0.1758,56,07/01/2020,06/30/2023
SAMPLE HOSPITAL 1140,101139,NH,READM-30-HIP-KNEE-HRRP,52,,1.0323,0.1408,0.1364,7,07/01/2020,06/30/2023
SAMPLE HOSPITAL 1141,101140,VT,READM-30-AMI-HRRP,2350,,1.0443,0.2445,0.2341,575,07/01/2020,06/30/2023
SAMPLE HOSPITAL 1141,101140,VT,READM-30-HIP-KNEE-HRRP,389,,1.0856,0.145,0.1336,56,07/01/2020,06/30/2023
SAMPLE HOSPITAL 1141,101140,VT,READM-30-CABG-HRRP,89,,1.0607,0.2045,0.1928,18,07/01/2020,06/30/2023
SAMPLE HOSPITAL 1141,101140,VT,READM-30-COPD-HRRP,106,,1.1191,0.1487,0.1329,16,07/01/2020,06/30/2023
SAMPLE HOSPITAL 1141,101140,VT,READM-30-PN-HRRP,1512,,1.075,0.2164,0.2013,327,07/01/2020,06/30/2023
SAMPLE HOSPITAL 1142,101141,IL,READM-30-CABG-HRRP,44,,1.0282,0.1397,0.1359,6,07/01/2020,06/30/2023
SAMPLE HOSPITAL 1142,101141,IL,READM-30-COPD-HRRP,155,,0.9218,0.1354,0.1469,21,07/01/2020,06/30/2023
SAMPLE HOSPITAL 1142,101141,IL,READM-30-PN-HRRP,828,,1.0999,0.1678,0.1526,139,07/01/2020,06/30/2023
SAMPLE HOSPITAL 1142,101141,IL,READM-30-AMI-HRRP,Too Few to Report,1,Too Few to Report,,,,07/01/2020,06/30/2023
SAMPLE HOSPITAL 1142,101141,IL,READM-30-HF-HRRP,1036,,0.9863,0.1844,0.187,191,07/01/2020,06/30/2023
SAMPLE HOSPITAL 1142,101141,IL,READM-30-HIP-KNEE-HRRP,2032,,1.0764,0.1978,0.1838,402,07/01/2020,06/30/2023
SAMPLE HOSPITAL 1143,101142,NY,READM-30-HF-HRRP,313,,0.9658,0.2378,0.2462,74,07/01/2020,06/30/2023
SAMPLE HOSPITAL 1143,101142,NY,READM-30-PN-HRRP,86,,1.0736,0.2692,0.2507,23,07/01/2020,06/30/2023
SAMPLE HOSPITAL 1143,101142,NY,READM-30-HIP-KNEE-HRRP,101,,1.0095,0.147,0.1456,15,07/01/2020,06/30/2023
SAMPLE HOSPITAL 1143,101142,NY,READM-30-CABG-HRRP,76,,1.1689,0.1975,0.169,15,07/01/2020,06/30/2023
SAMPLE HOSPITAL 1144,101143,OH,READM-30-HIP-KNEE-HRRP,56,,1.0944,0.2073,0.1894,12,07/01/2020,06/30/2023
SAMPLE HOSPITAL 1144,101143,OH,READM-30-PN-HRRP,89,,1.0956,0.242,0.2209,22,07/01/2020,06/30/2023
SAMPLE HOSPITAL 1144,101143,OH,READM-30-COPD-HRRP,87,,1.0122,0.2376,0.2347,21,07/01/2020,06/30/2023
SAMPLE HOSPITAL 1145,101144,OR,READM-30-CABG-HRRP,61,,1.0273,0.2404,0.234,15,07/01/2020,06/30/2023
SAMPLE HOSPITAL 1145,101144,OR,READM-30-COPD-HRRP,28,,0.8946,0.1247,0.1394,3,07/01/2020,06/30/2023
SAMPLE HOSPITAL 1145,101144,OR,READM-30-HF-HRRP,40,,0.8522,0.111,0.1302,4,07/01/2020,06/30/2023
SAMPLE HOSPITAL 1145,101144,OR,READM-30-PN-HRRP,211,,0.9041,0.1642,0.1816,35,07/01/2020,06/30/2023
SAMPLE HOSPITAL 1145,101144,OR,READM-30-AMI-HRRP,103,,0.9645,0.209,0.2167,22,07/01/2020,06/30/2023
SAMPLE HOSPITAL 1145,101144,OR,READM-30-HIP-KNEE-HRRP,128,,1.0055,0.2371,0.2358,30,07/01/2020,06/30/2023
SAMPLE HOSPITAL 1146,101145,ID,READM-30-CABG-HRRP,50,,1.0063,0.204,0.2027,10,07/01/2020,06/30/2023
SAMPLE HOSPITAL 1146,101145,ID,READM-30-AMI-HRRP,124,,0.9676,0.2124,0.2195,26,07/01/2020,06/30/2023
SAMPLE HOSPITAL 1146,101145,ID,READM-30-HF-HRRP,884,,1.0498,0.2528,0.2408,223,07/01/2020,06/30/2023
SAMPLE HOSPITAL 1146,101145,ID,READM-30-COPD-HRRP,98,,1.0218,0.188,0.184,18,07/01/2020,06/30/2023
SAMPLE HOSPITAL 1146,101145,ID,READM-30-HIP-KNEE-HRRP,213,,0.9237,0.1719,0.1861,37,07/01/2020,06/30/2023
SAMPLE HOSPITAL 1147,101146,AK,READM-30-PN-HRRP,43,,1.0654,0.2324,0.2181,10,07/01/2020,06/30/2023
SAMPLE HOSPITAL 1147,101146,AK,READM-30-CABG-HRRP,681,,1.0443,0.1335,0.1278,91,07/01/2020,06/30/2023
SAMPLE HOSPITAL 1147,101146,AK,READM-30-HF-HRRP,524,,0.9306,0.2354,0.253,123,07/01/2020,06/30/2023
SAMPLE HOSPITAL 1147,101146,AK,READM-30-AMI-HRRP,148,,0.978,0.1674,0.1712,25,07/01/2020,06/30/2023
SAMPLE HOSPITAL 1147,101146,AK,READM-30-HIP-KNEE-HRRP,156,,1.0234,0.2196,0.2146,34,07/01/2020,06/30/2023
SAMPLE HOSPITAL 1147,101146,AK,READM-30-COPD-HRRP,44,,0.997,0.1316,0.132,6,07/01/2020,06/30/2023
SAMPLE HOSPITAL 1148,101147,VA,READM-30-COPD-HRRP,216,,0.9771,0.161,0.1648,35,07/01/2020,06/30/2023
SAMPLE HOSPITAL 1148,101147,VA,READM-30-HIP-KNEE-HRRP,124,,1.0064,0.1364,0.1355,17,07/01/2020,06/30/2023
SAMPLE HOSPITAL 1148,101147,VA,READM-30-HF-HRRP,58,,1.0964,0.1601,0.146,9,07/01/2020,06/30/2023
SAMPLE HOSPITAL 1148,101147,VA,READM-30-PN-HRRP,454,,1.0189,0.1837,0.1803,83,07/01/2020,06/30/2023
SAMPLE HOSPITAL 1149,101148,MA,READM-30-PN-HRRP,252,,1.05,0.1327,0.1264,33,07/01/2020,06/30/2023
SAMPLE HOSPITAL 1149,101148,MA,READM-30-HIP-KNEE-HRRP,359,,0.9812,0.1318,0.1343,47,07/01/2020,06/30/2023
SAMPLE HOSPITAL 1149,101148,MA,READM-30-COPD-HRRP,741,,0.9819,0.1528,0.1556,113,07/01/2020,06/30/2023
SAMPLE HOSPITAL 1149,101148,MA,READM-30-AMI-HRRP,251,,1.036,0.1709,0.165,43,07/01/2020,06/30/2023
SAMPLE HOSPITAL 1149,101148,MA,READM-30-HF-HRRP,83,,1.0038,0.2367,0.2358,20,07/01/2020,06/30/2023
SAMPLE HOSPITAL 1150,101149,MO,READM-30-AMI-HRRP,347,,1.0416,0.1389,0.1334,48,07/01/2020,06/30/2023
SAMPLE HOSPITAL 1150,101149,MO,READM-30-COPD-HRRP,1344,,1.0708,0.2157,0.2014,290,07/01/2020,06/30/2023
SAMPLE HOSPITAL 1150,101149,MO,READM-30-HIP-KNEE-HRRP,555,,1.0305,0.1387,0.1346,77,07/01/2020,06/30/2023
SAMPLE HOSPITAL 1150,101149,MO,READM-30-HF-HRRP,88,,0.9984,0.1324,0.1326,12,07/01/2020,06/30/2023
SAMPLE HOSPITAL 1151,101150,CO,READM-30-PN-HRRP,192,,0.9214,0.2083,0.2261,40,07/01/2020,06/30/2023
SAMPLE HOSPITAL 1151,101150,CO,READM-30-AMI-HRRP,40,,1.0185,0.1741,0.1709,7,07/01/2020,06/30/2023
SAMPLE HOSPITAL 1151,101150,CO,READM-30-HIP-KNEE-HRRP,179,,0.9857,0.2544,0.2581,46,07/01/2020,06/30/2023
SAMPLE HOSPITAL 1151,101150,CO,READM-30-COPD-HRRP,145,,1.0128,0.2523,0.2491,37,07/01/2020,06/30/2023
SAMPLE HOSPITAL 1151,101150,CO,READM-30-HF-HRRP,67,,0.9935,0.2429,0.2445,16,07/01/2020,06/30/2023
SAMPLE HOSPITAL 1151,101150,CO,READM-30-CABG-HRRP,151,,0.8714,0.1313,0.1507,20,07/01/2020,06/30/2023
SAMPLE HOSPITAL 1152,101151,CO,READM-30-PN-HRRP,62,,0.9502,0.1736,0.1827,11,07/01/2020,06/30/2023
SAMPLE HOSPITAL 1152,101151,CO,READM-30-HF-HRRP,112,,0.9864,0.2538,0.2573,28,07/01/2020,06/30/2023
SAMPLE HOSPITAL 1152,101151,CO,READM-30-COPD-HRRP,188,,0.9729,0.1536,0.1579,29,07/01/2020,06/30/2023
SAMPLE HOSPITAL 1152,101151,CO,READM-30-HIP-KNEE-HRRP,622,,0.9824,0.2329,0.2371,145,07/01/2020,06/30/2023
SAMPLE HOSPITAL 1152,101151,CO,READM-30-AMI-HRRP,168,,0.9555,0.2013,0.2107,34,07/01/2020,06/30/2023
SAMPLE HOSPITAL 1152,101151,CO,READM-30-CABG-HRRP,757,,0.9182,0.2127,0.2317,161,07/01/2020,06/30/2023
SAMPLE HOSPITAL 1153,101152,CT,READM-30-HIP-KNEE-HRRP,391,,0.9508,0.2322,0.2442,91,07/01/2020,06/30/2023
SAMPLE HOSPITAL 1153,101152,CT,READM-30-COPD-HRRP,250,,0.9941,0.1891,0.1902,47,07/01/2020,06/30/2023
SAMPLE HOSPITAL 1153,101152,CT,READM-30-HF-HRRP,425,,1.0415,0.2577,0.2474,110,07/01/2020,06/30/2023
SAMPLE HOSPITAL 1153,101152,CT,READM-30-AMI-HRRP,663,,1.04,0.2016,0.1938,134,07/01/2020,06/30/2023
SAMPLE HOSPITAL 1154,101153,NM,READM-30-PN-HRRP,264,,0.9646,0.2107,0.2184,56,07/01/2020,06/30/2023
SAMPLE HOSPITAL 1154,101153,NM,READM-30-HIP-KNEE-HRRP,655,,0.9818,0.2039,0.2077,134,07/01/2020,06/30/2023
SAMPLE HOSPITAL 1154,101153,NM,READM-30-COPD-HRRP,80,,1.1041,0.2585,0.2341,21,07/01/2020,06/30/2023
SAMPLE HOSPITAL 1154,101153,NM,READM-30-HF-HRRP,535,,1.1323,0.2061,0.182,110,07/01/2020,06/30/2023
SAMPLE HOSPITAL 1155,101154,FL,READM-30-AMI-HRRP,383,,1.0565,0.2264,0.2143,87,07/01/2020,06/30/2023
SAMPLE HOSPITAL 1155,101154,FL,READM-30-COPD-HRRP,796,,1.0659,0.1491,0.1399,119,07/01/2020,06/30/2023
SAMPLE HOSPITAL 1155,101154,FL,READM-30-HF-HRRP,324,,0.9934,0.2391,0.2407,77,07/01/2020,06/30/2023
SAMPLE HOSPITAL 1156,101155,MS,READM-30-CABG-HRRP,52,,1.0641,0.2635,0.2476,14,07/01/2020,06/30/2023
SAMPLE HOSPITAL 1156,101155,MS,READM-30-PN-HRRP,336,,0.9502,0.1409,0.1483,47,07/01/2020,06/30/2023
SAMPLE HOSPITAL 1156,101155,MS,READM-30-AMI-HRRP,74,,0.9548,0.1841,0.1928,14,07/01/2020,06/30/2023
SAMPLE HOSPITAL 1156,101155,MS,READM-30-COPD-HRRP,154,,1.0535,0.2541,0.2412,39,07/01/2020,06/30/2023
SAMPLE HOSPITAL 1156,101155,MS,READM-30-HF-HRRP,406,,0.9346,0.1123,0.1202,46,07/01/2020,06/30/2023
SAMPLE HOSPITAL 1157,101156,HI,READM-30-HIP-KNEE-HRRP,388,,1.1007,0.1354,0.123,53,07/01/2020,06/30/2023
SAMPLE HOSPITAL 1157,101156,HI,READM-30-PN-HRRP,124,,1.0244,0.1495,0.1459,19,07/01/2020,06/30/2023
SAMPLE HOSPITAL 1157,101156,HI,READM-30-HF-HRRP,174,,0.9616,0.1399,0.1455,24,07/01/2020,06/30/2023
SAMPLE HOSPITAL 1157,101156,HI,READM-30-COPD-HRRP,438,,1.093,0.2365,0.2164,104,07/01/2020,06/30/2023
SAMPLE HOSPITAL 1158,101157,MI,READM-30-PN-HRRP,118,,1.01,0.1514,0.1499,18,07/01/2020,06/30/2023
SAMPLE HOSPITAL 1158,101157,MI,READM-30-COPD-HRRP,148,,0.9434,0.1161,0.1231,17,07/01/2020,06/30/2023
SAMPLE HOSPITAL 1158,101157,MI,READM-30-CABG-HRRP,162,,1.0036,0.2062,0.2055,33,07/01/2020,06/30/2023
SAMPLE HOSPITAL 1158,101157,MI,READM-30-HIP-KNEE-HRRP,263,,1.0872,0.1339,0.1232,35,07/01/2020,06/30/2023
SAMPLE HOSPITAL 1159,101158,AL,READM-30-HIP-KNEE-HRRP,157,,0.9594,0.1657,0.1727,26,07/01/2020,06/30/2023
SAMPLE HOSPITAL 1159,101158,AL,READM-30-COPD-HRRP,31,,1.0297,0.1499,0.1456,5,07/01/2020,06/30/2023
SAMPLE HOSPITAL 1159,101158,AL,READM-30-AMI-HRRP,40,,0.9567,0.2284,0.2387,9,07/01/2020,06/30/2023
SAMPLE HOSPITAL 1159,101158,AL,READM-30-HF-HRRP,258,,0.9815,0.1566,0.1596,40,07/01/2020,06/30/2023
SAMPLE HOSPITAL 1159,101158,AL,READM-30-CABG-HRRP,86,,1.0027,0.2606,0.2599,22,07/01/2020,06/30/2023
SAMPLE HOSPITAL 1159,101158,AL,READM-30-PN-HRRP,1487,,0.9792,0.1244,0.127,185,07/01/2020,06/30/2023
SAMPLE HOSPITAL 1160,101159,FL,READM-30-HIP-KNEE-HRRP,540,,1.0316,0.1845,0.1788,100,07/01/2020,06/30/2023
SAMPLE HOSPITAL 1160,101159,FL,READM-30-HF-HRRP,87,,0.9137,0.1452,0.1589,13,07/01/2020,06/30/2023
SAMPLE HOSPITAL 1160,101159,FL,READM-30-CABG-HRRP,681,,1.0535,0.2724,0.2586,186,07/01/2020,06/30/2023
SAMPLE HOSPITAL 1160,101159,FL,READM-30-PN-HRRP,69,,0.9048,0.1944,0.2148,13,07/01/2020,06/30/2023
SAMPLE HOSPITAL 1161,101160,FL,READM-30-CABG-HRRP,81,,1.0396,0.1682,0.1618,14,07/01/2020,06/30/2023
SAMPLE HOSPITAL 1161,101160,FL,READM-30-HIP-KNEE-HRRP,301,,0.9607,0.2454,0.2554,74,07/01/2020,06/30/2023
SAMPLE HOSPITAL 1161,101160,FL,READM-30-PN-HRRP,361,,0.9551,0.215,0.2251,78,07/01/2020,06/30/2023
SAMPLE HOSPITAL 1162,101161,KY,READM-30-COPD-HRRP,169,,0.9415,0.1482,0.1574,25,07/01/2020,06/30/2023
SAMPLE HOSPITAL 1162,101161,KY,READM-30-AMI-HRRP,208,,0.9857,0.2015,0.2044,42,07/01/2020,06/30/2023
SAMPLE HOSPITAL 1162,101161,KY,READM-30-HF-HRRP,79,,0.9726,0.1859,0.1911,15,07/01/2020,06/30/2023
SAMPLE HOSPITAL 1162,101161,KY,READM-30-CABG-HRRP,110,,0.9017,0.1374,0.1524,15,07/01/2020,06/30/2023
SAMPLE HOSPITAL 1162,101161,KY,READM-30-PN-HRRP,305,,0.9949,0.1864,0.1874,57,07/01/2020,06/30/2023
SAMPLE HOSPITAL 1162,101161,KY,READM-30-HIP-KNEE-HRRP,96,,0.8925,0.1815,0.2034,17,07/01/2020,06/30/2023
SAMPLE HOSPITAL 1163,101162,MA,READM-30-HIP-KNEE-HRRP,522,,0.9368,0.1564,0.1669,82,07/01/2020,06/30/2023
SAMPLE HOSPITAL 1163,101162,MA,READM-30-AMI-HRRP,438,,1.12,0.1531,0.1367,67,07/01/2020,06/30/2023
SAMPLE HOSPITAL 1163,101162,MA,READM-30-HF-HRRP,472,,1.1347,0.2469,0.2176,117,07/01/2020,06/30/2023
SAMPLE HOSPITAL 1163,101162,MA,READM-30-PN-HRRP,208,,0.9212,0.2087,0.2265,43,07/01/2020,06/30/2023
SAMPLE HOSPITAL 1164,101163,IL,READM-30-HIP-KNEE-HRRP,1107,,1.0334,0.2161,0.2091,239,07/01/2020,06/30/2023
SAMPLE HOSPITAL 1164,101163,IL,READM-30-HF-HRRP,58,,1.0133,0.1344,0.1326,8,07/01/2020,06/30/2023
SAMPLE HOSPITAL 1164,101163,IL,READM-30-COPD-HRRP,430,,1.0286,0.2378,0.2312,102,07/01/2020,06/30/2023
SAMPLE HOSPITAL 1165,101164,SD,READM-30-PN-HRRP,115,,1.0267,0.1816,0.1769,21,07/01/2020,06/30/2023
SAMPLE HOSPITAL 1165,101164,SD,READM-30-HIP-KNEE-HRRP,373,,0.9215,0.1765,0.1915,66,07/01/2020,06/30/2023
SAMPLE HOSPITAL 1165,101164,SD,READM-30-AMI-HRRP,257,,0.97,0.1665,0.1717,43,07/01/2020,06/30/2023
SAMPLE HOSPITAL 1165,101164,SD,READM-30-COPD-HRRP,53,,0.9039,0.1434,0.1587,8,07/01/2020,06/30/2023
SAMPLE HOSPITAL 1166,101165,TN,READM-30-HF-HRRP,546,,1.0074,0.1319,0.1309,72,07/01/2020,06/30/2023
SAMPLE HOSPITAL 1166,101165,TN,READM-30-PN-HRRP,82,,1.0012,0.2527,0.2524,21,07/01/2020,06/30/2023
SAMPLE HOSPITAL 1166,101165,TN,READM-30-HIP-KNEE-HRRP,139,,1.0026,0.1579,0.1575,22,07/01/2020,06/30/2023
SAMPLE HOSPITAL 1167,101166,WI,READM-30-CABG-HRRP,421,,1.0395,0.242,0.2328,102,07/01/2020,06/30/2023
SAMPLE HOSPITAL 1167,101166,WI,READM-30-HIP-KNEE-HRRP,164,,0.974,0.2123,0.218,35,07/01/2020,06/30/2023
SAMPLE HOSPITAL 1167,101166,WI,READM-30-PN-HRRP,220,,1.0197,0.2553,0.2504,56,07/01/2020,06/30/2023
SAMPLE HOSPITAL 1167,101166,WI,READM-30-HF-HRRP,225,,0.9079,0.1847,0.2034,42,07/01/2020,06/30/2023
SAMPLE HOSPITAL 1167,101166,WI,READM-30-AMI-HRRP,126,,1.0352,0.1599,0.1545,20,07/01/2020,06/30/2023
SAMPLE HOSPITAL 1168,101167,DE,READM-30-HIP-KNEE-HRRP,97,,0.9489,0.1336,0.1408,13,07/01/2020,06/30/2023
SAMPLE HOSPITAL 1168,101167,DE,READM-30-PN-HRRP,2400,,0.9421,0.2351,0.2495,564,07/01/2020,06/30/2023
SAMPLE HOSPITAL 1168,101167,DE,READM-30-AMI-HRRP,328,,1.0304,0.2572,0.2496,84,07/01/2020,06/30/2023
SAMPLE HOSPITAL 1168,101167,DE,READM-30-CABG-HRRP,66,,0.9562,0.159,0.1663,10,07/01/2020,06/30/2023
SAMPLE HOSPITAL 1168,101167,DE,READM-30-HF-HRRP,29,,0.957,0.1705,0.1782,5,07/01/2020,06/30/2023
SAMPLE HOSPITAL 1170,101169,ND,READM-30-HIP-KNEE-HRRP,130,,0.9938,0.2054,0.2067,27,07/01/2020,06/30/2023
SAMPLE HOSPITAL 1170,101169,ND,READM-30-CABG-HRRP,424,,1.0865,0.2709,0.2493,115,07/01/2020,06/30/2023
SAMPLE HOSPITAL 1170,101169,ND,READM-30-AMI-HRRP,62,,1.0823,0.2237,0.2067,14,07/01/2020,06/30/2023
SAMPLE HOSPITAL 1170,101169,ND,READM-30-COPD-HRRP,588,,1.0576,0.1458,0.1379,86,07/01/2020,06/30/2023
SAMPLE HOSPITAL 1170,101169,ND,READM-30-HF-HRRP,290,,1.0207,0.2217,0.2172,64,07/01/2020,06/30/2023
SAMPLE HOSPITAL 1170,101169,ND,READM-30-PN-HRRP,265,,1.1124,0.1374,0.1235,36,07/01/2020,06/30/2023
SAMPLE HOSPITAL 1171,101170,HI,READM-30-AMI-HRRP,28,,1.0972,0.196,0.1786,5,07/01/2020,06/30/2023
SAMPLE HOSPITAL 1171,101170,HI,READM-30-HF-HRRP,252,,0.9523,0.1737,0.1824,44,07/01/2020,06/30/2023
SAMPLE HOSPITAL 1171,101170,HI,READM-30-CABG-HRRP,50,,0.9193,0.2369,0.2577,12,07/01/2020,06/30/2023
SAMPLE HOSPITAL 1171,101170,HI,READM-30-HIP-KNEE-HRRP,886,,0.9963,0.1591,0.1597,141,07/01/2020,06/30/2023
SAMPLE HOSPITAL 1171,101170,HI,READM-30-COPD-HRRP,568,,1.0448,0.1423,0.1362,81,07/01/2020,06/30/2023
SAMPLE HOSPITAL 1171,101170,HI,READM-30-PN-HRRP,474,,1.0729,0.2772,0.2584,131,07/01/2020,06/30/2023
SAMPLE HOSPITAL 1172,101171,IL,READM-30-PN-HRRP,389,,1.0164,0.1532,0.1507,60,07/01/2020,06/30/2023
SAMPLE HOSPITAL 1172,101171,IL,READM-30-AMI-HRRP,83,,1.0129,0.151,0.1491,13,07/01/2020,06/30/2023
SAMPLE HOSPITAL 1172,101171,IL,READM-30-CABG-HRRP,54,,1.035,0.2549,0.2463,14,07/01/2020,06/30/2023
SAMPLE HOSPITAL 1173,101172,VA,READM-30-CABG-HRRP,418,,1.0175,0.1312,0.1289,55,07/01/2020,06/30/2023
SAMPLE HOSPITAL 1173,101172,VA,READM-30-PN-HRRP,130,,0.9905,0.1562,0.1577,20,07/01/2020,06/30/2023
SAMPLE HOSPITAL 1173,101172,VA,READM-30-HF-HRRP,65,,1.0522,0.2503,0.2379,16,07/01/2020,06/30/2023
SAMPLE HOSPITAL 1173,101172,VA,READM-30-HIP-KNEE-HRRP,101,,0.969,0.2465,0.2544,25,07/01/2020,06/30/2023
SAMPLE HOSPITAL 1174,101173,MT,READM-30-COPD-HRRP,137,,1.0549,0.209,0.1981,29,07/01/2020,06/30/2023
SAMPLE HOSPITAL 1174,101173,MT,READM-30-AMI-HRRP,163,,1.0714,0.2429,0.2267,40,07/01/2020,06/30/2023
SAMPLE HOSPITAL 1174,101173,MT,READM-30-PN-HRRP,221,,0.906,0.2218,0.2448,49,07/01/2020,06/30/2023
SAMPLE HOSPITAL 1174,101173,MT,READM-30-HIP-KNEE-HRRP,51,,0.9386,0.1282,0.1366,7,07/01/2020,06/30/2023
SAMPLE HOSPITAL 1174,101173,MT,READM-30-HF-HRRP,136,,1.0217,0.2239,0.2191,30,07/01/2020,06/30/2023
SAMPLE HOSPITAL 1175,101174,WA,READM-30-HF-HRRP,71,,0.9532,0.1946,0.2042,14,07/01/2020,06/30/2023
SAMPLE HOSPITAL 1175,101174,WA,READM-30-AMI-HRRP,208,,1.0004,0.172,0.1719,36,07/01/2020,06/30/2023
SAMPLE HOSPITAL 1175,101174,WA,READM-30-CABG-HRRP,627,,1.0472,0.209,0.1996,131,07/01/2020,06/30/2023
SAMPLE HOSPITAL 1175,101174,WA,READM-30-HIP-KNEE-HRRP,142,,1.0287,0.1714,0.1666,24,07/01/2020,06/30/2023
SAMPLE HOSPITAL 1175,101174,WA,READM-30-PN-HRRP,125,,0.9459,0.1147,0.1213,14,07/01/2020,06/30/2023
SAMPLE HOSPITAL 1176,101175,ND,READM-30-COPD-HRRP,149,,1.0738,0.2785,0.2594,41,07/01/2020,06/30/2023
SAMPLE HOSPITAL 1176,101175,ND,READM-30-PN-HRRP,69,,1.0287,0.1967,0.1912,14,07/01/2020,06/30/2023
SAMPLE HOSPITAL 1176,101175,ND,READM-30-CABG-HRRP,124,,1.0428,0.1344,0.1289,17,07/01/2020,06/30/2023
SAMPLE HOSPITAL 1176,101175,ND,READM-30-HF-HRRP,221,,1.0068,0.1582,0.1571,35,07/01/2020,06/30/2023
SAMPLE HOSPITAL 1176,101175,ND,READM-30-HIP-KNEE-HRRP,403,,1.0625,0.1685,0.1586,68,07/01/2020,06/30/2023
SAMPLE HOSPITAL 1176,101175,ND,READM-30-AMI-HRRP,85,,1.0408,0.1646,0.1581,14,07/01/2020,06/30/2023
SAMPLE HOSPITAL 1177,101176,WI,READM-30-COPD-HRRP,111,,1.0547,0.2596,0.2461,29,07/01/2020,06/30/2023
SAMPLE HOSPITAL 1177,101176,WI,READM-30-PN-HRRP,48,,0.9549,0.1774,0.1858,9,07/01/2020,06/30/2023
SAMPLE HOSPITAL 1177,101176,WI,READM-30-HIP-KNEE-HRRP,63,,0.9862,0.1409,0.1429,9,07/01/2020,06/30/2023
SAMPLE HOSPITAL 1177,101176,WI,READM-30-AMI-HRRP,1059,,1.0756,0.2057,0.1912,218,07/01/2020,06/30/2023
SAMPLE HOSPITAL 1177,101176,WI,READM-30-CABG-HRRP,104,,0.9566,0.1405,0.1469,15,07/01/2020,06/30/2023
SAMPLE HOSPITAL 1178,101177,WI,READM-30-HF-HRRP,548,,0.9822,0.2289,0.233,125,07/01/2020,06/30/2023
SAMPLE HOSPITAL 1178,101177,WI,READM-30-CABG-HRRP,1120,,1.08,0.2514,0.2328,282,07/01/2020,06/30/2023
SAMPLE HOSPITAL 1178,101177,WI,READM-30-AMI-HRRP,214,,0.9108,0.1632,0.1792,35,07/01/2020,06/30/2023
SAMPLE HOSPITAL 1179,101178,NE,READM-30-AMI-HRRP,344,,1.0314,0.2538,0.2461,87,07/01/2020,06/30/2023
SAMPLE HOSPITAL 1179,101178,NE,READM-30-HIP-KNEE-HRRP,146,,1.1474,0.1793,0.1563,26,07/01/2020,06/30/2023
SAMPLE HOSPITAL 1179,101178,NE,READM-30-PN-HRRP,245,,1.0265,0.2069,0.2016,51,07/01/2020,06/30/2023
SAMPLE HOSPITAL 1179,101178,NE,READM-30-CABG-HRRP,102,,0.9803,0.1403,0.1431,14,07/01/2020,06/30/2023
SAMPLE HOSPITAL 1179,101178,NE,READM-30-COPD-HRRP,462,,1.0031,0.1252,0.1248,58,07/01/2020,06/30/2023
SAMPLE HOSPITAL 1179,101178,NE,READM-30-HF-HRRP,751,,0.9989,0.2454,0.2457,184,07/01/2020,06/30/2023
SAMPLE HOSPITAL 1180,101179,NE,READM-30-PN-HRRP,82,,0.9759,0.1575,0.1614,13,07/01/2020,06/30/2023
SAMPLE HOSPITAL 1180,101179,NE,READM-30-HIP-KNEE-HRRP,45,,0.9177,0.2076,0.2262,9,07/01/2020,06/30/2023
SAMPLE HOSPITAL 1180,101179,NE,READM-30-COPD-HRRP,70,,0.9817,0.1346,0.1371,9,07/01/2020,06/30/2023
SAMPLE HOSPITAL 1180,101179,NE,READM-30-CABG-HRRP,133,,1.0865,0.2327,0.2142,31,07/01/2020,06/30/2023
SAMPLE HOSPITAL 1180,101179,NE,READM-30-HF-HRRP,111,,0.9485,0.1857,0.1958,21,07/01/2020,06/30/2023
SAMPLE HOSPITAL 1181,101180,CT,READM-30-CABG-HRRP,100,,1.0462,0.1928,0.1843,19,07/01/2020,06/30/2023
SAMPLE HOSPITAL 1181,101180,CT,READM-30-HIP-KNEE-HRRP,454,,0.9623,0.2321,0.2412,105,07/01/2020,06/30/2023
SAMPLE HOSPITAL 1181,101180,CT,READM-30-AMI-HRRP,201,,0.9664,0.1982,0.2051,40,07/01/2020,06/30/2023
SAMPLE HOSPITAL 1181,101180,CT,READM-30-COPD-HRRP,290,,1.0059,0.1306,0.1298,38,07/01/2020,06/30/2023
SAMPLE HOSPITAL 1181,101180,CT,READM-30-PN-HRRP,323,,0.8965,0.2126,0.2371,69,07/01/2020,06/30/2023
SAMPLE HOSPITAL 1182,101181,PA,READM-30-HF-HRRP,513,,0.944,0.2178,0.2307,112,07/01/2020,06/30/2023
SAMPLE HOSPITAL 1182,101181,PA,READM-30-AMI-HRRP,118,,0.9809,0.1314,0.134,16,07/01/2020,06/30/2023
SAMPLE HOSPITAL 1182,101181,PA,READM-30-PN-HRRP,304,,0.9771,0.1301,0.1332,40,07/01/2020,06/30/2023
SAMPLE HOSPITAL 1183,101182,VA,READM-30-COPD-HRRP,Too Few to Report,1,Too Few to Report,,,,07/01/2020,06/30/2023
SAMPLE HOSPITAL 1183,101182,VA,READM-30-HF-HRRP,649,,0.9642,0.2049,0.2125,133,07/01/2020,06/30/2023
SAMPLE HOSPITAL 1183,101182,VA,READM-30-AMI-HRRP,193,,1.0489,0.1687,0.1608,33,07/01/2020,06/30/2023
SAMPLE HOSPITAL 1183,101182,VA,READM-30-PN-HRRP,114,,1.0056,0.2514,0.25,29,07/01/2020,06/30/2023
SAMPLE HOSPITAL 1183,101182,VA,READM-30-HIP-KNEE-HRRP,198,,0.9462,0.168,0.1775,33,07/01/2020,06/30/2023
SAMPLE HOSPITAL 1183,101182,VA,READM-30-CABG-HRRP,197,,0.9876,0.162,0.164,32,07/01/2020,06/30/2023
SAMPLE HOSPITAL 1184,101183,TX,READM-30-CABG-HRRP,598,,1.0209,0.1608,0.1575,96,07/01/2020,06/30/2023
SAMPLE HOSPITAL 1184,101183,TX,READM-30-HF-HRRP,295,,0.9319,0.1588,0.1704,47,07/01/2020,06/30/2023
SAMPLE HOSPITAL 1184,101183,TX,READM-30-PN-HRRP,834,,1.0158,0.1647,0.1621,137,07/01/2020,06/30/2023
SAMPLE HOSPITAL 1184,101183,TX,READM-30-AMI-HRRP,208,,1.0011,0.1857,0.1855,39,07/01/2020,06/30/2023
SAMPLE HOSPITAL 1185,101184,MN,READM-30-HF-HRRP,83,,0.9442,0.2281,0.2416,19,07/01/2020,06/30/2023
SAMPLE HOSPITAL 1185,101184,MN,READM-30-COPD-HRRP,379,,0.9294,0.1903,0.2048,72,07/01/2020,06/30/2023
SAMPLE HOSPITAL 1185,101184,MN,READM-30-PN-HRRP,139,,1.0566,0.223,0.2111,31,07/01/2020,06/30/2023
SAMPLE HOSPITAL 1185,101184,MN,READM-30-CABG-HRRP,143,,1.0597,0.2596,0.245,37,07/01/2020,06/30/2023
SAMPLE HOSPITAL 1186,101185,WV,READM-30-COPD-HRRP,60,,1.0814,0.1494,0.1382,9,07/01/2020,06/30/2023
SAMPLE HOSPITAL 1186,101185,WV,READM-30-AMI-HRRP,163,,0.9819,0.1883,0.1918,31,07/01/2020,06/30/2023
SAMPLE HOSPITAL 1186,101185,WV,READM-30-PN-HRRP,217,,1.0878,0.1814,0.1668,39,07/01/2020,06/30/2023
SAMPLE HOSPITAL 1186,101185,WV,READM-30-CABG-HRRP,140,,1.0492,0.2625,0.2502,37,07/01/2020,06/30/2023
SAMPLE HOSPITAL 1187,101186,MA,READM-30-COPD-HRRP,361,,1.0412,0.1914,0.1838,69,07/01/2020,06/30/2023
SAMPLE HOSPITAL 1187,101186,MA,READM-30-AMI-HRRP,167,,0.9765,0.1432,0.1466,24,07/01/2020,06/30/2023
SAMPLE HOSPITAL 1187,101186,MA,READM-30-HIP-KNEE-HRRP,214,,0.9475,0.2238,0.2362,48,07/01/2020,06/30/2023
SAMPLE HOSPITAL 1187,101186,MA,READM-30-CABG-HRRP,79,,0.9853,0.1352,0.1372,11,07/01/2020,06/30/2023
SAMPLE HOSPITAL 1188,101187,MN,READM-30-HIP-KNEE-HRRP,175,,1.0405,0.1645,0.1581,29,07/01/2020,06/30/2023
SAMPLE HOSPITAL 1188,101187,MN,READM-30-PN-HRRP,96,,1.0775,0.1849,0.1716,18,07/01/2020,06/30/2023
SAMPLE HOSPITAL 1188,101187,MN,READM-30-COPD-HRRP,99,,1.0681,0.199,0.1863,20,07/01/2020,06/30/2023
SAMPLE HOSPITAL 1188,101187,MN,READM-30-AMI-HRRP,144,,1.0344,0.1666,0.1611,24,07/01/2020,06/30/2023
SAMPLE HOSPITAL 1188,101187,MN,READM-30-CABG-HRRP,232,,1.055,0.1826,0.1731,42,07/01/2020,06/30/2023
SAMPLE HOSPITAL 1189,101188,WI,READM-30-CABG-HRRP,213,,1.0542,0.1295,0.1228,28,07/01/2020,06/30/2023
SAMPLE HOSPITAL 1189,101188,WI,READM-30-HIP-KNEE-HRRP,224,,0.9866,0.1274,0.1291,29,07/01/2020,06/30/2023
SAMPLE HOSPITAL 1189,101188,WI,READM-30-AMI-HRRP,140,,0.9019,0.1506,0.167,21,07/01/2020,06/30/2023
SAMPLE HOSPITAL 1190,101189,KY,READM-30-CABG-HRRP,321,,1.1523,0.215,0.1866,69,07/01/2020,06/30/2023
SAMPLE HOSPITAL 1190,101189,KY,READM-30-AMI-HRRP,119,,0.9399,0.1747,0.1859,21,07/01/2020,06/30/2023
SAMPLE HOSPITAL 1190,101189,KY,READM-30-HF-HRRP,186,,1.0512,0.1458,0.1387,27,07/01/2020,06/30/2023
SAMPLE HOSPITAL 1190,101189,KY,READM-30-PN-HRRP,565,,1.1272,0.1682,0.1492,95,07/01/2020,06/30/2023
SAMPLE HOSPITAL 1191,101190,MA,READM-30-HIP-KNEE-HRRP,519,,1.0842,0.1713,0.158,89,07/01/2020,06/30/2023
SAMPLE HOSPITAL 1191,101190,MA,READM-30-CABG-HRRP,574,,0.9894,0.1592,0.1609,91,07/01/2020,06/30/2023
SAMPLE HOSPITAL 1191,101190,MA,READM-30-HF-HRRP,333,,1.0454,0.2331,0.223,78,07/01/2020,06/30/2023
SAMPLE HOSPITAL 1191,101190,MA,READM-30-COPD-HRRP,250,,1.0993,0.2846,0.2589,71,07/01/2020,06/30/2023
SAMPLE HOSPITAL 1192,101191,IA,READM-30-AMI-HRRP,336,,1.0532,0.2017,0.1915,68,07/01/2020,06/30/2023
SAMPLE HOSPITAL 1192,101191,IA,READM-30-PN-HRRP,382,,0.9599,0.1616,0.1684,62,07/01/2020,06/30/2023
SAMPLE HOSPITAL 1192,101191,IA,READM-30-HIP-KNEE-HRRP,363,,0.8751,0.1388,0.1586,50,07/01/2020,06/30/2023
SAMPLE HOSPITAL 1192,101191,IA,READM-30-COPD-HRRP,217,,0.9186,0.136,0.1481,30,07/01/2020,06/30/2023
SAMPLE HOSPITAL 1192,101191,IA,READM-30-HF-HRRP,505,,0.9514,0.244,0.2565,123,07/01/2020,06/30/2023
SAMPLE HOSPITAL 1193,101192,NE,READM-30-PN-HRRP,246,,1.0384,0.1496,0.1441,37,07/01/2020,06/30/2023
SAMPLE HOSPITAL 1193,101192,NE,READM-30-AMI-HRRP,153,,0.9629,0.1595,0.1656,24,07/01/2020,06/30/2023
SAMPLE HOSPITAL 1193,101192,NE,READM-30-CABG-HRRP,701,,0.9661,0.1336,0.1383,94,07/01/2020,06/30/2023
SAMPLE HOSPITAL 1193,101192,NE,READM-30-COPD-HRRP,346,,1.0048,0.2549,0.2537,88,07/01/2020,06/30/2023
SAMPLE HOSPITAL 1193,101192,NE,READM-30-HF-HRRP,404,,1.039,0.1433,0.1379,58,07/01/2020,06/30/2023
SAMPLE HOSPITAL 1194,101193,KY,READM-30-HF-HRRP,150,,1.0471,0.1463,0.1397,22,07/01/2020,06/30/2023
SAMPLE HOSPITAL 1194,101193,KY,READM-30-CABG-HRRP,369,,1.0178,0.1922,0.1888,71,07/01/2020,06/30/2023
SAMPLE HOSPITAL 1194,101193,KY,READM-30-HIP-KNEE-HRRP,241,,0.9619,0.1271,0.1321,31,07/01/2020,06/30/2023
SAMPLE HOSPITAL 1194,101193,KY,READM-30-AMI-HRRP,67,,0.9687,0.166,0.1714,11,07/01/2020,06/30/2023
SAMPLE HOSPITAL 1195,101194,CT,READM-30-HIP-KNEE-HRRP,31,,0.8949,0.2212,0.2472,7,07/01/2020,06/30/2023
SAMPLE HOSPITAL 1195,101194,CT,READM-30-AMI-HRRP,1073,,0.8748,0.2095,0.2395,225,07/01/2020,06/30/2023
SAMPLE HOSPITAL 1195,101194,CT,READM-30-HF-HRRP,41,,1.0067,0.1549,0.1539,6,07/01/2020,06/30/2023
SAMPLE HOSPITAL 1196,101195,NJ,READM-30-HF-HRRP,186,,0.9788,0.2033,0.2077,38,07/01/2020,06/30/2023
SAMPLE HOSPITAL 1196,101195,NJ,READM-30-AMI-HRRP,304,,0.9279,0.1637,0.1764,50,07/01/2020,06/30/2023
SAMPLE HOSPITAL 1196,101195,NJ,READM-30-PN-HRRP,281,,0.945,0.2295,0.2429,64,07/01/2020,06/30/2023
SAMPLE HOSPITAL 1197,101196,MN,READM-30-HIP-KNEE-HRRP,412,,0.9327,0.1645,0.1764,68,07/01/2020,06/30/2023
SAMPLE HOSPITAL 1197,101196,MN,READM-30-HF-HRRP,1378,,0.8905,0.1505,0.169,207,07/01/2020,06/30/2023
SAMPLE HOSPITAL 1197,101196,MN,READM-30-CABG-HRRP,50,,0.9141,0.1722,0.1884,9,07/01/2020,06/30/2023
SAMPLE HOSPITAL 1198,101197,VA,READM-30-HF-HRRP,109,,1.0441,0.2623,0.2512,29,07/01/2020,06/30/2023
SAMPLE HOSPITAL 1198,101197,VA,READM-30-CABG-HRRP,59,,1.0111,0.2148,0.2124,13,07/01/2020,06/30/2023
SAMPLE HOSPITAL 1198,101197,VA,READM-30-HIP-KNEE-HRRP,600,,0.9684,0.1863,0.1924,112,07/01/2020,06/30/2023
SAMPLE HOSPITAL 1199,101198,OR,READM-30-HF-HRRP,124,,0.9685,0.1737,0.1794,22,07/01/2020,06/30/2023
SAMPLE HOSPITAL 1199,101198,OR,READM-30-AMI-HRRP,74,,0.9849,0.1348,0.1369,10,07/01/2020,06/30/2023
SAMPLE HOSPITAL 1199,101198,OR,READM-30-COPD-HRRP,96,,0.9706,0.1419,0.1462,14,07/01/2020,06/30/2023
SAMPLE HOSPITAL 1199,101198,OR,READM-30-CABG-HRRP,497,,0.9604,0.1314,0.1368,65,07/01/2020,06/30/2023
SAMPLE HOSPITAL 1199,101198,OR,READM-30-HIP-KNEE-HRRP,142,,0.9431,0.114,0.1209,16,07/01/2020,06/30/2023
SAMPLE HOSPITAL 1199,101198,OR,READM-30-PN-HRRP,264,,1.0407,0.1343,0.129,35,07/01/2020,06/30/2023
SAMPLE HOSPITAL 1200,101199,VA,READM-30-COPD-HRRP,109,,0.9618,0.1995,0.2074,22,07/01/2020,06/30/2023
SAMPLE HOSPITAL 1200,101199,VA,READM-30-HIP-KNEE-HRRP,74,,1.0278,0.1911,0.1859,14,07/01/2020,06/30/2023
SAMPLE HOSPITAL 1200,101199,VA,READM-30-CABG-HRRP,321,,0.9776,0.2323,0.2376,75,07/01/2020,06/30/2023
SAMPLE HOSPITAL 1200,101199,VA,READM-30-AMI-HRRP,164,,1.0596,0.209,0.1972,34,07/01/2020,06/30/2023
SAMPLE HOSPITAL 1201,101200,AK,READM-30-HF-HRRP,180,,0.9906,0.1929,0.1947,35,07/01/2020,06/30/2023
SAMPLE HOSPITAL 1201,101200,AK,READM-30-COPD-HRRP,Too Few to Report,1,Too Few to Report,,,,07/01/2020,06/30/2023
SAMPLE HOSPITAL 1201,101200,AK,READM-30-HIP-KNEE-HRRP,76,,0.9226,0.143,0.155,11,07/01/2020,06/30/2023
SAMPLE HOSPITAL 1201,101200,AK,READM-30-PN-HRRP,171,,0.9749,0.2363,0.2424,40,07/01/2020,06/30/2023
SAMPLE HOSPITAL 1201,101200,AK,READM-30-AMI-HRRP,187,,0.9103,0.2074,0.2278,39,07/01/2020,06/30/2023
SAMPLE HOSPITAL 1202,101201,NE,READM-30-AMI-HRRP,271,,1.0814,0.2264,0.2094,61,07/01/2020,06/30/2023
SAMPLE HOSPITAL 1202,101201,NE,READM-30-HF-HRRP,158,,1.024,0.2243,0.219,35,07/01/2020,06/30/2023
SAMPLE HOSPITAL 1202,101201,NE,READM-30-HIP-KNEE-HRRP,48,,1.054,0.2652,0.2516,13,07/01/2020,06/30/2023
SAMPLE HOSPITAL 1203,101202,TN,READM-30-PN-HRRP,279,,0.9709,0.1485,0.153,41,07/01/2020,06/30/2023
SAMPLE HOSPITAL 1203,101202,TN,READM-30-CABG-HRRP,133,,1.0605,0.1718,0.162,23,07/01/2020,06/30/2023
SAMPLE HOSPITAL 1203,101202,TN,READM-30-AMI-HRRP,159,,1.0167,0.1804,0.1774,29,07/01/2020,06/30/2023
SAMPLE HOSPITAL 1203,101202,TN,READM-30-HIP-KNEE-HRRP,201,,1.006,0.2212,0.2199,44,07/01/2020,06/30/2023
SAMPLE HOSPITAL 1203,101202,TN,READM-30-HF-HRRP,515,,1.0411,0.1589,0.1526,82,07/01/2020,06/30/2023
SAMPLE HOSPITAL 1203,101202,TN,READM-30-COPD-HRRP,233,,0.9725,0.2493,0.2563,58,07/01/2020,06/30/2023
SAMPLE HOSPITAL 1204,101203,UT,READM-30-PN-HRRP,185,,0.9467,0.1284,0.1356,24,07/01/2020,06/30/2023
SAMPLE HOSPITAL 1204,101203,UT,READM-30-HF-HRRP,164,,0.9845,0.1901,0.1931,31,07/01/2020,06/30/2023
SAMPLE HOSPITAL 1204,101203,UT,READM-30-COPD-HRRP,249,,0.9816,0.2198,0.2239,55,07/01/2020,06/30/2023
SAMPLE HOSPITAL 1204,101203,UT,READM-30-AMI-HRRP,261,,0.9739,0.2069,0.2124,54,07/01/2020,06/30/2023
SAMPLE HOSPITAL 1205,101204,SD,READM-30-CABG-HRRP,225,,0.9534,0.2152,0.2257,48,07/01/2020,06/30/2023
SAMPLE HOSPITAL 1205,101204,SD,READM-30-HIP-KNEE-HRRP,292,,0.9947,0.1945,0.1955,57,07/01/2020,06/30/2023
SAMPLE HOSPITAL 1205,101204,SD,READM-30-PN-HRRP,356,,0.9563,0.2306,0.2411,82,07/01/2020,06/30/2023
SAMPLE HOSPITAL 1205,101204,SD,READM-30-HF-HRRP,89,,0.9932,0.1307,0.1316,12,07/01/2020,06/30/2023
SAMPLE HOSPITAL 1205,101204,SD,READM-30-AMI-HRRP,279,,0.9322,0.1703,0.1827,48,07/01/2020,06/30/2023
SAMPLE HOSPITAL 1206,101205,NC,READM-30-COPD-HRRP,149,,1.0487,0.1395,0.133,21,07/01/2020,06/30/2023
SAMPLE HOSPITAL 1206,101205,NC,READM-30-PN-HRRP,76,,0.9591,0.1536,0.1602,12,07/01/2020,06/30/2023
SAMPLE HOSPITAL 1206,101205,NC,READM-30-CABG-HRRP,36,,1.1009,0.1382,0.1255,5,07/01/2020,06/30/2023
SAMPLE HOSPITAL 1206,101205,NC,READM-30-HIP-KNEE-HRRP,122,,0.993,0.2411,0.2428,29,07/01/2020,06/30/2023
SAMPLE HOSPITAL 1207,101206,CT,READM-30-AMI-HRRP,28,,1.0434,0.2122,0.2034,6,07/01/2020,06/30/2023
SAMPLE HOSPITAL 1207,101206,CT,READM-30-HIP-KNEE-HRRP,209,,0.919,0.1387,0.1509,29,07/01/2020,06/30/2023
SAMPLE HOSPITAL 1207,101206,CT,READM-30-COPD-HRRP,76,,1.0813,0.2038,0.1885,15,07/01/2020,06/30/2023
SAMPLE HOSPITAL 1207,101206,CT,READM-30-PN-HRRP,167,,1.0229,0.2481,0.2425,41,07/01/2020,06/30/2023
SAMPLE HOSPITAL 1208,101207,NH,READM-30-HIP-KNEE-HRRP,223,,0.9895,0.1803,0.1822,40,07/01/2020,06/30/2023
SAMPLE HOSPITAL 1208,101207,NH,READM-30-COPD-HRRP,501,,1.0107,0.1286,0.1272,64,07/01/2020,06/30/2023
SAMPLE HOSPITAL 1208,101207,NH,READM-30-AMI-HRRP,295,,1.1165,0.1775,0.159,52,07/01/2020,06/30/2023
SAMPLE HOSPITAL 1208,101207,NH,READM-30-PN-HRRP,308,,1.1165,0.2011,0.1801,62,07/01/2020,06/30/2023
SAMPLE HOSPITAL 1208,101207,NH,READM-30-HF-HRRP,682,,0.9701,0.1636,0.1686,112,07/01/2020,06/30/2023
SAMPLE HOSPITAL 1209,101208,NM,READM-30-COPD-HRRP,626,,1.0436,0.1414,0.1355,89,07/01/2020,06/30/2023
SAMPLE HOSPITAL 1209,101208,NM,READM-30-PN-HRRP,59,,1.0422,0.1755,0.1684,10,07/01/2020,06/30/2023
SAMPLE HOSPITAL 1209,101208,NM,READM-30-HIP-KNEE-HRRP,37,,0.9161,0.1423,0.1553,5,07/01/2020,06/30/2023
SAMPLE HOSPITAL 1209,101208,NM,READM-30-HF-HRRP,164,,1.0326,0.1534,0.1486,25,07/01/2020,06/30/2023
SAMPLE HOSPITAL 1209,101208,NM,READM-30-CABG-HRRP,103,,1.1121,0.2034,0.1829,21,07/01/2020,06/30/2023
SAMPLE HOSPITAL 1211,101210,MO,READM-30-PN-HRRP,59,,1.0476,0.1543,0.1473,9,07/01/2020,06/30/2023
SAMPLE HOSPITAL 1211,101210,MO,READM-30-COPD-HRRP,90,,0.9831,0.2538,0.2582,23,07/01/2020,06/30/2023
SAMPLE HOSPITAL 1211,101210,MO,READM-30-HF-HRRP,114,,1.0056,0.187,0.186,21,07/01/2020,06/30/2023
SAMPLE HOSPITAL 1212,101211,IL,READM-30-PN-HRRP,189,,0.9834,0.2288,0.2327,43,07/01/2020,06/30/2023
SAMPLE HOSPITAL 1212,101211,IL,READM-30-HF-HRRP,65,,1.038,0.2036,0.1961,13,07/01/2020,06/30/2023
SAMPLE HOSPITAL 1212,101211,IL,READM-30-HIP-KNEE-HRRP,281,,0.8962,0.2241,0.2501,63,07/01/2020,06/30/2023
SAMPLE HOSPITAL 1213,101212,MO,READM-30-COPD-HRRP,706,,0.9718,0.1926,0.1982,136,07/01/2020,06/30/2023
SAMPLE HOSPITAL 1213,101212,MO,READM-30-HF-HRRP,75,,0.9537,0.1822,0.191,14,07/01/2020,06/30/2023
SAMPLE HOSPITAL 1213,101212,MO,READM-30-HIP-KNEE-HRRP,215,,0.993,0.2045,0.2059,44,07/01/2020,06/30/2023
SAMPLE HOSPITAL 1213,101212,MO,READM-30-PN-HRRP,107,,0.9389,0.1984,0.2113,21,07/01/2020,06/30/2023
SAMPLE HOSPITAL 1213,101212,MO,READM-30-CABG-HRRP,102,,0.9935,0.2467,0.2483,25,07/01/2020,06/30/2023
SAMPLE HOSPITAL 1214,101213,IN,READM-30-CABG-HRRP,95,,1.0692,0.1693,0.1583,16,07/01/2020,06/30/2023
SAMPLE HOSPITAL 1214,101213,IN,READM-30-PN-HRRP,438,,1.0417,0.1606,0.1542,70,07/01/2020,06/30/2023
SAMPLE HOSPITAL 1214,101213,IN,READM-30-HF-HRRP,198,,0.9475,0.1398,0.1475,28,07/01/2020,06/30/2023
SAMPLE HOSPITAL 1215,101214,AZ,READM-30-HIP-KNEE-HRRP,271,,1.0455,0.2152,0.2058,58,07/01/2020,06/30/2023
SAMPLE HOSPITAL 1215,101214,AZ,READM-30-CABG-HRRP,623,,0.9421,0.1831,0.1943,114,07/01/2020,06/30/2023
SAMPLE HOSPITAL 1215,101214,AZ,READM-30-PN-HRRP,358,,0.9589,0.1845,0.1924,66,07/01/2020,06/30/2023
SAMPLE HOSPITAL 1215,101214,AZ,READM-30-AMI-HRRP,122,,1.0067,0.1787,0.1775,22,07/01/2020,06/30/2023
SAMPLE HOSPITAL 1215,101214,AZ,READM-30-COPD-HRRP,110,,1.0775,0.1991,0.1848,22,07/01/2020,06/30/2023
SAMPLE HOSPITAL 1215,101214,AZ,READM-30-HF-HRRP,55,,0.9062,0.1584,0.1748,9,07/01/2020,06/30/2023
SAMPLE HOSPITAL 1216,101215,MT,READM-30-AMI-HRRP,205,,1.1565,0.2263,0.1957,46,07/01/2020,06/30/2023
SAMPLE HOSPITAL 1216,101215,MT,READM-30-COPD-HRRP,82,,0.9949,0.207,0.2081,17,07/01/2020,06/30/2023
SAMPLE HOSPITAL 1216,101215,MT,READM-30-PN-HRRP,162,,0.9783,0.2232,0.2281,36,07/01/2020,06/30/2023
SAMPLE HOSPITAL 1216,101215,MT,READM-30-HIP-KNEE-HRRP,209,,0.9721,0.1193,0.1227,25,07/01/2020,06/30/2023
SAMPLE HOSPITAL 1216,101215,MT,READM-30-HF-HRRP,91,,1.0653,0.1291,0.1212,12,07/01/2020,06/30/2023
SAMPLE HOSPITAL 1216,101215,MT,READM-30-CABG-HRRP,683,,1.0332,0.1255,0.1215,86,07/01/2020,06/30/2023
SAMPLE HOSPITAL 1217,101216,TN,READM-30-CABG-HRRP,238,,1.0121,0.2483,0.2453,59,07/01/2020,06/30/2023
SAMPLE HOSPITAL 1217,101216,TN,READM-30-AMI-HRRP,255,,0.9329,0.1147,0.1229,29,07/01/2020,06/30/2023
SAMPLE HOSPITAL 1217,101216,TN,READM-30-HIP-KNEE-HRRP,118,,1.0669,0.1653,0.1549,20,07/01/2020,06/30/2023
SAMPLE HOSPITAL 1217,101216,TN,READM-30-COPD-HRRP,43,,1.0311,0.197,0.1911,8,07/01/2020,06/30/2023
SAMPLE HOSPITAL 1217,101216,TN,READM-30-HF-HRRP,1372,,1.053,0.2539,0.2411,348,07/01/2020,06/30/2023
SAMPLE HOSPITAL 1218,101217,KY,READM-30-AMI-HRRP,89,,1.0157,0.2533,0.2494,23,07/01/2020,06/30/2023
SAMPLE HOSPITAL 1218,101217,KY,READM-30-CABG-HRRP,255,,1.0725,0.1813,0.169,46,07/01/2020,06/30/2023
SAMPLE HOSPITAL 1218,101217,KY,READM-30-COPD-HRRP,957,,0.9669,0.1927,0.1993,184,07/01/2020,06/30/2023
SAMPLE HOSPITAL 1218,101217,KY,READM-30-HIP-KNEE-HRRP,188,,0.8777,0.1482,0.1689,28,07/01/2020,06/30/2023
SAMPLE HOSPITAL 1218,101217,KY,READM-30-HF-HRRP,302,,0.8764,0.1498,0.1709,45,07/01/2020,06/30/2023
SAMPLE HOSPITAL 1218,101217,KY,READM-30-PN-HRRP,Too Few to Report,1,Too Few to Report,,,,07/01/2020,06/30/2023
SAMPLE HOSPITAL 1219,101218,CA,READM-30-HIP-KNEE-HRRP,236,,0.9428,0.2322,0.2463,55,07/01/2020,06/30/2023
SAMPLE HOSPITAL 1219,101218,CA,READM-30-HF-HRRP,377,,1.0402,0.184,0.1769,69,07/01/2020,06/30/2023
SAMPLE HOSPITAL 1219,101218,CA,READM-30-AMI-HRRP,77,,0.9676,0.2467,0.255,19,07/01/2020,06/30/2023
SAMPLE HOSPITAL 1219,101218,CA,READM-30-COPD-HRRP,70,,0.9261,0.1501,0.1621,11,07/01/2020,06/30/2023
SAMPLE HOSPITAL 1220,101219,CT,READM-30-HF-HRRP,429,,1.0702,0.2546,0.2379,109,07/01/2020,06/30/2023
SAMPLE HOSPITAL 1220,101219,CT,READM-30-HIP-KNEE-HRRP,1983,,1.0204,0.1911,0.1873,379,07/01/2020,06/30/2023
SAMPLE HOSPITAL 1220,101219,CT,READM-30-PN-HRRP,Too Few to Report,1,Too Few to Report,,,,07/01/2020,06/30/2023
SAMPLE HOSPITAL 1220,101219,CT,READM-30-AMI-HRRP,157,,0.9856,0.1375,0.1395,22,07/01/2020,06/30/2023
SAMPLE HOSPITAL 1220,101219,CT,READM-30-CABG-HRRP,46,,0.9355,0.2357,0.252,11,07/01/2020,06/30/2023
SAMPLE HOSPITAL 1221,101220,MO,READM-30-AMI-HRRP,436,,1.0587,0.2436,0.2301,106,07/01/2020,06/30/2023
SAMPLE HOSPITAL 1221,101220,MO,READM-30-PN-HRRP,183,,1.0996,0.1872,0.1702,34,07/01/2020,06/30/2023
SAMPLE HOSPITAL 1221,101220,MO,READM-30-HIP-KNEE-HRRP,60,,1.1005,0.1885,0.1713,11,07/01/2020,06/30/2023
SAMPLE HOSPITAL 1221,101220,MO,READM-30-HF-HRRP,Too Few to Report,1,Too Few to Report,,,,07/01/2020,06/30/2023
SAMPLE HOSPITAL 1221,101220,MO,READM-30-CABG-HRRP,980,,1.0041,0.2091,0.2082,205,07/01/2020,06/30/2023
SAMPLE HOSPITAL 1221,101220,MO,READM-30-COPD-HRRP,148,,1.1601,0.1874,0.1615,28,07/01/2020,06/30/2023
SAMPLE HOSPITAL 1222,101221,TX,READM-30-COPD-HRRP,228,,1.0419,0.1371,0.1316,31,07/01/2020,06/30/2023
SAMPLE HOSPITAL 1222,101221,TX,READM-30-PN-HRRP,135,,0.9381,0.127,0.1354,17,07/01/2020,06/30/2023
SAMPLE HOSPITAL 1222,101221,TX,READM-30-CABG-HRRP,269,,0.8773,0.1484,0.1691,40,07/01/2020,06/30/2023
SAMPLE HOSPITAL 1223,101222,MN,READM-30-PN-HRRP,199,,0.9503,0.1348,0.1419,27,07/01/2020,06/30/2023
SAMPLE HOSPITAL 1223,101222,MN,READM-30-COPD-HRRP,29,,1.0001,0.2098,0.2098,6,07/01/2020,06/30/2023
SAMPLE HOSPITAL 1223,101222,MN,READM-30-HF-HRRP,133,,0.9655,0.2485,0.2574,33,07/01/2020,06/30/2023
SAMPLE HOSPITAL 1224,101223,MI,READM-30-CABG-HRRP,152,,1.0526,0.1759,0.1671,27,07/01/2020,06/30/2023
SAMPLE HOSPITAL 1224,101223,MI,READM-30-COPD-HRRP,204,,0.9597,0.1861,0.1939,38,07/01/2020,06/30/2023
SAMPLE HOSPITAL 1224,101223,MI,READM-30-AMI-HRRP,2121,,0.8656,0.143,0.1652,303,07/01/2020,06/30/2023
SAMPLE HOSPITAL 1224,101223,MI,READM-30-PN-HRRP,38,,1.0237,0.1625,0.1587,6,07/01/2020,06/30/2023
SAMPLE HOSPITAL 1224,101223,MI,READM-30-HIP-KNEE-HRRP,141,,1.049,0.1287,0.1227,18,07/01/2020,06/30/2023
SAMPLE HOSPITAL 1225,101224,ND,READM-30-HIP-KNEE-HRRP,216,,0.9409,0.1959,0.2082,42,07/01/2020,06/30/2023
SAMPLE HOSPITAL 1225,101224,ND,READM-30-HF-HRRP,175,,1.0414,0.2586,0.2483,45,07/01/2020,06/30/2023
SAMPLE HOSPITAL 1225,101224,ND,READM-30-AMI-HRRP,290,,0.9005,0.1657,0.184,48,07/01/2020,06/30/2023
SAMPLE HOSPITAL 1226,101225,AL,READM-30-CABG-HRRP,227,,1.0115,0.1911,0.1889,43,07/01/2020,06/30/2023
SAMPLE HOSPITAL 1226,101225,AL,READM-30-HF-HRRP,59,,1.0873,0.1397,0.1285,8,07/01/2020,06/30/2023
SAMPLE HOSPITAL 1226,101225,AL,READM-30-COPD-HRRP,167,,1.0257,0.1879,0.1832,31,07/01/2020,06/30/2023
SAMPLE HOSPITAL 1226,101225,AL,READM-30-PN-HRRP,134,,1.0775,0.2248,0.2086,30,07/01/2020,06/30/2023
SAMPLE HOSPITAL 1226,101225,AL,READM-30-AMI-HRRP,608,,1.0508,0.1442,0.1372,88,07/01/2020,06/30/2023
SAMPLE HOSPITAL 1226,101225,AL,READM-30-HIP-KNEE-HRRP,161,,1.0183,0.2633,0.2586,42,07/01/2020,06/30/2023
SAMPLE HOSPITAL 1227,101226,OR,READM-30-CABG-HRRP,904,,1.0079,0.1382,0.1371,125,07/01/2020,06/30/2023
SAMPLE HOSPITAL 1227,101226,OR,READM-30-AMI-HRRP,312,,0.9676,0.162,0.1674,51,07/01/2020,06/30/2023
SAMPLE HOSPITAL 1227,101226,OR,READM-30-HIP-KNEE-HRRP,237,,0.9415,0.2385,0.2533,57,07/01/2020,06/30/2023
SAMPLE HOSPITAL 1227,101226,OR,READM-30-PN-HRRP,722,,0.9477,0.1151,0.1215,83,07/01/2020,06/30/2023
SAMPLE HOSPITAL 1227,101226,OR,READM-30-COPD-HRRP,316,,0.9798,0.2433,0.2483,77,07/01/2020,06/30/2023
SAMPLE HOSPITAL 1227,101226,OR,READM-30-HF-HRRP,203,,1.0483,0.1283,0.1224,26,07/01/2020,06/30/2023
SAMPLE HOSPITAL 1228,101227,SD,READM-30-CABG-HRRP,159,,0.9246,0.2121,0.2294,34,07/01/2020,06/30/2023
SAMPLE HOSPITAL 1228,101227,SD,READM-30-HF-HRRP,180,,0.9714,0.1302,0.134,23,07/01/2020,06/30/2023
SAMPLE HOSPITAL 1228,101227,SD,READM-30-PN-HRRP,308,,1.0134,0.2599,0.2565,80,07/01/2020,06/30/2023
SAMPLE HOSPITAL 1228,101227,SD,READM-30-AMI-HRRP,570,,1.0021,0.1695,0.1691,97,07/01/2020,06/30/2023
SAMPLE HOSPITAL 1228,101227,SD,READM-30-HIP-KNEE-HRRP,497,,0.9556,0.1605,0.168,80,07/01/2020,06/30/2023
SAMPLE HOSPITAL 1230,101229,IN,READM-30-PN-HRRP,564,,0.9683,0.1769,0.1827,100,07/01/2020,06/30/2023
SAMPLE HOSPITAL 1230,101229,IN,READM-30-COPD-HRRP,46,,1.043,0.2024,0.1941,9,07/01/2020,06/30/2023
SAMPLE HOSPITAL 1230,101229,IN,READM-30-HF-HRRP,124,,0.9239,0.1202,0.1301,15,07/01/2020,06/30/2023
SAMPLE HOSPITAL 1230,101229,IN,READM-30-CABG-HRRP,73,,1.1159,0.2227,0.1996,16,07/01/2020,06/30/2023
SAMPLE HOSPITAL 1230,101229,IN,READM-30-AMI-HRRP,32,,0.9173,0.1945,0.212,6,07/01/2020,06/30/2023
SAMPLE HOSPITAL 1231,101230,VA,READM-30-HIP-KNEE-HRRP,230,,1.0613,0.1903,0.1793,44,07/01/2020,06/30/2023
SAMPLE HOSPITAL 1231,101230,VA,READM-30-HF-HRRP,375,,1.1148,0.194,0.174,73,07/01/2020,06/30/2023
SAMPLE HOSPITAL 1231,101230,VA,READM-30-PN-HRRP,264,,0.9604,0.1819,0.1894,48,07/01/2020,06/30/2023
SAMPLE HOSPITAL 1231,101230,VA,READM-30-AMI-HRRP,310,,1.0482,0.2064,0.1969,64,07/01/2020,06/30/2023
SAMPLE HOSPITAL 1232,101231,MS,READM-30-HIP-KNEE-HRRP,67,,1.0039,0.1675,0.1668,11,07/01/2020,06/30/2023
SAMPLE HOSPITAL 1232,101231,MS,READM-30-PN-HRRP,132,,0.8851,0.1086,0.1227,14,07/01/2020,06/30/2023
SAMPLE HOSPITAL 1232,101231,MS,READM-30-CABG-HRRP,581,,0.9652,0.146,0.1513,85,07/01/2020,06/30/2023
SAMPLE HOSPITAL 1232,101231,MS,READM-30-AMI-HRRP,240,,0.9653,0.1411,0.1462,34,07/01/2020,06/30/2023
SAMPLE HOSPITAL 1233,101232,IL,READM-30-CABG-HRRP,743,,0.8461,0.1113,0.1316,83,07/01/2020,06/30/2023
SAMPLE HOSPITAL 1233,101232,IL,READM-30-AMI-HRRP,56,,0.9561,0.2102,0.2199,12,07/01/2020,06/30/2023
SAMPLE HOSPITAL 1233,101232,IL,READM-30-PN-HRRP,578,,1.08,0.2046,0.1894,118,07/01/2020,06/30/2023
SAMPLE HOSPITAL 1233,101232,IL,READM-30-COPD-HRRP,96,,1.054,0.2093,0.1986,20,07/01/2020,06/30/2023
SAMPLE HOSPITAL 1234,101233,MO,READM-30-AMI-HRRP,173,,0.9257,0.1427,0.1542,25,07/01/2020,06/30/2023
SAMPLE HOSPITAL 1234,101233,MO,READM-30-HIP-KNEE-HRRP,201,,0.9946,0.2518,0.2532,51,07/01/2020,06/30/2023
SAMPLE HOSPITAL 1234,101233,MO,READM-30-PN-HRRP,322,,0.9229,0.2148,0.2327,69,07/01/2020,06/30/2023
SAMPLE HOSPITAL 1234,101233,MO,READM-30-COPD-HRRP,155,,1.0762,0.2191,0.2036,34,07/01/2020,06/30/2023
SAMPLE HOSPITAL 1234,101233,MO,READM-30-CABG-HRRP,38,,1.0443,0.1359,0.1301,5,07/01/2020,06/30/2023
SAMPLE HOSPITAL 1235,101234,WI,READM-30-AMI-HRRP,923,,0.9888,0.1858,0.1879,171,07/01/2020,06/30/2023
SAMPLE HOSPITAL 1235,101234,WI,READM-30-HIP-KNEE-HRRP,84,,1.0543,0.255,0.2419,21,07/01/2020,06/30/2023
SAMPLE HOSPITAL 1235,101234,WI,READM-30-CABG-HRRP,170,,1.0867,0.2476,0.2278,42,07/01/2020,06/30/2023
SAMPLE HOSPITAL 1236,101235,MI,READM-30-HF-HRRP,82,,0.9055,0.1589,0.1755,13,07/01/2020,06/30/2023
SAMPLE HOSPITAL 1236,101235,MI,READM-30-HIP-KNEE-HRRP,39,,0.9671,0.2415,0.2497,9,07/01/2020,06/30/2023
SAMPLE HOSPITAL 1236,101235,MI,READM-30-COPD-HRRP,344,,0.9027,0.224,0.2481,77,07/01/2020,06/30/2023
SAMPLE HOSPITAL 1236,101235,MI,READM-30-AMI-HRRP,625,,1.0167,0.1741,0.1712,109,07/01/2020,06/30/2023
SAMPLE HOSPITAL 1237,101236,MI,READM-30-HF-HRRP,92,,1.0187,0.1779,0.1746,16,07/01/2020,06/30/2023
SAMPLE HOSPITAL 1237,101236,MI,READM-30-AMI-HRRP,1543,,0.9197,0.1276,0.1387,197,07/01/2020,06/30/2023
SAMPLE HOSPITAL 1237,101236,MI,READM-30-PN-HRRP,95,,0.9559,0.1224,0.128,12,07/01/2020,06/30/2023
SAMPLE HOSPITAL 1237,101236,MI,READM-30-CABG-HRRP,310,,0.9697,0.1376,0.1419,43,07/01/2020,06/30/2023
SAMPLE HOSPITAL 1237,101236,MI,READM-30-HIP-KNEE-HRRP,76,,0.8877,0.1073,0.1209,8,07/01/2020,06/30/2023
SAMPLE HOSPITAL 1238,101237,HI,READM-30-AMI-HRRP,27,,1.0767,0.1308,0.1215,4,07/01/2020,06/30/2023
SAMPLE HOSPITAL 1238,101237,HI,READM-30-COPD-HRRP,272,,0.9629,0.1816,0.1886,49,07/01/2020,06/30/2023
SAMPLE HOSPITAL 1238,101237,HI,READM-30-CABG-HRRP,661,,1.0592,0.2391,0.2257,158,07/01/2020,06/30/2023
SAMPLE HOSPITAL 1239,101238,WI,READM-30-HIP-KNEE-HRRP,81,,1.0294,0.2547,0.2474,21,07/01/2020,06/30/2023
SAMPLE HOSPITAL 1239,101238,WI,READM-30-CABG-HRRP,51,,0.9863,0.2352,0.2385,12,07/01/2020,06/30/2023
SAMPLE HOSPITAL 1239,101238,WI,READM-30-AMI-HRRP,87,,1.0636,0.1476,0.1388,13,07/01/2020,06/30/2023
SAMPLE HOSPITAL 1239,101238,WI,READM-30-HF-HRRP,97,,0.9906,0.1403,0.1416,14,07/01/2020,06/30/2023
SAMPLE HOSPITAL 1239,101238,WI,READM-30-PN-HRRP,2642,,1.0593,0.2392,0.2258,632,07/01/2020,06/30/2023
SAMPLE HOSPITAL 1239,101238,WI,READM-30-COPD-HRRP,140,,1.0447,0.1687,0.1615,24,07/01/2020,06/30/2023
SAMPLE HOSPITAL 1240,101239,NH,READM-30-PN-HRRP,44,,1.0619,0.212,0.1996,9,07/01/2020,06/30/2023
SAMPLE HOSPITAL 1240,101239,NH,READM-30-HIP-KNEE-HRRP,150,,0.8703,0.1191,0.1368,18,07/01/2020,06/30/2023
SAMPLE HOSPITAL 1240,101239,NH,READM-30-CABG-HRRP,102,,0.9719,0.2013,0.2071,21,07/01/2020,06/30/2023
SAMPLE HOSPITAL 1240,101239,NH,READM-30-COPD-HRRP,179,,1.07,0.2461,0.23,44,07/01/2020,06/30/2023
SAMPLE HOSPITAL 1240,101239,NH,READM-30-AMI-HRRP,228,,0.9502,0.1253,0.1319,29,07/01/2020,06/30/2023
SAMPLE HOSPITAL 1241,101240,ID,READM-30-AMI-HRRP,319,,1.0585,0.2093,0.1977,67,07/01/2020,06/30/2023
SAMPLE HOSPITAL 1241,101240,ID,READM-30-COPD-HRRP,254,,0.9654,0.1508,0.1562,38,07/01/2020,06/30/2023
SAMPLE HOSPITAL 1241,101240,ID,READM-30-CABG-HRRP,252,,1.0093,0.251,0.2487,63,07/01/2020,06/30/2023
SAMPLE HOSPITAL 1242,101241,ME,READM-30-HF-HRRP,72,,1.0333,0.1458,0.1411,10,07/01/2020,06/30/2023
SAMPLE HOSPITAL 1242,101241,ME,READM-30-CABG-HRRP,877,,1.109,0.238,0.2146,209,07/01/2020,06/30/2023
SAMPLE HOSPITAL 1242,101241,ME,READM-30-HIP-KNEE-HRRP,57,,0.9289,0.2244,0.2416,13,07/01/2020,06/30/2023
SAMPLE HOSPITAL 1242,101241,ME,READM-30-COPD-HRRP,121,,0.9004,0.1324,0.147,16,07/01/2020,06/30/2023
SAMPLE HOSPITAL 1243,101242,IL,READM-30-CABG-HRRP,37,,1.1349,0.1974,0.1739,7,07/01/2020,06/30/2023
SAMPLE HOSPITAL 1243,101242,IL,READM-30-COPD-HRRP,446,,0.9448,0.2028,0.2147,90,07/01/2020,06/30/2023
SAMPLE HOSPITAL 1243,101242,IL,READM-30-AMI-HRRP,133,,1.0166,0.2573,0.2531,34,07/01/2020,06/30/2023
SAMPLE HOSPITAL 1243,101242,IL,READM-30-HF-HRRP,621,,1.0295,0.2001,0.1944,124,07/01/2020,06/30/2023
SAMPLE HOSPITAL 1243,101242,IL,READM-30-PN-HRRP,1031,,1.0281,0.1964,0.191,202,07/01/2020,06/30/2023
SAMPLE HOSPITAL 1243,101242,IL,READM-30-HIP-KNEE-HRRP,140,,0.9966,0.2444,0.2452,34,07/01/2020,06/30/2023
SAMPLE HOSPITAL 1244,101243,MI,READM-30-HIP-KNEE-HRRP,241,,1.0539,0.2737,0.2597,66,07/01/2020,06/30/2023
SAMPLE HOSPITAL 1244,101243,MI,READM-30-PN-HRRP,120,,0.9774,0.1452,0.1486,17,07/01/2020,06/30/2023
SAMPLE HOSPITAL 1244,101243,MI,READM-30-CABG-HRRP,51,,1.0362,0.2156,0.2081,11,07/01/2020,06/30/2023
SAMPLE HOSPITAL 1244,101243,MI,READM-30-COPD-HRRP,108,,1.0685,0.1985,0.1858,21,07/01/2020,06/30/2023
SAMPLE HOSPITAL 1244,101243,MI,READM-30-HF-HRRP,150,,1.0409,0.1608,0.1545,24,07/01/2020,06/30/2023
SAMPLE HOSPITAL 1244,101243,MI,READM-30-AMI-HRRP,213,,1.0367,0.1484,0.1431,32,07/01/2020,06/30/2023
SAMPLE HOSPITAL 1245,101244,MD,READM-30-PN-HRRP,274,,1.0511,0.2158,0.2053,59,07/01/2020,06/30/2023
SAMPLE HOSPITAL 1245,101244,MD,READM-30-CABG-HRRP,277,,1.0189,0.1224,0.1201,34,07/01/2020,06/30/2023
SAMPLE HOSPITAL 1245,101244,MD,READM-30-AMI-HRRP,253,,0.9866,0.2331,0.2363,59,07/01/2020,06/30/2023
SAMPLE HOSPITAL 1245,101244,MD,READM-30-HIP-KNEE-HRRP,55,,1.0462,0.1773,0.1695,10,07/01/2020,06/30/2023
SAMPLE HOSPITAL 1245,101244,MD,READM-30-HF-HRRP,195,,1.017,0.2599,0.2556,51,07/01/2020,06/30/2023
SAMPLE HOSPITAL 1246,101245,NE,READM-30-HIP-KNEE-HRRP,167,,1.1387,0.1559,0.1369,26,07/01/2020,06/30/2023
SAMPLE HOSPITAL 1246,101245,NE,READM-30-CABG-HRRP,80,,1.0956,0.1368,0.1249,11,07/01/2020,06/30/2023
SAMPLE HOSPITAL 1246,101245,NE,READM-30-AMI-HRRP,84,,0.9841,0.1371,0.1393,12,07/01/2020,06/30/2023
SAMPLE HOSPITAL 1246,101245,NE,READM-30-COPD-HRRP,Too Few to Report,1,Too Few to Report,,,,07/01/2020,06/30/2023
SAMPLE HOSPITAL 1247,101246,NC,READM-30-HF-HRRP,414,,0.9191,0.1239,0.1348,51,07/01/2020,06/30/2023
SAMPLE HOSPITAL 1247,101246,NC,READM-30-CABG-HRRP,222,,0.9926,0.2196,0.2212,49,07/01/2020,06/30/2023
SAMPLE HOSPITAL 1247,101246,NC,READM-30-COPD-HRRP,179,,1.0909,0.1565,0.1435,28,07/01/2020,06/30/2023
SAMPLE HOSPITAL 1247,101246,NC,READM-30-AMI-HRRP,863,,1.0261,0.1827,0.1781,158,07/01/2020,06/30/2023
SAMPLE HOSPITAL 1247,101246,NC,READM-30-HIP-KNEE-HRRP,315,,1.0591,0.1562,0.1475,49,07/01/2020,06/30/2023
SAMPLE HOSPITAL 1247,101246,NC,READM-30-PN-HRRP,221,,0.9432,0.1281,0.1358,28,07/01/2020,06/30/2023
SAMPLE HOSPITAL 1248,101247,CA,READM-30-AMI-HRRP,213,,1.0547,0.153,0.1451,33,07/01/2020,06/30/2023
SAMPLE HOSPITAL 1248,101247,CA,READM-30-PN-HRRP,195,,0.9356,0.1794,0.1918,35,07/01/2020,06/30/2023
SAMPLE HOSPITAL 1248,101247,CA,READM-30-CABG-HRRP,402,,0.9681,0.2363,0.2441,95,07/01/2020,06/30/2023
SAMPLE HOSPITAL 1248,101247,CA,READM-30-HIP-KNEE-HRRP,165,,0.9523,0.196,0.2058,32,07/01/2020,06/30/2023
SAMPLE HOSPITAL 1248,101247,CA,READM-30-COPD-HRRP,124,,0.8993,0.1121,0.1246,14,07/01/2020,06/30/2023
SAMPLE HOSPITAL 1249,101248,TX,READM-30-HIP-KNEE-HRRP,364,,1.0003,0.1937,0.1936,71,07/01/2020,06/30/2023
SAMPLE HOSPITAL 1249,101248,TX,READM-30-CABG-HRRP,282,,0.954,0.2145,0.2248,60,07/01/2020,06/30/2023
SAMPLE HOSPITAL 1249,101248,TX,READM-30-PN-HRRP,188,,1.018,0.1354,0.133,25,07/01/2020,06/30/2023
SAMPLE HOSPITAL 1249,101248,TX,READM-30-HF-HRRP,648,,1.0585,0.2638,0.2492,171,07/01/2020,06/30/2023
SAMPLE HOSPITAL 1249,101248,TX,READM-30-COPD-HRRP,138,,0.8796,0.1838,0.209,25,07/01/2020,06/30/2023
SAMPLE HOSPITAL 1250,101249,IN,READM-30-HIP-KNEE-HRRP,123,,0.926,0.1335,0.1442,16,07/01/2020,06/30/2023
SAMPLE HOSPITAL 1250,101249,IN,READM-30-CABG-HRRP,79,,1.0373,0.2253,0.2172,18,07/01/2020,06/30/2023
SAMPLE HOSPITAL 1250,101249,IN,READM-30-HF-HRRP,456,,0.9507,0.2301,0.242,105,07/01/2020,06/30/2023
SAMPLE HOSPITAL 1251,101250,WA,READM-30-AMI-HRRP,232,,0.944,0.163,0.1727,38,07/01/2020,06/30/2023
SAMPLE HOSPITAL 1251,101250,WA,READM-30-CABG-HRRP,210,,0.9717,0.1412,0.1453,30,07/01/2020,06/30/2023
SAMPLE HOSPITAL 1251,101250,WA,READM-30-HIP-KNEE-HRRP,90,,0.8281,0.1457,0.176,13,07/01/2020,06/30/2023
SAMPLE HOSPITAL 1252,101251,OH,READM-30-HIP-KNEE-HRRP,112,,0.9831,0.224,0.2278,25,07/01/2020,06/30/2023
SAMPLE HOSPITAL 1252,101251,OH,READM-30-COPD-HRRP,361,,1.0086,0.1305,0.1294,47,07/01/2020,06/30/2023
SAMPLE HOSPITAL 1252,101251,OH,READM-30-AMI-HRRP,68,,1.0041,0.1339,0.1334,9,07/01/2020,06/30/2023
SAMPLE HOSPITAL 1252,101251,OH,READM-30-PN-HRRP,218,,0.9448,0.1729,0.183,38,07/01/2020,06/30/2023
SAMPLE HOSPITAL 1252,101251,OH,READM-30-HF-HRRP,100,,0.9655,0.227,0.2351,23,07/01/2020,06/30/2023
SAMPLE HOSPITAL 1253,101252,RI,READM-30-CABG-HRRP,160,,1.0011,0.2319,0.2316,37,07/01/2020,06/30/2023
SAMPLE HOSPITAL 1253,101252,RI,READM-30-PN-HRRP,156,,0.9315,0.1876,0.2014,29,07/01/2020,06/30/2023
SAMPLE HOSPITAL 1253,101252,RI,READM-30-HF-HRRP,558,,0.8769,0.1514,0.1727,84,07/01/2020,06/30/2023
SAMPLE HOSPITAL 1253,101252,RI,READM-30-HIP-KNEE-HRRP,379,,1.0469,0.2227,0.2127,84,07/01/2020,06/30/2023
SAMPLE HOSPITAL 1253,101252,RI,READM-30-COPD-HRRP,155,,1.0645,0.1537,0.1444,24,07/01/2020,06/30/2023
SAMPLE HOSPITAL 1254,101253,ME,READM-30-AMI-HRRP,228,,1.0012,0.2288,0.2285,52,07/01/2020,06/30/2023
SAMPLE HOSPITAL 1254,101253,ME,READM-30-HF-HRRP,767,,0.9676,0.2486,0.2569,191,07/01/2020,06/30/2023
SAMPLE HOSPITAL 1254,101253,ME,READM-30-CABG-HRRP,1205,,1.0835,0.1409,0.13,170,07/01/2020,06/30/2023
SAMPLE HOSPITAL 1255,101254,MA,READM-30-PN-HRRP,147,,0.9551,0.1267,0.1327,19,07/01/2020,06/30/2023
SAMPLE HOSPITAL 1255,101254,MA,READM-30-HF-HRRP,224,,0.968,0.2017,0.2084,45,07/01/2020,06/30/2023
SAMPLE HOSPITAL 1255,101254,MA,READM-30-CABG-HRRP,2358,,1.0398,0.1366,0.1314,322,07/01/2020,06/30/2023
SAMPLE HOSPITAL 1256,101255,NH,READM-30-HF-HRRP,168,,0.9768,0.1366,0.1398,23,07/01/2020,06/30/2023
SAMPLE HOSPITAL 1256,101255,NH,READM-30-HIP-KNEE-HRRP,63,,1.0001,0.1223,0.1223,8,07/01/2020,06/30/2023
SAMPLE HOSPITAL 1256,101255,NH,READM-30-COPD-HRRP,106,,0.9898,0.2475,0.2501,26,07/01/2020,06/30/2023
SAMPLE HOSPITAL 1256,101255,NH,READM-30-PN-HRRP,310,,0.9449,0.1427,0.151,44,07/01/2020,06/30/2023
SAMPLE HOSPITAL 1256,101255,NH,READM-30-CABG-HRRP,720,,1.1034,0.2621,0.2375,189,07/01/2020,06/30/2023
SAMPLE HOSPITAL 1257,101256,NE,READM-30-HIP-KNEE-HRRP,69,,1.0475,0.219,0.2091,15,07/01/2020,06/30/2023
SAMPLE HOSPITAL 1257,101256,NE,READM-30-HF-HRRP,83,,0.9484,0.2211,0.2331,18,07/01/2020,06/30/2023
SAMPLE HOSPITAL 1257,101256,NE,READM-30-PN-HRRP,98,,1.0446,0.2208,0.2114,22,07/01/2020,06/30/2023
SAMPLE HOSPITAL 1257,101256,NE,READM-30-CABG-HRRP,410,,0.95,0.1884,0.1983,77,07/01/2020,06/30/2023
SAMPLE HOSPITAL 1258,101257,GA,READM-30-PN-HRRP,140,,1.1173,0.2657,0.2378,37,07/01/2020,06/30/2023
SAMPLE HOSPITAL 1258,101257,GA,READM-30-AMI-HRRP,176,,1.1023,0.2633,0.2389,46,07/01/2020,06/30/2023
SAMPLE HOSPITAL 1258,101257,GA,READM-30-HIP-KNEE-HRRP,574,,1.0782,0.1805,0.1674,104,07/01/2020,06/30/2023
SAMPLE HOSPITAL 1259,101258,NV,READM-30-CABG-HRRP,241,,1.0521,0.1344,0.1277,32,07/01/2020,06/30/2023
SAMPLE HOSPITAL 1259,101258,NV,READM-30-PN-HRRP,111,,0.9064,0.1217,0.1343,14,07/01/2020,06/30/2023
SAMPLE HOSPITAL 1259,101258,NV,READM-30-HIP-KNEE-HRRP,506,,1.1617,0.283,0.2436,143,07/01/2020,06/30/2023
SAMPLE HOSPITAL 1259,101258,NV,READM-30-COPD-HRRP,218,,1.0438,0.2306,0.2209,50,07/01/2020,06/30/2023
SAMPLE HOSPITAL 1260,101259,LA,READM-30-HF-HRRP,116,,0.9298,0.1146,0.1232,13,07/01/2020,06/30/2023
SAMPLE HOSPITAL 1260,101259,LA,READM-30-COPD-HRRP,83,,1.0167,0.1862,0.1831,15,07/01/2020,06/30/2023
SAMPLE HOSPITAL 1260,101259,LA,READM-30-HIP-KNEE-HRRP,544,,0.9687,0.1402,0.1447,76,07/01/2020,06/30/2023
SAMPLE HOSPITAL 1260,101259,LA,READM-30-CABG-HRRP,328,,1.0475,0.269,0.2568,88,07/01/2020,06/30/2023
SAMPLE HOSPITAL 1260,101259,LA,READM-30-AMI-HRRP,918,,1.0049,0.2527,0.2515,232,07/01/2020,06/30/2023
SAMPLE HOSPITAL 1261,101260,NV,READM-30-HIP-KNEE-HRRP,140,,1.0236,0.1901,0.1857,27,07/01/2020,06/30/2023
SAMPLE HOSPITAL 1261,101260,NV,READM-30-COPD-HRRP,51,,0.9259,0.1297,0.1401,7,07/01/2020,06/30/2023
SAMPLE HOSPITAL 1261,101260,NV,READM-30-AMI-HRRP,139,,1.0763,0.2681,0.2491,37,07/01/2020,06/30/2023
SAMPLE HOSPITAL 1262,101261,MD,READM-30-COPD-HRRP,80,,0.9893,0.1443,0.1459,12,07/01/2020,06/30/2023
SAMPLE HOSPITAL 1262,101261,MD,READM-30-AMI-HRRP,81,,0.9133,0.1839,0.2014,15,07/01/2020,06/30/2023
SAMPLE HOSPITAL 1262,101261,MD,READM-30-HIP-KNEE-HRRP,Too Few to Report,1,Too Few to Report,,,,07/01/2020,06/30/2023
SAMPLE HOSPITAL 1262,101261,MD,READM-30-HF-HRRP,177,,0.9405,0.2434,0.2588,43,07/01/2020,06/30/2023
SAMPLE HOSPITAL 1262,101261,MD,READM-30-CABG-HRRP,46,,0.8856,0.1532,0.173,7,07/01/2020,06/30/2023
SAMPLE HOSPITAL 1263,101262,MS,READM-30-PN-HRRP,59,,1.0089,0.1993,0.1975,12,07/01/2020,06/30/2023
SAMPLE HOSPITAL 1263,101262,MS,READM-30-AMI-HRRP,218,,0.8808,0.1745,0.1981,38,07/01/2020,06/30/2023
SAMPLE HOSPITAL 1263,101262,MS,READM-30-HF-HRRP,499,,0.9401,0.2042,0.2172,102,07/01/2020,06/30/2023
SAMPLE HOSPITAL 1264,101263,SD,READM-30-HF-HRRP,187,,0.9948,0.2149,0.216,40,07/01/2020,06/30/2023
SAMPLE HOSPITAL 1264,101263,SD,READM-30-PN-HRRP,93,,0.9829,0.1609,0.1637,15,07/01/2020,06/30/2023
SAMPLE HOSPITAL 1264,101263,SD,READM-30-HIP-KNEE-HRRP,142,,0.9283,0.1861,0.2005,26,07/01/2020,06/30/2023
SAMPLE HOSPITAL 1264,101263,SD,READM-30-COPD-HRRP,333,,0.9024,0.1121,0.1242,37,07/01/2020,06/30/2023
SAMPLE HOSPITAL 1264,101263,SD,READM-30-CABG-HRRP,74,,0.9813,0.1835,0.187,14,07/01/2020,06/30/2023
SAMPLE HOSPITAL 1264,101263,SD,READM-30-AMI-HRRP,86,,0.9703,0.1519,0.1566,13,07/01/2020,06/30/2023
SAMPLE HOSPITAL 1265,101264,VA,READM-30-HIP-KNEE-HRRP,276,,1.0405,0.1469,0.1412,41,07/01/2020,06/30/2023
SAMPLE HOSPITAL 1265,101264,VA,READM-30-AMI-HRRP,218,,1.0255,0.1999,0.1949,44,07/01/2020,06/30/2023
SAMPLE HOSPITAL 1265,101264,VA,READM-30-PN-HRRP,202,,1.0871,0.1901,0.1749,38,07/01/2020,06/30/2023
SAMPLE HOSPITAL 1265,101264,VA,READM-30-COPD-HRRP,1029,,1.0578,0.1975,0.1867,203,07/01/2020,06/30/2023
SAMPLE HOSPITAL 1265,101264,VA,READM-30-HF-HRRP,287,,1.1024,0.2644,0.2398,76,07/01/2020,06/30/2023
SAMPLE HOSPITAL 1265,101264,VA,READM-30-CABG-HRRP,720,,0.9287,0.2168,0.2334,156,07/01/2020,06/30/2023
SAMPLE HOSPITAL 1266,101265,MO,READM-30-COPD-HRRP,144,,1.0122,0.2245,0.2218,32,07/01/2020,06/30/2023
SAMPLE HOSPITAL 1266,101265,MO,READM-30-HIP-KNEE-HRRP,605,,0.9498,0.1229,0.1294,74,07/01/2020,06/30/2023
SAMPLE HOSPITAL 1266,101265,MO,READM-30-PN-HRRP,334,,1.0446,0.1706,0.1633,57,07/01/2020,06/30/2023
SAMPLE HOSPITAL 1266,101265,MO,READM-30-AMI-HRRP,251,,0.9351,0.1374,0.1469,34,07/01/2020,06/30/2023
SAMPLE HOSPITAL 1266,101265,MO,READM-30-CABG-HRRP,1046,,0.8795,0.1722,0.1958,180,07/01/2020,06/30/2023
SAMPLE HOSPITAL 1267,101266,WY,READM-30-AMI-HRRP,545,,0.895,0.1951,0.218,106,07/01/2020,06/30/2023
SAMPLE HOSPITAL 1267,101266,WY,READM-30-HF-HRRP,86,,1.0497,0.1419,0.1352,12,07/01/2020,06/30/2023
SAMPLE HOSPITAL 1267,101266,WY,READM-30-CABG-HRRP,730,,0.9675,0.2348,0.2427,171,07/01/2020,06/30/2023
SAMPLE HOSPITAL 1267,101266,WY,READM-30-HIP-KNEE-HRRP,51,,1.0736,0.1927,0.1795,10,07/01/2020,06/30/2023
SAMPLE HOSPITAL 1268,101267,LA,READM-30-AMI-HRRP,533,,0.9519,0.2106,0.2212,112,07/01/2020,06/30/2023
SAMPLE HOSPITAL 1268,101267,LA,READM-30-COPD-HRRP,85,,1.0328,0.2026,0.1962,17,07/01/2020,06/30/2023
SAMPLE HOSPITAL 1268,101267,LA,READM-30-CABG-HRRP,63,,1.0556,0.2624,0.2486,17,07/01/2020,06/30/2023
SAMPLE HOSPITAL 1269,101268,ND,READM-30-CABG-HRRP,190,,1.0596,0.1748,0.165,33,07/01/2020,06/30/2023
SAMPLE HOSPITAL 1269,101268,ND,READM-30-PN-HRRP,91,,1.0879,0.2253,0.2071,21,07/01/2020,06/30/2023
SAMPLE HOSPITAL 1269,101268,ND,READM-30-HF-HRRP,73,,0.9093,0.1376,0.1513,10,07/01/2020,06/30/2023
SAMPLE HOSPITAL 1269,101268,ND,READM-30-COPD-HRRP,114,,0.9492,0.2175,0.2291,25,07/01/2020,06/30/2023
SAMPLE HOSPITAL 1269,101268,ND,READM-30-HIP-KNEE-HRRP,68,,0.9702,0.1967,0.2027,13,07/01/2020,06/30/2023
SAMPLE HOSPITAL 1270,101269,ME,READM-30-HIP-KNEE-HRRP,42,,1.0365,0.1834,0.1769,8,07/01/2020,06/30/2023
SAMPLE HOSPITAL 1270,101269,ME,READM-30-PN-HRRP,162,,0.9842,0.1443,0.1466,23,07/01/2020,06/30/2023
SAMPLE HOSPITAL 1270,101269,ME,READM-30-COPD-HRRP,124,,1.1035,0.1614,0.1463,20,07/01/2020,06/30/2023
SAMPLE HOSPITAL 1270,101269,ME,READM-30-HF-HRRP,180,,1.0613,0.1918,0.1807,35,07/01/2020,06/30/2023
SAMPLE HOSPITAL 1270,101269,ME,READM-30-AMI-HRRP,58,,1.071,0.1699,0.1586,10,07/01/2020,06/30/2023
SAMPLE HOSPITAL 1270,101269,ME,READM-30-CABG-HRRP,68,,1.0656,0.1743,0.1636,12,07/01/2020,06/30/2023
SAMPLE HOSPITAL 1272,101271,MA,READM-30-HIP-KNEE-HRRP,131,,1.053,0.1684,0.1599,22,07/01/2020,06/30/2023
SAMPLE HOSPITAL 1272,101271,MA,READM-30-PN-HRRP,219,,1.0012,0.2256,0.2253,49,07/01/2020,06/30/2023
SAMPLE HOSPITAL 1272,101271,MA,READM-30-CABG-HRRP,799,,1.0293,0.2412,0.2343,193,07/01/2020,06/30/2023
SAMPLE HOSPITAL 1272,101271,MA,READM-30-COPD-HRRP,162,,1.1192,0.2115,0.189,34,07/01/2020,06/30/2023
SAMPLE HOSPITAL 1272,101271,MA,READM-30-HF-HRRP,93,,1.0471,0.2104,0.2009,20,07/01/2020,06/30/2023
SAMPLE HOSPITAL 1273,101272,TN,READM-30-PN-HRRP,220,,1.0942,0.2627,0.2401,58,07/01/2020,06/30/2023
SAMPLE HOSPITAL 1273,101272,TN,READM-30-AMI-HRRP,163,,1.0338,0.257,0.2486,42,07/01/2020,06/30/2023
SAMPLE HOSPITAL 1273,101272,TN,READM-30-COPD-HRRP,25,,1.0506,0.247,0.2351,6,07/01/2020,06/30/2023
SAMPLE HOSPITAL 1273,101272,TN,READM-30-HIP-KNEE-HRRP,Too Few to Report,1,Too Few to Report,,,,07/01/2020,06/30/2023
SAMPLE HOSPITAL 1273,101272,TN,READM-30-HF-HRRP,473,,1.0597,0.1472,0.1389,70,07/01/2020,06/30/2023
SAMPLE HOSPITAL 1273,101272,TN,READM-30-CABG-HRRP,157,,0.9217,0.1183,0.1283,19,07/01/2020,06/30/2023
SAMPLE HOSPITAL 1274,101273,CA,READM-30-HF-HRRP,65,,1.0104,0.2383,0.2358,15,07/01/2020,06/30/2023
SAMPLE HOSPITAL 1274,101273,CA,READM-30-AMI-HRRP,255,,1.0315,0.1559,0.1511,40,07/01/2020,06/30/2023
SAMPLE HOSPITAL 1274,101273,CA,READM-30-PN-HRRP,283,,0.9296,0.1952,0.21,55,07/01/2020,06/30/2023
SAMPLE HOSPITAL 1274,101273,CA,READM-30-HIP-KNEE-HRRP,30,,0.9792,0.2274,0.2322,7,07/01/2020,06/30/2023
SAMPLE HOSPITAL 1274,101273,CA,READM-30-COPD-HRRP,63,,0.9868,0.237,0.2402,15,07/01/2020,06/30/2023
SAMPLE HOSPITAL 1274,101273,CA,READM-30-CABG-HRRP,419,,1.1072,0.1335,0.1206,56,07/01/2020,06/30/2023
SAMPLE HOSPITAL 1275,101274,NE,READM-30-CABG-HRRP,1156,,0.9774,0.2058,0.2106,238,07/01/2020,06/30/2023
SAMPLE HOSPITAL 1275,101274,NE,READM-30-PN-HRRP,92,,0.997,0.1828,0.1833,17,07/01/2020,06/30/2023
SAMPLE HOSPITAL 1275,101274,NE,READM-30-HF-HRRP,54,,1.1058,0.1576,0.1425,9,07/01/2020,06/30/2023
SAMPLE HOSPITAL 1275,101274,NE,READM-30-AMI-HRRP,428,,1.0479,0.2399,0.2289,103,07/01/2020,06/30/2023
SAMPLE HOSPITAL 1276,101275,NH,READM-30-AMI-HRRP,166,,1.077,0.2732,0.2537,45,07/01/2020,06/30/2023
SAMPLE HOSPITAL 1276,101275,NH,READM-30-HIP-KNEE-HRRP,104,,0.9925,0.2486,0.2505,26,07/01/2020,06/30/2023
SAMPLE HOSPITAL 1276,101275,NH,READM-30-PN-HRRP,509,,0.9413,0.1799,0.1911,92,07/01/2020,06/30/2023
SAMPLE HOSPITAL 1276,101275,NH,READM-30-COPD-HRRP,456,,1.0243,0.1423,0.1389,65,07/01/2020,06/30/2023
SAMPLE HOSPITAL 1277,101276,AZ,READM-30-PN-HRRP,833,,1.1157,0.2694,0.2415,224,07/01/2020,06/30/2023
SAMPLE HOSPITAL 1277,101276,AZ,READM-30-HF-HRRP,327,,1.1549,0.1692,0.1465,55,07/01/2020,06/30/2023
SAMPLE HOSPITAL 1277,101276,AZ,READM-30-AMI-HRRP,211,,1.0386,0.1479,0.1424,31,07/01/2020,06/30/2023
SAMPLE HOSPITAL 1277,101276,AZ,READM-30-CABG-HRRP,76,,1.063,0.2308,0.2171,18,07/01/2020,06/30/2023
SAMPLE HOSPITAL 1277,101276,AZ,READM-30-COPD-HRRP,136,,1.0067,0.1675,0.1664,23,07/01/2020,06/30/2023
SAMPLE HOSPITAL 1277,101276,AZ,READM-30-HIP-KNEE-HRRP,216,,1.151,0.2093,0.1818,45,07/01/2020,06/30/2023
SAMPLE HOSPITAL 1278,101277,AK,READM-30-CABG-HRRP,250,,1.039,0.2185,0.2103,55,07/01/2020,06/30/2023
SAMPLE HOSPITAL 1278,101277,AK,READM-30-COPD-HRRP,231,,0.9121,0.1575,0.1727,36,07/01/2020,06/30/2023
SAMPLE HOSPITAL 1278,101277,AK,READM-30-PN-HRRP,222,,0.9493,0.1451,0.1529,32,07/01/2020,06/30/2023
SAMPLE HOSPITAL 1278,101277,AK,READM-30-HF-HRRP,81,,0.9712,0.2115,0.2178,17,07/01/2020,06/30/2023
SAMPLE HOSPITAL 1278,101277,AK,READM-30-AMI-HRRP,483,,1.0061,0.1556,0.1547,75,07/01/2020,06/30/2023
SAMPLE HOSPITAL 1279,101278,AL,READM-30-PN-HRRP,207,,1.0464,0.1993,0.1905,41,07/01/2020,06/30/2023
SAMPLE HOSPITAL 1279,101278,AL,READM-30-CABG-HRRP,312,,1.0087,0.1538,0.1525,48,07/01/2020,06/30/2023
SAMPLE HOSPITAL 1279,101278,AL,READM-30-HF-HRRP,1655,,1.0174,0.2374,0.2333,393,07/01/2020,06/30/2023
SAMPLE HOSPITAL 1279,101278,AL,READM-30-HIP-KNEE-HRRP,180,,0.9471,0.2027,0.214,36,07/01/2020,06/30/2023
SAMPLE HOSPITAL 1279,101278,AL,READM-30-COPD-HRRP,145,,1.0178,0.2486,0.2443,36,07/01/2020,06/30/2023
SAMPLE HOSPITAL 1279,101278,AL,READM-30-AMI-HRRP,126,,0.8388,0.1616,0.1926,20,07/01/2020,06/30/2023
SAMPLE HOSPITAL 1280,101279,SD,READM-30-CABG-HRRP,51,,0.9535,0.2353,0.2468,12,07/01/2020,06/30/2023
SAMPLE HOSPITAL 1280,101279,SD,READM-30-HF-HRRP,180,,0.9139,0.1139,0.1246,21,07/01/2020,06/30/2023
SAMPLE HOSPITAL 1280,101279,SD,READM-30-HIP-KNEE-HRRP,232,,1.0452,0.1895,0.1813,44,07/01/2020,06/30/2023
SAMPLE HOSPITAL 1280,101279,SD,READM-30-PN-HRRP,236,,0.9543,0.1866,0.1955,44,07/01/2020,06/30/2023
SAMPLE HOSPITAL 1281,101280,MT,READM-30-HIP-KNEE-HRRP,371,,0.9861,0.1305,0.1323,48,07/01/2020,06/30/2023
SAMPLE HOSPITAL 1281,101280,MT,READM-30-COPD-HRRP,145,,1.0816,0.1685,0.1558,24,07/01/2020,06/30/2023
SAMPLE HOSPITAL 1281,101280,MT,READM-30-PN-HRRP,465,,1.014,0.1475,0.1455,69,07/01/2020,06/30/2023
SAMPLE HOSPITAL 1282,101281,DE,READM-30-HIP-KNEE-HRRP,814,,1.0625,0.2573,0.2422,209,07/01/2020,06/30/2023
SAMPLE HOSPITAL 1282,101281,DE,READM-30-PN-HRRP,3052,,1.0004,0.1366,0.1365,417,07/01/2020,06/30/2023
SAMPLE HOSPITAL 1282,101281,DE,READM-30-HF-HRRP,188,,0.9621,0.1163,0.1209,22,07/01/2020,06/30/2023
SAMPLE HOSPITAL 1282,101281,DE,READM-30-AMI-HRRP,233,,0.9834,0.132,0.1342,31,07/01/2020,06/30/2023
SAMPLE HOSPITAL 1282,101281,DE,READM-30-CABG-HRRP,435,,0.9789,0.1192,0.1218,52,07/01/2020,06/30/2023
SAMPLE HOSPITAL 1282,101281,DE,READM-30-COPD-HRRP,85,,1.0694,0.2362,0.2209,20,07/01/2020,06/30/2023
SAMPLE HOSPITAL 1283,101282,MS,READM-30-HIP-KNEE-HRRP,220,,0.9988,0.1645,0.1647,36,07/01/2020,06/30/2023
SAMPLE HOSPITAL 1283,101282,MS,READM-30-HF-HRRP,187,,0.9631,0.2303,0.2391,43,07/01/2020,06/30/2023
SAMPLE HOSPITAL 1283,101282,MS,READM-30-COPD-HRRP,155,,0.9157,0.142,0.1551,22,07/01/2020,06/30/2023
SAMPLE HOSPITAL 1283,101282,MS,READM-30-PN-HRRP,71,,0.9844,0.1182,0.1201,8,07/01/2020,06/30/2023
SAMPLE HOSPITAL 1283,101282,MS,READM-30-CABG-HRRP,105,,0.9449,0.213,0.2254,22,07/01/2020,06/30/2023
SAMPLE HOSPITAL 1284,101283,IN,READM-30-HIP-KNEE-HRRP,45,,0.9304,0.1998,0.2148,9,07/01/2020,06/30/2023
SAMPLE HOSPITAL 1284,101283,IN,READM-30-AMI-HRRP,346,,0.948,0.128,0.135,44,07/01/2020,06/30/2023
SAMPLE HOSPITAL 1284,101283,IN,READM-30-COPD-HRRP,106,,0.947,0.1737,0.1834,18,07/01/2020,06/30/2023
SAMPLE HOSPITAL 1284,101283,IN,READM-30-PN-HRRP,56,,0.9358,0.164,0.1752,9,07/01/2020,06/30/2023
SAMPLE HOSPITAL 1284,101283,IN,READM-30-CABG-HRRP,394,,0.8814,0.1369,0.1553,54,07/01/2020,06/30/2023
SAMPLE HOSPITAL 1285,101284,NM,READM-30-AMI-HRRP,153,,1.0621,0.2237,0.2106,34,07/01/2020,06/30/2023
SAMPLE HOSPITAL 1285,101284,NM,READM-30-HIP-KNEE-HRRP,837,,1.0097,0.1698,0.1682,142,07/01/2020,06/30/2023
SAMPLE HOSPITAL 1285,101284,NM,READM-30-COPD-HRRP,128,,0.9331,0.1234,0.1322,16,07/01/2020,06/30/2023
SAMPLE HOSPITAL 1286,101285,LA,READM-30-AMI-HRRP,98,,1.0604,0.1788,0.1686,18,07/01/2020,06/30/2023
SAMPLE HOSPITAL 1286,101285,LA,READM-30-CABG-HRRP,36,,0.9156,0.2075,0.2266,7,07/01/2020,06/30/2023
SAMPLE HOSPITAL 1286,101285,LA,READM-30-COPD-HRRP,208,,1.0261,0.2138,0.2084,44,07/01/2020,06/30/2023
SAMPLE HOSPITAL 1286,101285,LA,READM-30-PN-HRRP,115,,0.8786,0.2164,0.2463,25,07/01/2020,06/30/2023
SAMPLE HOSPITAL 1286,101285,LA,READM-30-HF-HRRP,295,,0.9284,0.1883,0.2028,56,07/01/2020,06/30/2023
SAMPLE HOSPITAL 1287,101286,TN,READM-30-AMI-HRRP,217,,1.0215,0.247,0.2418,54,07/01/2020,06/30/2023
SAMPLE HOSPITAL 1287,101286,TN,READM-30-PN-HRRP,169,,0.9752,0.1586,0.1626,27,07/01/2020,06/30/2023
SAMPLE HOSPITAL 1287,101286,TN,READM-30-COPD-HRRP,181,,1.065,0.2738,0.2571,50,07/01/2020,06/30/2023
SAMPLE HOSPITAL 1288,101287,NM,READM-30-HIP-KNEE-HRRP,45,,1.0539,0.2006,0.1903,9,07/01/2020,06/30/2023
SAMPLE HOSPITAL 1288,101287,NM,READM-30-AMI-HRRP,455,,0.9119,0.2257,0.2475,103,07/01/2020,06/30/2023
SAMPLE HOSPITAL 1288,101287,NM,READM-30-PN-HRRP,109,,1.1307,0.1507,0.1333,16,07/01/2020,06/30/2023
SAMPLE HOSPITAL 1289,101288,WA,READM-30-COPD-HRRP,160,,1.0442,0.2057,0.197,33,07/01/2020,06/30/2023
SAMPLE HOSPITAL 1289,101288,WA,READM-30-HIP-KNEE-HRRP,320,,0.9692,0.151,0.1558,48,07/01/2020,06/30/2023
SAMPLE HOSPITAL 1289,101288,WA,READM-30-PN-HRRP,77,,0.8813,0.163,0.185,13,07/01/2020,06/30/2023
SAMPLE HOSPITAL 1289,101288,WA,READM-30-HF-HRRP,90,,1.0952,0.1758,0.1605,16,07/01/2020,06/30/2023
SAMPLE HOSPITAL 1290,101289,AL,READM-30-CABG-HRRP,245,,1.0092,0.2261,0.224,55,07/01/2020,06/30/2023
SAMPLE HOSPITAL 1290,101289,AL,READM-30-PN-HRRP,409,,0.9211,0.1647,0.1788,67,07/01/2020,06/30/2023
SAMPLE HOSPITAL 1290,101289,AL,READM-30-HIP-KNEE-HRRP,59,,0.962,0.193,0.2006,11,07/01/2020,06/30/2023
SAMPLE HOSPITAL 1291,101290,AK,READM-30-HF-HRRP,158,,1.0201,0.2507,0.2458,40,07/01/2020,06/30/2023
SAMPLE HOSPITAL 1291,101290,AK,READM-30-CABG-HRRP,341,,1.033,0.2108,0.2041,72,07/01/2020,06/30/2023
SAMPLE HOSPITAL 1291,101290,AK,READM-30-HIP-KNEE-HRRP,195,,0.9961,0.161,0.1616,31,07/01/2020,06/30/2023
SAMPLE HOSPITAL 1292,101291,IA,READM-30-HIP-KNEE-HRRP,709,,0.9432,0.2351,0.2493,167,07/01/2020,06/30/2023
SAMPLE HOSPITAL 1292,101291,IA,READM-30-AMI-HRRP,138,,0.9378,0.1708,0.1821,24,07/01/2020,06/30/2023
SAMPLE HOSPITAL 1292,101291,IA,READM-30-PN-HRRP,131,,0.9385,0.1159,0.1235,15,07/01/2020,06/30/2023
SAMPLE HOSPITAL 1292,101291,IA,READM-30-HF-HRRP,634,,0.9207,0.1488,0.1616,94,07/01/2020,06/30/2023
SAMPLE HOSPITAL 1293,101292,TX,READM-30-CABG-HRRP,132,,0.9214,0.1816,0.1971,24,07/01/2020,06/30/2023
SAMPLE HOSPITAL 1293,101292,TX,READM-30-PN-HRRP,231,,0.8441,0.2158,0.2557,50,07/01/2020,06/30/2023
SAMPLE HOSPITAL 1293,101292,TX,READM-30-COPD-HRRP,438,,1.1084,0.2855,0.2576,125,07/01/2020,06/30/2023
SAMPLE HOSPITAL 1293,101292,TX,READM-30-AMI-HRRP,140,,0.9177,0.1765,0.1923,25,07/01/2020,06/30/2023
SAMPLE HOSPITAL 1294,101293,GA,READM-30-PN-HRRP,283,,0.9148,0.2023,0.2211,57,07/01/2020,06/30/2023
SAMPLE HOSPITAL 1294,101293,GA,READM-30-AMI-HRRP,227,,1.1046,0.202,0.1829,46,07/01/2020,06/30/2023
SAMPLE HOSPITAL 1294,101293,GA,READM-30-HF-HRRP,117,,1.0133,0.1776,0.1753,21,07/01/2020,06/30/2023
SAMPLE HOSPITAL 1294,101293,GA,READM-30-CABG-HRRP,753,,1.0879,0.1723,0.1584,130,07/01/2020,06/30/2023
SAMPLE HOSPITAL 1295,101294,MI,READM-30-PN-HRRP,30,,1.0027,0.2051,0.2045,6,07/01/2020,06/30/2023
SAMPLE HOSPITAL 1295,101294,MI,READM-30-HIP-KNEE-HRRP,496,,1.0257,0.2616,0.255,130,07/01/2020,06/30/2023
SAMPLE HOSPITAL 1295,101294,MI,READM-30-COPD-HRRP,38,,0.998,0.1845,0.1849,7,07/01/2020,06/30/2023
SAMPLE HOSPITAL 1295,101294,MI,READM-30-CABG-HRRP,253,,0.967,0.1493,0.1544,38,07/01/2020,06/30/2023
SAMPLE HOSPITAL 1296,101295,OR,READM-30-HIP-KNEE-HRRP,Too Few to Report,1,Too Few to Report,,,,07/01/2020,06/30/2023
SAMPLE HOSPITAL 1296,101295,OR,READM-30-AMI-HRRP,535,,0.9662,0.1231,0.1274,66,07/01/2020,06/30/2023
SAMPLE HOSPITAL 1296,101295,OR,READM-30-HF-HRRP,308,,1.1083,0.2877,0.2596,89,07/01/2020,06/30/2023
SAMPLE HOSPITAL 1297,101296,ND,READM-30-AMI-HRRP,197,,1.0608,0.2134,0.2012,42,07/01/2020,06/30/2023
SAMPLE HOSPITAL 1297,101296,ND,READM-30-HF-HRRP,114,,1.0053,0.165,0.1641,19,07/01/2020,06/30/2023
SAMPLE HOSPITAL 1297,101296,ND,READM-30-COPD-HRRP,76,,0.956,0.2233,0.2336,17,07/01/2020,06/30/2023
SAMPLE HOSPITAL 1297,101296,ND,READM-30-HIP-KNEE-HRRP,167,,0.9866,0.2234,0.2264,37,07/01/2020,06/30/2023
SAMPLE HOSPITAL 1297,101296,ND,READM-30-CABG-HRRP,227,,0.9783,0.1972,0.2016,45,07/01/2020,06/30/2023
SAMPLE HOSPITAL 1297,101296,ND,READM-30-PN-HRRP,548,,1.134,0.2183,0.1925,120,07/01/2020,06/30/2023
SAMPLE HOSPITAL 1298,101297,IA,READM-30-HF-HRRP,502,,1.0728,0.23,0.2144,115,07/01/2020,06/30/2023
SAMPLE HOSPITAL 1298,101297,IA,READM-30-PN-HRRP,132,,1.0017,0.1787,0.1784,24,07/01/2020,06/30/2023
SAMPLE HOSPITAL 1298,101297,IA,READM-30-HIP-KNEE-HRRP,144,,0.9989,0.2506,0.2509,36,07/01/2020,06/30/2023
SAMPLE HOSPITAL 1298,101297,IA,READM-30-CABG-HRRP,152,,0.93,0.1426,0.1533,22,07/01/2020,06/30/2023
SAMPLE HOSPITAL 1299,101298,VA,READM-30-COPD-HRRP,425,,1.089,0.245,0.225,104,07/01/2020,06/30/2023
SAMPLE HOSPITAL 1299,101298,VA,READM-30-CABG-HRRP,124,,0.9079,0.2359,0.2598,29,07/01/2020,06/30/2023
SAMPLE HOSPITAL 1299,101298,VA,READM-30-AMI-HRRP,168,,1.0716,0.1565,0.146,26,07/01/2020,06/30/2023
SAMPLE HOSPITAL 1299,101298,VA,READM-30-HIP-KNEE-HRRP,51,,0.9832,0.1213,0.1234,6,07/01/2020,06/30/2023
SAMPLE HOSPITAL 1299,101298,VA,READM-30-PN-HRRP,427,,0.9951,0.1521,0.1528,65,07/01/2020,06/30/2023
SAMPLE HOSPITAL 1300,101299,IL,READM-30-HF-HRRP,275,,1.079,0.1979,0.1834,54,07/01/2020,06/30/2023
SAMPLE HOSPITAL 1300,101299,IL,READM-30-PN-HRRP,66,,0.9546,0.2041,0.2138,13,07/01/2020,06/30/2023
SAMPLE HOSPITAL 1300,101299,IL,READM-30-AMI-HRRP,607,,1.0584,0.1406,0.1328,85,07/01/2020,06/30/2023
SAMPLE HOSPITAL 1300,101299,IL,READM-30-CABG-HRRP,194,,0.9683,0.228,0.2355,44,07/01/2020,06/30/2023
SAMPLE HOSPITAL 1301,101300,MI,READM-30-AMI-HRRP,159,,1.0426,0.1993,0.1912,32,07/01/2020,06/30/2023
SAMPLE HOSPITAL 1301,101300,MI,READM-30-COPD-HRRP,560,,1.0072,0.1291,0.1282,72,07/01/2020,06/30/2023
SAMPLE HOSPITAL 1301,101300,MI,READM-30-HF-HRRP,529,,0.9854,0.1932,0.1961,102,07/01/2020,06/30/2023
SAMPLE HOSPITAL 1301,101300,MI,READM-30-PN-HRRP,919,,0.9784,0.2418,0.2471,222,07/01/2020,06/30/2023
SAMPLE HOSPITAL 1302,101301,MN,READM-30-HIP-KNEE-HRRP,326,,1.0689,0.1801,0.1685,59,07/01/2020,06/30/2023
SAMPLE HOSPITAL 1302,101301,MN,READM-30-COPD-HRRP,28,,1.0744,0.2262,0.2105,6,07/01/2020,06/30/2023
SAMPLE HOSPITAL 1302,101301,MN,READM-30-HF-HRRP,115,,1.0549,0.2422,0.2296,28,07/01/2020,06/30/2023
SAMPLE HOSPITAL 1303,101302,UT,READM-30-HIP-KNEE-HRRP,57,,0.9294,0.1943,0.2091,11,07/01/2020,06/30/2023
SAMPLE HOSPITAL 1303,101302,UT,READM-30-COPD-HRRP,40,,0.9829,0.1508,0.1534,6,07/01/2020,06/30/2023
SAMPLE HOSPITAL 1303,101302,UT,READM-30-HF-HRRP,60,,1.0489,0.188,0.1792,11,07/01/2020,06/30/2023
SAMPLE HOSPITAL 1303,101302,UT,READM-30-AMI-HRRP,559,,1.0054,0.1887,0.1877,105,07/01/2020,06/30/2023
SAMPLE HOSPITAL 1304,101303,NJ,READM-30-COPD-HRRP,402,,0.9298,0.1662,0.1787,67,07/01/2020,06/30/2023
SAMPLE HOSPITAL 1304,101303,NJ,READM-30-PN-HRRP,122,,0.9161,0.1353,0.1477,17,07/01/2020,06/30/2023
SAMPLE HOSPITAL 1304,101303,NJ,READM-30-HF-HRRP,235,,1.1604,0.1786,0.1539,42,07/01/2020,06/30/2023
SAMPLE HOSPITAL 1304,101303,NJ,READM-30-AMI-HRRP,301,,0.9912,0.2273,0.2293,68,07/01/2020,06/30/2023
SAMPLE HOSPITAL 1304,101303,NJ,READM-30-HIP-KNEE-HRRP,317,,1.0738,0.2716,0.2529,86,07/01/2020,06/30/2023
SAMPLE HOSPITAL 1305,101304,IN,READM-30-HF-HRRP,369,,1.0255,0.1699,0.1657,63,07/01/2020,06/30/2023
SAMPLE HOSPITAL 1305,101304,IN,READM-30-HIP-KNEE-HRRP,151,,1.0948,0.1652,0.1509,25,07/01/2020,06/30/2023
SAMPLE HOSPITAL 1305,101304,IN,READM-30-PN-HRRP,386,,1.0332,0.2357,0.2281,91,07/01/2020,06/30/2023
SAMPLE HOSPITAL 1306,101305,VT,READM-30-COPD-HRRP,41,,0.9066,0.1104,0.1218,5,07/01/2020,06/30/2023
SAMPLE HOSPITAL 1306,101305,VT,READM-30-PN-HRRP,64,,1.0354,0.1248,0.1205,8,07/01/2020,06/30/2023
SAMPLE HOSPITAL 1306,101305,VT,READM-30-HF-HRRP,160,,0.9002,0.2246,0.2495,36,07/01/2020,06/30/2023
SAMPLE HOSPITAL 1306,101305,VT,READM-30-CABG-HRRP,121,,1.0821,0.1503,0.1389,18,07/01/2020,06/30/2023
SAMPLE HOSPITAL 1306,101305,VT,READM-30-AMI-HRRP,186,,1.0882,0.1587,0.1458,30,07/01/2020,06/30/2023
SAMPLE HOSPITAL 1307,101306,NH,READM-30-HIP-KNEE-HRRP,32,,1.0942,0.2184,0.1996,7,07/01/2020,06/30/2023
SAMPLE HOSPITAL 1307,101306,NH,READM-30-AMI-HRRP,530,,1.0441,0.1639,0.157,87,07/01/2020,06/30/2023
SAMPLE HOSPITAL 1307,101306,NH,READM-30-CABG-HRRP,216,,0.8874,0.1771,0.1996,38,07/01/2020,06/30/2023
SAMPLE HOSPITAL 1307,101306,NH,READM-30-COPD-HRRP,127,,1.0228,0.2513,0.2457,32,07/01/2020,06/30/2023
SAMPLE HOSPITAL 1307,101306,NH,READM-30-HF-HRRP,370,,1.0304,0.1557,0.1511,58,07/01/2020,06/30/2023
SAMPLE HOSPITAL 1308,101307,MO,READM-30-CABG-HRRP,265,,1.1338,0.2226,0.1963,59,07/01/2020,06/30/2023
SAMPLE HOSPITAL 1308,101307,MO,READM-30-COPD-HRRP,289,,1.049,0.2476,0.236,72,07/01/2020,06/30/2023
SAMPLE HOSPITAL 1308,101307,MO,READM-30-HIP-KNEE-HRRP,249,,1.0365,0.2578,0.2487,64,07/01/2020,06/30/2023
SAMPLE HOSPITAL 1308,101307,MO,READM-30-AMI-HRRP,244,,1.0487,0.2134,0.2035,52,07/01/2020,06/30/2023
SAMPLE HOSPITAL 1309,101308,IA,READM-30-CABG-HRRP,227,,1.0652,0.1313,0.1233,30,07/01/2020,06/30/2023
SAMPLE HOSPITAL 1309,101308,IA,READM-30-COPD-HRRP,166,,1.0638,0.1762,0.1656,29,07/01/2020,06/30/2023
SAMPLE HOSPITAL 1309,101308,IA,READM-30-PN-HRRP,146,,0.9835,0.1884,0.1916,28,07/01/2020,06/30/2023
SAMPLE HOSPITAL 1310,101309,MS,READM-30-AMI-HRRP,84,,0.9723,0.1501,0.1544,13,07/01/2020,06/30/2023
SAMPLE HOSPITAL 1310,101309,MS,READM-30-PN-HRRP,222,,1.0609,0.1998,0.1883,44,07/01/2020,06/30/2023
SAMPLE HOSPITAL 1310,101309,MS,READM-30-HF-HRRP,143,,1.0,0.1392,0.1392,20,07/01/2020,06/30/2023
SAMPLE HOSPITAL 1310,101309,MS,READM-30-HIP-KNEE-HRRP,335,,0.9564,0.2358,0.2466,79,07/01/2020,06/30/2023
SAMPLE HOSPITAL 1310,101309,MS,READM-30-COPD-HRRP,164,,0.97,0.2452,0.2528,40,07/01/2020,06/30/2023
SAMPLE HOSPITAL 1310,101309,MS,READM-30-CABG-HRRP,127,,0.9867,0.249,0.2524,32,07/01/2020,06/30/2023
SAMPLE HOSPITAL 1311,101310,CA,READM-30-COPD-HRRP,76,,0.9494,0.1354,0.1426,10,07/01/2020,06/30/2023
SAMPLE HOSPITAL 1311,101310,CA,READM-30-HF-HRRP,227,,1.0389,0.2382,0.2293,54,07/01/2020,06/30/2023
SAMPLE HOSPITAL 1311,101310,CA,READM-30-AMI-HRRP,341,,0.9458,0.2311,0.2443,79,07/01/2020,06/30/2023
SAMPLE HOSPITAL 1312,101311,CO,READM-30-CABG-HRRP,348,,0.987,0.2257,0.2287,79,07/01/2020,06/30/2023
SAMPLE HOSPITAL 1312,101311,CO,READM-30-COPD-HRRP,461,,0.9613,0.14,0.1456,65,07/01/2020,06/30/2023
SAMPLE HOSPITAL 1312,101311,CO,READM-30-AMI-HRRP,201,,0.9315,0.1208,0.1297,24,07/01/2020,06/30/2023
SAMPLE HOSPITAL 1312,101311,CO,READM-30-HIP-KNEE-HRRP,126,,0.9861,0.2355,0.2388,30,07/01/2020,06/30/2023
SAMPLE HOSPITAL 1313,101312,DE,READM-30-HIP-KNEE-HRRP,337,,1.0534,0.2497,0.237,84,07/01/2020,06/30/2023
SAMPLE HOSPITAL 1313,101312,DE,READM-30-AMI-HRRP,721,,1.0599,0.2352,0.2219,170,07/01/2020,06/30/2023
SAMPLE HOSPITAL 1313,101312,DE,READM-30-COPD-HRRP,392,,0.9853,0.2379,0.2414,93,07/01/2020,06/30/2023
SAMPLE HOSPITAL 1313,101312,DE,READM-30-HF-HRRP,200,,0.9996,0.1707,0.1708,34,07/01/2020,06/30/2023
SAMPLE HOSPITAL 1313,101312,DE,READM-30-PN-HRRP,119,,0.8913,0.2069,0.2321,25,07/01/2020,06/30/2023
SAMPLE HOSPITAL 1314,101313,DE,READM-30-CABG-HRRP,121,,0.9366,0.2253,0.2405,27,07/01/2020,06/30/2023
SAMPLE HOSPITAL 1314,101313,DE,READM-30-HIP-KNEE-HRRP,31,,0.8537,0.1542,0.1806,5,07/01/2020,06/30/2023
SAMPLE HOSPITAL 1314,101313,DE,READM-30-AMI-HRRP,77,,0.9802,0.209,0.2132,16,07/01/2020,06/30/2023
SAMPLE HOSPITAL 1314,101313,DE,READM-30-HF-HRRP,239,,1.0234,0.2391,0.2336,57,07/01/2020,06/30/2023
SAMPLE HOSPITAL 1314,101313,DE,READM-30-PN-HRRP,53,,1.0972,0.152,0.1385,8,07/01/2020,06/30/2023
SAMPLE HOSPITAL 1314,101313,DE,READM-30-COPD-HRRP,61,,0.8682,0.1402,0.1615,9,07/01/2020,06/30/2023
SAMPLE HOSPITAL 1315,101314,NM,READM-30-PN-HRRP,1356,,1.0469,0.1916,0.183,260,07/01/2020,06/30/2023
SAMPLE HOSPITAL 1315,101314,NM,READM-30-AMI-HRRP,112,,0.9674,0.1729,0.1787,19,07/01/2020,06/30/2023
SAMPLE HOSPITAL 1315,101314,NM,READM-30-COPD-HRRP,183,,0.905,0.1621,0.1791,30,07/01/2020,06/30/2023
SAMPLE HOSPITAL 1315,101314,NM,READM-30-HIP-KNEE-HRRP,280,,0.9966,0.2045,0.2052,57,07/01/2020,06/30/2023
SAMPLE HOSPITAL 1316,101315,NC,READM-30-HIP-KNEE-HRRP,149,,1.1807,0.2156,0.1826,32,07/01/2020,06/30/2023
SAMPLE HOSPITAL 1316,101315,NC,READM-30-HF-HRRP,728,,1.043,0.2552,0.2447,186,07/01/2020,06/30/2023
SAMPLE HOSPITAL 1316,101315,NC,READM-30-PN-HRRP,91,,1.1039,0.2111,0.1912,19,07/01/2020,06/30/2023
SAMPLE HOSPITAL 1317,101316,SD,READM-30-AMI-HRRP,112,,0.9652,0.2017,0.209,23,07/01/2020,06/30/2023
SAMPLE HOSPITAL 1317,101316,SD,READM-30-CABG-HRRP,71,,1.0173,0.2217,0.2179,16,07/01/2020,06/30/2023
SAMPLE HOSPITAL 1317,101316,SD,READM-30-HIP-KNEE-HRRP,100,,0.9537,0.1694,0.1776,17,07/01/2020,06/30/2023
SAMPLE HOSPITAL 1318,101317,MT,READM-30-PN-HRRP,75,,0.9945,0.2185,0.2197,16,07/01/2020,06/30/2023
SAMPLE HOSPITAL 1318,101317,MT,READM-30-CABG-HRRP,489,,0.9584,0.2254,0.2352,110,07/01/2020,06/30/2023
SAMPLE HOSPITAL 1318,101317,MT,READM-30-AMI-HRRP,349,,0.9224,0.1292,0.1401,45,07/01/2020,06/30/2023
SAMPLE HOSPITAL 1319,101318,TN,READM-30-PN-HRRP,393,,0.9977,0.2154,0.2159,85,07/01/2020,06/30/2023
SAMPLE HOSPITAL 1319,101318,TN,READM-30-COPD-HRRP,202,,0.8624,0.1832,0.2124,37,07/01/2020,06/30/2023
SAMPLE HOSPITAL 1319,101318,TN,READM-30-HIP-KNEE-HRRP,102,,0.9279,0.1692,0.1823,17,07/01/2020,06/30/2023
SAMPLE HOSPITAL 1319,101318,TN,READM-30-CABG-HRRP,46,,1.0438,0.1665,0.1595,8,07/01/2020,06/30/2023
SAMPLE HOSPITAL 1319,101318,TN,READM-30-HF-HRRP,187,,0.9154,0.2037,0.2225,38,07/01/2020,06/30/2023
SAMPLE HOSPITAL 1319,101318,TN,READM-30-AMI-HRRP,48,,0.9841,0.2336,0.2374,11,07/01/2020,06/30/2023
SAMPLE HOSPITAL 1320,101319,WY,READM-30-PN-HRRP,77,,1.0711,0.2063,0.1926,16,07/01/2020,06/30/2023
SAMPLE HOSPITAL 1320,101319,WY,READM-30-HF-HRRP,116,,1.0819,0.1635,0.1511,19,07/01/2020,06/30/2023
SAMPLE HOSPITAL 1320,101319,WY,READM-30-HIP-KNEE-HRRP,102,,0.9616,0.1682,0.1749,17,07/01/2020,06/30/2023
SAMPLE HOSPITAL 1320,101319,WY,READM-30-CABG-HRRP,588,,0.9724,0.2024,0.2081,119,07/01/2020,06/30/2023
SAMPLE HOSPITAL 1320,101319,WY,READM-30-AMI-HRRP,605,,0.9214,0.2022,0.2194,122,07/01/2020,06/30/2023
SAMPLE HOSPITAL 1321,101320,MD,READM-30-HF-HRRP,77,,0.969,0.1488,0.1536,11,07/01/2020,06/30/2023
SAMPLE HOSPITAL 1321,101320,MD,READM-30-COPD-HRRP,360,,0.8834,0.1905,0.2156,69,07/01/2020,06/30/2023
SAMPLE HOSPITAL 1321,101320,MD,READM-30-AMI-HRRP,123,,0.9591,0.2292,0.239,28,07/01/2020,06/30/2023
SAMPLE HOSPITAL 1321,101320,MD,READM-30-CABG-HRRP,33,,1.0066,0.2245,0.223,7,07/01/2020,06/30/2023
SAMPLE HOSPITAL 1321,101320,MD,READM-30-PN-HRRP,250,,0.9874,0.2475,0.2507,62,07/01/2020,06/30/2023
SAMPLE HOSPITAL 1321,101320,MD,READM-30-HIP-KNEE-HRRP,140,,1.0206,0.2547,0.2496,36,07/01/2020,06/30/2023
SAMPLE HOSPITAL 1322,101321,NM,READM-30-HIP-KNEE-HRRP,73,,1.0224,0.1661,0.1625,12,07/01/2020,06/30/2023
SAMPLE HOSPITAL 1322,101321,NM,READM-30-CABG-HRRP,240,,0.9573,0.2476,0.2586,59,07/01/2020,06/30/2023
SAMPLE HOSPITAL 1322,101321,NM,READM-30-HF-HRRP,57,,1.0393,0.2457,0.2364,14,07/01/2020,06/30/2023
SAMPLE HOSPITAL 1322,101321,NM,READM-30-AMI-HRRP,155,,1.0502,0.1917,0.1825,30,07/01/2020,06/30/2023
SAMPLE HOSPITAL 1322,101321,NM,READM-30-PN-HRRP,346,,0.9955,0.1747,0.1755,60,07/01/2020,06/30/2023
SAMPLE HOSPITAL 1322,101321,NM,READM-30-COPD-HRRP,72,,1.1252,0.2316,0.2058,17,07/01/2020,06/30/2023
SAMPLE HOSPITAL 1323,101322,MA,READM-30-HIP-KNEE-HRRP,91,,1.1529,0.2121,0.184,19,07/01/2020,06/30/2023
SAMPLE HOSPITAL 1323,101322,MA,READM-30-AMI-HRRP,32,,0.9957,0.1306,0.1312,4,07/01/2020,06/30/2023
SAMPLE HOSPITAL 1323,101322,MA,READM-30-HF-HRRP,298,,1.0403,0.1706,0.164,51,07/01/2020,06/30/2023
SAMPLE HOSPITAL 1323,101322,MA,READM-30-CABG-HRRP,219,,1.0135,0.1251,0.1234,27,07/01/2020,06/30/2023
SAMPLE HOSPITAL 1323,101322,MA,READM-30-PN-HRRP,66,,1.032,0.1293,0.1253,9,07/01/2020,06/30/2023
SAMPLE HOSPITAL 1323,101322,MA,READM-30-COPD-HRRP,263,,1.0307,0.1261,0.1223,33,07/01/2020,06/30/2023
SAMPLE HOSPITAL 1324,101323,WY,READM-30-AMI-HRRP,259,,0.928,0.1655,0.1783,43,07/01/2020,06/30/2023
SAMPLE HOSPITAL 1324,101323,WY,READM-30-CABG-HRRP,62,,1.0125,0.1814,0.1792,11,07/01/2020,06/30/2023
SAMPLE HOSPITAL 1324,101323,WY,READM-30-COPD-HRRP,202,,1.0589,0.2255,0.213,46,07/01/2020,06/30/2023
SAMPLE HOSPITAL 1324,101323,WY,READM-30-HIP-KNEE-HRRP,249,,0.9953,0.1646,0.1654,41,07/01/2020,06/30/2023
SAMPLE HOSPITAL 1324,101323,WY,READM-30-PN-HRRP,203,,0.9977,0.1421,0.1424,29,07/01/2020,06/30/2023
SAMPLE HOSPITAL 1324,101323,WY,READM-30-HF-HRRP,124,,0.8613,0.2021,0.2346,25,07/01/2020,06/30/2023
SAMPLE HOSPITAL 1325,101324,DE,READM-30-COPD-HRRP,538,,0.9661,0.2473,0.256,133,07/01/2020,06/30/2023
SAMPLE HOSPITAL 1325,101324,DE,READM-30-CABG-HRRP,113,,1.0353,0.1706,0.1648,19,07/01/2020,06/30/2023
SAMPLE HOSPITAL 1325,101324,DE,READM-30-HF-HRRP,140,,1.0053,0.2334,0.2322,33,07/01/2020,06/30/2023
SAMPLE HOSPITAL 1325,101324,DE,READM-30-HIP-KNEE-HRRP,434,,0.956,0.1173,0.1227,51,07/01/2020,06/30/2023
SAMPLE HOSPITAL 1325,101324,DE,READM-30-AMI-HRRP,504,,0.9928,0.1247,0.1256,63,07/01/2020,06/30/2023
SAMPLE HOSPITAL 1325,101324,DE,READM-30-PN-HRRP,211,,0.9842,0.1278,0.1299,27,07/01/2020,06/30/2023
SAMPLE HOSPITAL 1326,101325,MT,READM-30-HIP-KNEE-HRRP,153,,0.9599,0.1161,0.1209,18,07/01/2020,06/30/2023
SAMPLE HOSPITAL 1326,101325,MT,READM-30-AMI-HRRP,386,,1.0251,0.1841,0.1796,71,07/01/2020,06/30/2023
SAMPLE HOSPITAL 1326,101325,MT,READM-30-HF-HRRP,260,,1.0613,0.2374,0.2237,62,07/01/2020,06/30/2023
SAMPLE HOSPITAL 1326,101325,MT,READM-30-COPD-HRRP,152,,0.9901,0.1582,0.1598,24,07/01/2020,06/30/2023
SAMPLE HOSPITAL 1326,101325,MT,READM-30-PN-HRRP,203,,1.0525,0.2466,0.2343,50,07/01/2020,06/30/2023
SAMPLE HOSPITAL 1327,101326,OK,READM-30-AMI-HRRP,127,,1.0024,0.2584,0.2578,33,07/01/2020,06/30/2023
SAMPLE HOSPITAL 1327,101326,OK,READM-30-PN-HRRP,198,,1.0571,0.1536,0.1453,30,07/01/2020,06/30/2023
SAMPLE HOSPITAL 1327,101326,OK,READM-30-COPD-HRRP,56,,1.0603,0.1782,0.1681,10,07/01/2020,06/30/2023
SAMPLE HOSPITAL 1327,101326,OK,READM-30-HF-HRRP,133,,1.0088,0.261,0.2587,35,07/01/2020,06/30/2023
SAMPLE HOSPITAL 1327,101326,OK,READM-30-CABG-HRRP,148,,1.108,0.2072,0.187,31,07/01/2020,06/30/2023
SAMPLE HOSPITAL 1328,101327,NV,READM-30-COPD-HRRP,383,,0.9287,0.1446,0.1557,55,07/01/2020,06/30/2023
SAMPLE HOSPITAL 1328,101327,NV,READM-30-HF-HRRP,312,,1.0025,0.1913,0.1908,60,07/01/2020,06/30/2023
SAMPLE HOSPITAL 1328,101327,NV,READM-30-AMI-HRRP,31,,0.9313,0.214,0.2298,7,07/01/2020,06/30/2023
SAMPLE HOSPITAL 1329,101328,CT,READM-30-CABG-HRRP,213,,0.9736,0.2015,0.207,43,07/01/2020,06/30/2023
SAMPLE HOSPITAL 1329,101328,CT,READM-30-HF-HRRP,40,,0.9804,0.2119,0.2161,8,07/01/2020,06/30/2023
SAMPLE HOSPITAL 1329,101328,CT,READM-30-AMI-HRRP,367,,1.0074,0.2019,0.2004,74,07/01/2020,06/30/2023
SAMPLE HOSPITAL 1329,101328,CT,READM-30-PN-HRRP,375,,0.953,0.2261,0.2372,85,07/01/2020,06/30/2023
SAMPLE HOSPITAL 1330,101329,SC,READM-30-HIP-KNEE-HRRP,277,,0.9191,0.1645,0.179,46,07/01/2020,06/30/2023
SAMPLE HOSPITAL 1330,101329,SC,READM-30-PN-HRRP,38,,1.101,0.2123,0.1928,8,07/01/2020,06/30/2023
SAMPLE HOSPITAL 1330,101329,SC,READM-30-COPD-HRRP,239,,1.0048,0.1463,0.1456,35,07/01/2020,06/30/2023
SAMPLE HOSPITAL 1330,101329,SC,READM-30-HF-HRRP,126,,0.9443,0.1313,0.139,17,07/01/2020,06/30/2023
SAMPLE HOSPITAL 1331,101330,KS,READM-30-COPD-HRRP,322,,1.0735,0.2266,0.2111,73,07/01/2020,06/30/2023
SAMPLE HOSPITAL 1331,101330,KS,READM-30-CABG-HRRP,279,,1.0467,0.1844,0.1762,51,07/01/2020,06/30/2023
SAMPLE HOSPITAL 1331,101330,KS,READM-30-HF-HRRP,155,,1.0612,0.2674,0.252,41,07/01/2020,06/30/2023
SAMPLE HOSPITAL 1332,101331,OR,READM-30-CABG-HRRP,185,,1.0165,0.1926,0.1895,36,07/01/2020,06/30/2023
SAMPLE HOSPITAL 1332,101331,OR,READM-30-HIP-KNEE-HRRP,270,,0.9649,0.1992,0.2064,54,07/01/2020,06/30/2023
SAMPLE HOSPITAL 1332,101331,OR,READM-30-PN-HRRP,140,,1.0331,0.1688,0.1634,24,07/01/2020,06/30/2023
SAMPLE HOSPITAL 1332,101331,OR,READM-30-AMI-HRRP,942,,0.9755,0.2238,0.2294,211,07/01/2020,06/30/2023
SAMPLE HOSPITAL 1332,101331,OR,READM-30-COPD-HRRP,86,,0.9815,0.2207,0.2249,19,07/01/2020,06/30/2023
SAMPLE HOSPITAL 1332,101331,OR,READM-30-HF-HRRP,360,,0.9664,0.1828,0.1892,66,07/01/2020,06/30/2023
SAMPLE HOSPITAL 1333,101332,SC,READM-30-AMI-HRRP,246,,1.0571,0.14,0.1324,34,07/01/2020,06/30/2023
SAMPLE HOSPITAL 1333,101332,SC,READM-30-HIP-KNEE-HRRP,645,,0.9512,0.1421,0.1494,92,07/01/2020,06/30/2023
SAMPLE HOSPITAL 1333,101332,SC,READM-30-HF-HRRP,264,,0.9199,0.1819,0.1977,48,07/01/2020,06/30/2023
SAMPLE HOSPITAL 1333,101332,SC,READM-30-COPD-HRRP,350,,0.9814,0.1724,0.1757,60,07/01/2020,06/30/2023
SAMPLE HOSPITAL 1333,101332,SC,READM-30-CABG-HRRP,486,,1.0931,0.2003,0.1832,97,07/01/2020,06/30/2023
SAMPLE HOSPITAL 1334,101333,IA,READM-30-AMI-HRRP,85,,0.9531,0.205,0.2151,17,07/01/2020,06/30/2023
SAMPLE HOSPITAL 1334,101333,IA,READM-30-CABG-HRRP,184,,1.0085,0.2193,0.2175,40,07/01/2020,06/30/2023
SAMPLE HOSPITAL 1334,101333,IA,READM-30-HF-HRRP,547,,0.9563,0.1638,0.1713,90,07/01/2020,06/30/2023
SAMPLE HOSPITAL 1335,101334,AK,READM-30-HIP-KNEE-HRRP,57,,0.9805,0.2279,0.2324,13,07/01/2020,06/30/2023
SAMPLE HOSPITAL 1335,101334,AK,READM-30-PN-HRRP,228,,0.9981,0.1999,0.2003,46,07/01/2020,06/30/2023
SAMPLE HOSPITAL 1335,101334,AK,READM-30-HF-HRRP,40,,0.999,0.2242,0.2244,9,07/01/2020,06/30/2023
SAMPLE HOSPITAL 1335,101334,AK,READM-30-COPD-HRRP,287,,1.0098,0.1475,0.1461,42,07/01/2020,06/30/2023
SAMPLE HOSPITAL 1335,101334,AK,READM-30-CABG-HRRP,366,,1.0378,0.1697,0.1635,62,07/01/2020,06/30/2023
SAMPLE HOSPITAL 1336,101335,RI,READM-30-COPD-HRRP,142,,0.9188,0.2313,0.2517,33,07/01/2020,06/30/2023
SAMPLE HOSPITAL 1336,101335,RI,READM-30-HF-HRRP,260,,0.9471,0.208,0.2196,54,07/01/2020,06/30/2023
SAMPLE HOSPITAL 1336,101335,RI,READM-30-HIP-KNEE-HRRP,571,,1.0557,0.1419,0.1344,81,07/01/2020,06/30/2023
SAMPLE HOSPITAL 1336,101335,RI,READM-30-PN-HRRP,75,,1.0469,0.1315,0.1256,10,07/01/2020,06/30/2023
SAMPLE HOSPITAL 1337,101336,MA,READM-30-HF-HRRP,490,,1.0859,0.2593,0.2388,127,07/01/2020,06/30/2023
SAMPLE HOSPITAL 1337,101336,MA,READM-30-COPD-HRRP,153,,0.9815,0.1294,0.1318,20,07/01/2020,06/30/2023
SAMPLE HOSPITAL 1337,101336,MA,READM-30-AMI-HRRP,117,,1.1186,0.178,0.1591,21,07/01/2020,06/30/2023
SAMPLE HOSPITAL 1337,101336,MA,READM-30-PN-HRRP,86,,0.9846,0.1684,0.171,14,07/01/2020,06/30/2023
SAMPLE HOSPITAL 1337,101336,MA,READM-30-CABG-HRRP,469,,1.0825,0.1971,0.1821,92,07/01/2020,06/30/2023
SAMPLE HOSPITAL 1337,101336,MA,READM-30-HIP-KNEE-HRRP,218,,0.9811,0.253,0.2579,55,07/01/2020,06/30/2023
SAMPLE HOSPITAL 1338,101337,NH,READM-30-CABG-HRRP,90,,0.9607,0.1657,0.1725,15,07/01/2020,06/30/2023
SAMPLE HOSPITAL 1338,101337,NH,READM-30-COPD-HRRP,725,,0.9491,0.2155,0.2271,156,07/01/2020,06/30/2023
SAMPLE HOSPITAL 1338,101337,NH,READM-30-HIP-KNEE-HRRP,30,,1.0477,0.1577,0.1505,5,07/01/2020,06/30/2023
SAMPLE HOSPITAL 1339,101338,IA,READM-30-CABG-HRRP,169,,1.0207,0.1847,0.181,31,07/01/2020,06/30/2023
SAMPLE HOSPITAL 1339,101338,IA,READM-30-COPD-HRRP,172,,1.0014,0.2301,0.2298,40,07/01/2020,06/30/2023
SAMPLE HOSPITAL 1339,101338,IA,READM-30-PN-HRRP,220,,1.0141,0.2378,0.2345,52,07/01/2020,06/30/2023
SAMPLE HOSPITAL 1339,101338,IA,READM-30-HIP-KNEE-HRRP,723,,1.0391,0.2291,0.2205,166,07/01/2020,06/30/2023
SAMPLE HOSPITAL 1339,101338,IA,READM-30-AMI-HRRP,298,,0.9523,0.1802,0.1892,54,07/01/2020,06/30/2023
SAMPLE HOSPITAL 1340,101339,MO,READM-30-COPD-HRRP,198,,0.9706,0.1233,0.127,24,07/01/2020,06/30/2023
SAMPLE HOSPITAL 1340,101339,MO,READM-30-HF-HRRP,613,,1.0493,0.1552,0.1479,95,07/01/2020,06/30/2023
SAMPLE HOSPITAL 1340,101339,MO,READM-30-AMI-HRRP,84,,1.0787,0.1565,0.1451,13,07/01/2020,06/30/2023
SAMPLE HOSPITAL 1341,101340,ND,READM-30-HF-HRRP,501,,1.1002,0.2306,0.2096,116,07/01/2020,06/30/2023
SAMPLE HOSPITAL 1341,101340,ND,READM-30-PN-HRRP,42,,1.0266,0.235,0.2289,10,07/01/2020,06/30/2023
SAMPLE HOSPITAL 1341,101340,ND,READM-30-HIP-KNEE-HRRP,946,,0.9444,0.1214,0.1285,115,07/01/2020,06/30/2023
SAMPLE HOSPITAL 1342,101341,OR,READM-30-AMI-HRRP,244,,1.0113,0.193,0.1908,47,07/01/2020,06/30/2023
SAMPLE HOSPITAL 1342,101341,OR,READM-30-CABG-HRRP,525,,1.0483,0.2334,0.2226,123,07/01/2020,06/30/2023
SAMPLE HOSPITAL 1342,101341,OR,READM-30-HF-HRRP,147,,1.0198,0.25,0.2451,37,07/01/2020,06/30/2023
SAMPLE HOSPITAL 1342,101341,OR,READM-30-HIP-KNEE-HRRP,276,,1.0696,0.1533,0.1433,42,07/01/2020,06/30/2023
SAMPLE HOSPITAL 1342,101341,OR,READM-30-PN-HRRP,88,,1.1769,0.2829,0.2404,25,07/01/2020,06/30/2023
SAMPLE HOSPITAL 1342,101341,OR,READM-30-COPD-HRRP,142,,0.9618,0.1576,0.1639,22,07/01/2020,06/30/2023
SAMPLE HOSPITAL 1343,101342,KS,READM-30-PN-HRRP,156,,1.04,0.2138,0.2056,33,07/01/2020,06/30/2023
SAMPLE HOSPITAL 1343,101342,KS,READM-30-AMI-HRRP,168,,0.9671,0.2484,0.2569,42,07/01/2020,06/30/2023
SAMPLE HOSPITAL 1343,101342,KS,READM-30-CABG-HRRP,414,,1.0211,0.203,0.1988,84,07/01/2020,06/30/2023
SAMPLE HOSPITAL 1343,101342,KS,READM-30-HF-HRRP,418,,1.0954,0.1745,0.1593,73,07/01/2020,06/30/2023
SAMPLE HOSPITAL 1343,101342,KS,READM-30-HIP-KNEE-HRRP,124,,1.0497,0.1984,0.189,25,07/01/2020,06/30/2023
SAMPLE HOSPITAL 1344,101343,WA,READM-30-COPD-HRRP,277,,1.0462,0.2519,0.2408,70,07/01/2020,06/30/2023
SAMPLE HOSPITAL 1344,101343,WA,READM-30-HF-HRRP,192,,0.9344,0.1709,0.1829,33,07/01/2020,06/30/2023
SAMPLE HOSPITAL 1344,101343,WA,READM-30-PN-HRRP,47,,1.0284,0.1601,0.1557,8,07/01/2020,06/30/2023
SAMPLE HOSPITAL 1344,101343,WA,READM-30-AMI-HRRP,121,,1.0419,0.2625,0.2519,32,07/01/2020,06/30/2023
SAMPLE HOSPITAL 1344,101343,WA,READM-30-HIP-KNEE-HRRP,51,,1.0012,0.196,0.1958,10,07/01/2020,06/30/2023
SAMPLE HOSPITAL 1344,101343,WA,READM-30-CABG-HRRP,95,,1.0153,0.1678,0.1653,16,07/01/2020,06/30/2023
SAMPLE HOSPITAL 1345,101344,NC,READM-30-COPD-HRRP,239,,0.982,0.2385,0.2429,57,07/01/2020,06/30/2023
SAMPLE HOSPITAL 1345,101344,NC,READM-30-AMI-HRRP,321,,1.0606,0.174,0.1641,56,07/01/2020,06/30/2023
SAMPLE HOSPITAL 1345,101344,NC,READM-30-HF-HRRP,86,,0.9618,0.2058,0.214,18,07/01/2020,06/30/2023
SAMPLE HOSPITAL 1346,101345,NJ,READM-30-HIP-KNEE-HRRP,217,,0.9995,0.2592,0.2593,56,07/01/2020,06/30/2023
SAMPLE HOSPITAL 1346,101345,NJ,READM-30-PN-HRRP,852,,1.0079,0.1799,0.1785,153,07/01/2020,06/30/2023
SAMPLE HOSPITAL 1346,101345,NJ,READM-30-COPD-HRRP,259,,0.9914,0.1209,0.1219,31,07/01/2020,06/30/2023
SAMPLE HOSPITAL 1346,101345,NJ,READM-30-CABG-HRRP,Too Few to Report,1,Too Few to Report,,,,07/01/2020,06/30/2023
SAMPLE HOSPITAL 1347,101346,FL,READM-30-COPD-HRRP,228,,1.0085,0.166,0.1646,38,07/01/2020,06/30/2023
SAMPLE HOSPITAL 1347,101346,FL,READM-30-HF-HRRP,91,,0.921,0.1216,0.132,11,07/01/2020,06/30/2023
SAMPLE HOSPITAL 1347,101346,FL,READM-30-AMI-HRRP,36,,1.035,0.1492,0.1442,5,07/01/2020,06/30/2023
SAMPLE HOSPITAL 1347,101346,FL,READM-30-PN-HRRP,1318,,1.0272,0.1294,0.126,171,07/01/2020,06/30/2023
SAMPLE HOSPITAL 1347,101346,FL,READM-30-CABG-HRRP,125,,1.0529,0.2128,0.2021,27,07/01/2020,06/30/2023
SAMPLE HOSPITAL 1348,101347,WI,READM-30-HF-HRRP,281,,0.9249,0.1746,0.1888,49,07/01/2020,06/30/2023
SAMPLE HOSPITAL 1348,101347,WI,READM-30-CABG-HRRP,172,,0.9745,0.1655,0.1698,28,07/01/2020,06/30/2023
SAMPLE HOSPITAL 1348,101347,WI,READM-30-COPD-HRRP,109,,1.0256,0.1598,0.1558,17,07/01/2020,06/30/2023
SAMPLE HOSPITAL 1348,101347,WI,READM-30-AMI-HRRP,204,,1.0684,0.1813,0.1697,37,07/01/2020,06/30/2023
SAMPLE HOSPITAL 1348,101347,WI,READM-30-HIP-KNEE-HRRP,414,,0.9254,0.1259,0.136,52,07/01/2020,06/30/2023
SAMPLE HOSPITAL 1348,101347,WI,READM-30-PN-HRRP,201,,0.9429,0.1197,0.1269,24,07/01/2020,06/30/2023
SAMPLE HOSPITAL 1349,101348,MD,READM-30-COPD-HRRP,74,,1.1216,0.2134,0.1903,16,07/01/2020,06/30/2023
SAMPLE HOSPITAL 1349,101348,MD,READM-30-PN-HRRP,133,,1.1268,0.1522,0.1351,20,07/01/2020,06/30/2023
SAMPLE HOSPITAL 1349,101348,MD,READM-30-HF-HRRP,243,,1.0723,0.2597,0.2422,63,07/01/2020,06/30/2023
SAMPLE HOSPITAL 1349,101348,MD,READM-30-HIP-KNEE-HRRP,467,,0.9407,0.1928,0.205,90,07/01/2020,06/30/2023
SAMPLE HOSPITAL 1349,101348,MD,READM-30-AMI-HRRP,50,,0.9516,0.1876,0.1971,9,07/01/2020,06/30/2023
SAMPLE HOSPITAL 1350,101349,NV,READM-30-AMI-HRRP,Too Few to Report,1,Too Few to Report,,,,07/01/2020,06/30/2023
SAMPLE HOSPITAL 1350,101349,NV,READM-30-HF-HRRP,135,,1.0515,0.1866,0.1775,25,07/01/2020,06/30/2023
SAMPLE HOSPITAL 1350,101349,NV,READM-30-HIP-KNEE-HRRP,65,,1.1423,0.1622,0.142,11,07/01/2020,06/30/2023
SAMPLE HOSPITAL 1350,101349,NV,READM-30-CABG-HRRP,107,,1.0388,0.2626,0.2528,28,07/01/2020,06/30/2023
SAMPLE HOSPITAL 1351,101350,NH,READM-30-PN-HRRP,602,,1.0119,0.2097,0.2072,126,07/01/2020,06/30/2023
SAMPLE HOSPITAL 1351,101350,NH,READM-30-COPD-HRRP,234,,0.9253,0.2271,0.2454,53,07/01/2020,06/30/2023
SAMPLE HOSPITAL 1351,101350,NH,READM-30-CABG-HRRP,77,,1.136,0.1871,0.1647,14,07/01/2020,06/30/2023
SAMPLE HOSPITAL 1351,101350,NH,READM-30-HF-HRRP,281,,1.0247,0.1505,0.1469,42,07/01/2020,06/30/2023
SAMPLE HOSPITAL 1351,101350,NH,READM-30-AMI-HRRP,85,,1.0244,0.1245,0.1215,11,07/01/2020,06/30/2023
SAMPLE HOSPITAL 1351,101350,NH,READM-30-HIP-KNEE-HRRP,124,,1.0247,0.2322,0.2266,29,07/01/2020,06/30/2023
SAMPLE HOSPITAL 1352,101351,GA,READM-30-COPD-HRRP,120,,1.0122,0.2049,0.2024,25,07/01/2020,06/30/2023
SAMPLE HOSPITAL 1352,101351,GA,READM-30-HF-HRRP,299,,0.9282,0.2254,0.2428,67,07/01/2020,06/30/2023
SAMPLE HOSPITAL 1352,101351,GA,READM-30-AMI-HRRP,46,,0.9646,0.1712,0.1775,8,07/01/2020,06/30/2023
SAMPLE HOSPITAL 1353,101352,NC,READM-30-CABG-HRRP,263,,0.9669,0.1443,0.1492,38,07/01/2020,06/30/2023
SAMPLE HOSPITAL 1353,101352,NC,READM-30-AMI-HRRP,111,,0.9885,0.1714,0.1734,19,07/01/2020,06/30/2023
SAMPLE HOSPITAL 1353,101352,NC,READM-30-HF-HRRP,259,,0.9751,0.1445,0.1482,37,07/01/2020,06/30/2023
SAMPLE HOSPITAL 1354,101353,GA,READM-30-COPD-HRRP,469,,0.8703,0.1258,0.1445,59,07/01/2020,06/30/2023
SAMPLE HOSPITAL 1354,101353,GA,READM-30-PN-HRRP,141,,0.962,0.1284,0.1335,18,07/01/2020,06/30/2023
SAMPLE HOSPITAL 1354,101353,GA,READM-30-CABG-HRRP,147,,0.9743,0.1246,0.1279,18,07/01/2020,06/30/2023
SAMPLE HOSPITAL 1355,101354,SC,READM-30-HIP-KNEE-HRRP,1358,,1.0145,0.2176,0.2145,296,07/01/2020,06/30/2023
SAMPLE HOSPITAL 1355,101354,SC,READM-30-HF-HRRP,51,,1.0835,0.1748,0.1613,9,07/01/2020,06/30/2023
SAMPLE HOSPITAL 1355,101354,SC,READM-30-PN-HRRP,178,,0.9736,0.1716,0.1763,31,07/01/2020,06/30/2023
SAMPLE HOSPITAL 1356,101355,TX,READM-30-HF-HRRP,540,,1.0762,0.1418,0.1318,77,07/01/2020,06/30/2023
SAMPLE HOSPITAL 1356,101355,TX,READM-30-HIP-KNEE-HRRP,172,,0.907,0.1326,0.1462,23,07/01/2020,06/30/2023
SAMPLE HOSPITAL 1356,101355,TX,READM-30-AMI-HRRP,171,,0.9467,0.218,0.2303,37,07/01/2020,06/30/2023
SAMPLE HOSPITAL 1356,101355,TX,READM-30-COPD-HRRP,163,,0.9349,0.1951,0.2087,32,07/01/2020,06/30/2023
SAMPLE HOSPITAL 1357,101356,GA,READM-30-PN-HRRP,170,,0.9957,0.1589,0.1596,27,07/01/2020,06/30/2023
SAMPLE HOSPITAL 1357,101356,GA,READM-30-HIP-KNEE-HRRP,301,,0.9614,0.1759,0.183,53,07/01/2020,06/30/2023
SAMPLE HOSPITAL 1357,101356,GA,READM-30-AMI-HRRP,438,,1.0426,0.2556,0.2452,112,07/01/2020,06/30/2023
SAMPLE HOSPITAL 1357,101356,GA,READM-30-CABG-HRRP,192,,0.9535,0.2379,0.2495,46,07/01/2020,06/30/2023
SAMPLE HOSPITAL 1357,101356,GA,READM-30-COPD-HRRP,300,,0.9858,0.2513,0.2549,75,07/01/2020,06/30/2023
SAMPLE HOSPITAL 1357,101356,GA,READM-30-HF-HRRP,240,,0.9054,0.1488,0.1644,36,07/01/2020,06/30/2023
SAMPLE HOSPITAL 1358,101357,IL,READM-30-COPD-HRRP,49,,1.0183,0.2217,0.2177,11,07/01/2020,06/30/2023
SAMPLE HOSPITAL 1358,101357,IL,READM-30-HF-HRRP,79,,1.0706,0.2032,0.1898,16,07/01/2020,06/30/2023
SAMPLE HOSPITAL 1358,101357,IL,READM-30-PN-HRRP,134,,0.9924,0.158,0.1592,21,07/01/2020,06/30/2023
SAMPLE HOSPITAL 1358,101357,IL,READM-30-CABG-HRRP,53,,0.9801,0.2292,0.2339,12,07/01/2020,06/30/2023
SAMPLE HOSPITAL 1359,101358,AZ,READM-30-COPD-HRRP,56,,0.9614,0.17,0.1768,10,07/01/2020,06/30/2023
SAMPLE HOSPITAL 1359,101358,AZ,READM-30-AMI-HRRP,83,,1.1055,0.1379,0.1247,11,07/01/2020,06/30/2023
SAMPLE HOSPITAL 1359,101358,AZ,READM-30-HF-HRRP,141,,0.8944,0.2108,0.2357,30,07/01/2020,06/30/2023
SAMPLE HOSPITAL 1359,101358,AZ,READM-30-HIP-KNEE-HRRP,447,,1.0203,0.1488,0.1458,67,07/01/2020,06/30/2023
SAMPLE HOSPITAL 1359,101358,AZ,READM-30-PN-HRRP,68,,0.8997,0.2277,0.2531,15,07/01/2020,06/30/2023
SAMPLE HOSPITAL 1359,101358,AZ,READM-30-CABG-HRRP,154,,0.9805,0.2135,0.2177,33,07/01/2020,06/30/2023
SAMPLE HOSPITAL 1360,101359,TX,READM-30-CABG-HRRP,75,,1.0418,0.1565,0.1502,12,07/01/2020,06/30/2023
SAMPLE HOSPITAL 1360,101359,TX,READM-30-PN-HRRP,56,,0.9992,0.1607,0.1608,9,07/01/2020,06/30/2023
SAMPLE HOSPITAL 1360,101359,TX,READM-30-COPD-HRRP,888,,1.0186,0.2441,0.2396,217,07/01/2020,06/30/2023
SAMPLE HOSPITAL 1361,101360,SD,READM-30-COPD-HRRP,473,,1.0544,0.2094,0.1986,99,07/01/2020,06/30/2023
SAMPLE HOSPITAL 1361,101360,SD,READM-30-CABG-HRRP,72,,0.9197,0.1816,0.1975,13,07/01/2020,06/30/2023
SAMPLE HOSPITAL 1361,101360,SD,READM-30-HIP-KNEE-HRRP,291,,0.9509,0.2228,0.2343,65,07/01/2020,06/30/2023
SAMPLE HOSPITAL 1362,101361,IA,READM-30-HIP-KNEE-HRRP,135,,0.9793,0.2448,0.25,33,07/01/2020,06/30/2023
SAMPLE HOSPITAL 1362,101361,IA,READM-30-PN-HRRP,678,,0.9963,0.2032,0.204,138,07/01/2020,06/30/2023
SAMPLE HOSPITAL 1362,101361,IA,READM-30-COPD-HRRP,139,,0.917,0.1307,0.1425,18,07/01/2020,06/30/2023
SAMPLE HOSPITAL 1362,101361,IA,READM-30-AMI-HRRP,499,,1.0516,0.1438,0.1367,72,07/01/2020,06/30/2023
SAMPLE HOSPITAL 1362,101361,IA,READM-30-CABG-HRRP,92,,1.0001,0.1315,0.1315,12,07/01/2020,06/30/2023
SAMPLE HOSPITAL 1363,101362,CT,READM-30-AMI-HRRP,117,,1.0249,0.2174,0.2121,25,07/01/2020,06/30/2023
SAMPLE HOSPITAL 1363,101362,CT,READM-30-PN-HRRP,331,,0.9193,0.1488,0.1619,49,07/01/2020,06/30/2023
SAMPLE HOSPITAL 1363,101362,CT,READM-30-HIP-KNEE-HRRP,346,,0.9839,0.2444,0.2484,85,07/01/2020,06/30/2023
SAMPLE HOSPITAL 1364,101363,OR,READM-30-AMI-HRRP,136,,0.9896,0.19,0.192,26,07/01/2020,06/30/2023
SAMPLE HOSPITAL 1364,101363,OR,READM-30-HIP-KNEE-HRRP,602,,0.9128,0.1729,0.1894,104,07/01/2020,06/30/2023
SAMPLE HOSPITAL 1364,101363,OR,READM-30-PN-HRRP,170,,0.946,0.1475,0.1559,25,07/01/2020,06/30/2023
SAMPLE HOSPITAL 1364,101363,OR,READM-30-COPD-HRRP,289,,1.0182,0.2003,0.1967,58,07/01/2020,06/30/2023
SAMPLE HOSPITAL 1364,101363,OR,READM-30-CABG-HRRP,1444,,0.9353,0.183,0.1957,264,07/01/2020,06/30/2023
SAMPLE HOSPITAL 1364,101363,OR,READM-30-HF-HRRP,74,,0.9554,0.1531,0.1602,11,07/01/2020,06/30/2023
SAMPLE HOSPITAL 1365,101364,GA,READM-30-COPD-HRRP,110,,1.0781,0.2052,0.1903,23,07/01/2020,06/30/2023
SAMPLE HOSPITAL 1365,101364,GA,READM-30-CABG-HRRP,126,,0.8879,0.1679,0.1891,21,07/01/2020,06/30/2023
SAMPLE HOSPITAL 1365,101364,GA,READM-30-PN-HRRP,Too Few to Report,1,Too Few to Report,,,,07/01/2020,06/30/2023
SAMPLE HOSPITAL 1366,101365,PA,READM-30-HF-HRRP,161,,1.0636,0.1593,0.1498,26,07/01/2020,06/30/2023
SAMPLE HOSPITAL 1366,101365,PA,READM-30-AMI-HRRP,121,,1.0493,0.1803,0.1718,22,07/01/2020,06/30/2023
SAMPLE HOSPITAL 1366,101365,PA,READM-30-COPD-HRRP,437,,1.0406,0.1684,0.1618,74,07/01/2020,06/30/2023
SAMPLE HOSPITAL 1366,101365,PA,READM-30-HIP-KNEE-HRRP,825,,0.9477,0.192,0.2026,158,07/01/2020,06/30/2023
SAMPLE HOSPITAL 1366,101365,PA,READM-30-CABG-HRRP,70,,1.0851,0.1874,0.1727,13,07/01/2020,06/30/2023
SAMPLE HOSPITAL 1366,101365,PA,READM-30-PN-HRRP,210,,0.9853,0.231,0.2344,49,07/01/2020,06/30/2023
SAMPLE HOSPITAL 1367,101366,CO,READM-30-HF-HRRP,899,,0.9595,0.1167,0.1216,105,07/01/2020,06/30/2023
SAMPLE HOSPITAL 1367,101366,CO,READM-30-COPD-HRRP,80,,1.0639,0.2547,0.2394,20,07/01/2020,06/30/2023
SAMPLE HOSPITAL 1367,101366,CO,READM-30-HIP-KNEE-HRRP,133,,1.1308,0.1513,0.1338,20,07/01/2020,06/30/2023
SAMPLE HOSPITAL 1367,101366,CO,READM-30-CABG-HRRP,1577,,0.9983,0.1415,0.1417,223,07/01/2020,06/30/2023
SAMPLE HOSPITAL 1368,101367,AR,READM-30-COPD-HRRP,88,,0.9486,0.2158,0.2275,19,07/01/2020,06/30/2023
SAMPLE HOSPITAL 1368,101367,AR,READM-30-HIP-KNEE-HRRP,145,,0.9556,0.147,0.1538,21,07/01/2020,06/30/2023
SAMPLE HOSPITAL 1368,101367,AR,READM-30-PN-HRRP,1032,,1.0754,0.2478,0.2304,256,07/01/2020,06/30/2023
SAMPLE HOSPITAL 1369,101368,CT,READM-30-CABG-HRRP,49,,0.9904,0.2387,0.241,12,07/01/2020,06/30/2023
SAMPLE HOSPITAL 1369,101368,CT,READM-30-HIP-KNEE-HRRP,340,,1.0529,0.2144,0.2036,73,07/01/2020,06/30/2023
SAMPLE HOSPITAL 1369,101368,CT,READM-30-COPD-HRRP,71,,1.1045,0.1801,0.1631,13,07/01/2020,06/30/2023
SAMPLE HOSPITAL 1369,101368,CT,READM-30-AMI-HRRP,70,,1.0023,0.2565,0.2559,18,07/01/2020,06/30/2023
SAMPLE HOSPITAL 1369,101368,CT,READM-30-HF-HRRP,188,,0.9886,0.1454,0.1471,27,07/01/2020,06/30/2023
SAMPLE HOSPITAL 1369,101368,CT,READM-30-PN-HRRP,356,,1.0753,0.1368,0.1272,49,07/01/2020,06/30/2023
SAMPLE HOSPITAL 1370,101369,SC,READM-30-PN-HRRP,116,,1.1151,0.1744,0.1564,20,07/01/2020,06/30/2023
SAMPLE HOSPITAL 1370,101369,SC,READM-30-COPD-HRRP,212,,1.1316,0.2613,0.2309,55,07/01/2020,06/30/2023
SAMPLE HOSPITAL 1370,101369,SC,READM-30-AMI-HRRP,137,,1.0829,0.238,0.2198,33,07/01/2020,06/30/2023
SAMPLE HOSPITAL 1370,101369,SC,READM-30-CABG-HRRP,742,,0.9815,0.2269,0.2312,168,07/01/2020,06/30/2023
SAMPLE HOSPITAL 1370,101369,SC,READM-30-HIP-KNEE-HRRP,94,,1.082,0.272,0.2514,26,07/01/2020,06/30/2023
SAMPLE HOSPITAL 1371,101370,MT,READM-30-CABG-HRRP,106,,0.9777,0.1524,0.1559,16,07/01/2020,06/30/2023
SAMPLE HOSPITAL 1371,101370,MT,READM-30-AMI-HRRP,201,,1.0443,0.1885,0.1805,38,07/01/2020,06/30/2023
SAMPLE HOSPITAL 1371,101370,MT,READM-30-HF-HRRP,311,,1.0293,0.1721,0.1672,54,07/01/2020,06/30/2023
SAMPLE HOSPITAL 1371,101370,MT,READM-30-PN-HRRP,284,,1.0161,0.1382,0.136,39,07/01/2020,06/30/2023
SAMPLE HOSPITAL 1372,101371,NE,READM-30-HF-HRRP,215,,0.9525,0.2252,0.2364,48,07/01/2020,06/30/2023
SAMPLE HOSPITAL 1372,101371,NE,READM-30-AMI-HRRP,224,,0.8956,0.1242,0.1387,28,07/01/2020,06/30/2023
SAMPLE HOSPITAL 1372,101371,NE,READM-30-CABG-HRRP,235,,0.9429,0.2196,0.2329,52,07/01/2020,06/30/2023
SAMPLE HOSPITAL 1372,101371,NE,READM-30-PN-HRRP,28,,0.9862,0.1525,0.1546,4,07/01/2020,06/30/2023
SAMPLE HOSPITAL 1372,101371,NE,READM-30-COPD-HRRP,164,,0.932,0.1816,0.1949,30,07/01/2020,06/30/2023
SAMPLE HOSPITAL 1373,101372,NH,READM-30-PN-HRRP,172,,0.9505,0.206,0.2167,35,07/01/2020,06/30/2023
SAMPLE HOSPITAL 1373,101372,NH,READM-30-HIP-KNEE-HRRP,128,,1.0724,0.1582,0.1475,20,07/01/2020,06/30/2023
SAMPLE HOSPITAL 1373,101372,NH,READM-30-AMI-HRRP,252,,0.9333,0.1803,0.1932,45,07/01/2020,06/30/2023
SAMPLE HOSPITAL 1373,101372,NH,READM-30-CABG-HRRP,383,,0.9523,0.1595,0.1675,61,07/01/2020,06/30/2023
SAMPLE HOSPITAL 1374,101373,DE,READM-30-COPD-HRRP,113,,0.9141,0.1168,0.1278,13,07/01/2020,06/30/2023
SAMPLE HOSPITAL 1374,101373,DE,READM-30-HF-HRRP,116,,1.0455,0.1363,0.1304,16,07/01/2020,06/30/2023
SAMPLE HOSPITAL 1374,101373,DE,READM-30-PN-HRRP,150,,1.0549,0.2502,0.2372,38,07/01/2020,06/30/2023
SAMPLE HOSPITAL 1375,101374,AZ,READM-30-AMI-HRRP,187,,0.9597,0.2241,0.2335,42,07/01/2020,06/30/2023
SAMPLE HOSPITAL 1375,101374,AZ,READM-30-COPD-HRRP,530,,1.0454,0.1928,0.1844,102,07/01/2020,06/30/2023
SAMPLE HOSPITAL 1375,101374,AZ,READM-30-PN-HRRP,64,,0.983,0.2444,0.2486,16,07/01/2020,06/30/2023
SAMPLE HOSPITAL 1375,101374,AZ,READM-30-HF-HRRP,400,,0.9415,0.1471,0.1562,59,07/01/2020,06/30/2023
SAMPLE HOSPITAL 1375,101374,AZ,READM-30-HIP-KNEE-HRRP,652,,1.0238,0.1677,0.1638,109,07/01/2020,06/30/2023
SAMPLE HOSPITAL 1376,101375,NH,READM-30-CABG-HRRP,210,,1.0069,0.1458,0.1448,31,07/01/2020,06/30/2023
SAMPLE HOSPITAL 1376,101375,NH,READM-30-HF-HRRP,148,,1.0109,0.1498,0.1482,22,07/01/2020,06/30/2023
SAMPLE HOSPITAL 1376,101375,NH,READM-30-HIP-KNEE-HRRP,343,,0.9662,0.1993,0.2063,68,07/01/2020,06/30/2023
SAMPLE HOSPITAL 1376,101375,NH,READM-30-PN-HRRP,203,,0.9338,0.1997,0.2139,41,07/01/2020,06/30/2023
SAMPLE HOSPITAL 1376,101375,NH,READM-30-COPD-HRRP,172,,1.0234,0.2173,0.2123,37,07/01/2020,06/30/2023
SAMPLE HOSPITAL 1377,101376,CO,READM-30-CABG-HRRP,270,,1.0303,0.1585,0.1538,43,07/01/2020,06/30/2023
SAMPLE HOSPITAL 1377,101376,CO,READM-30-HF-HRRP,120,,0.9335,0.1609,0.1724,19,07/01/2020,06/30/2023
SAMPLE HOSPITAL 1377,101376,CO,READM-30-COPD-HRRP,35,,0.94,0.1628,0.1732,6,07/01/2020,06/30/2023
SAMPLE HOSPITAL 1377,101376,CO,READM-30-AMI-HRRP,319,,1.0223,0.2565,0.2509,82,07/01/2020,06/30/2023
SAMPLE HOSPITAL 1378,101377,WA,READM-30-PN-HRRP,214,,1.0529,0.1939,0.1842,41,07/01/2020,06/30/2023
SAMPLE HOSPITAL 1378,101377,WA,READM-30-HF-HRRP,297,,1.0897,0.2041,0.1873,61,07/01/2020,06/30/2023
SAMPLE HOSPITAL 1378,101377,WA,READM-30-COPD-HRRP,222,,1.0825,0.2487,0.2297,55,07/01/2020,06/30/2023
SAMPLE HOSPITAL 1379,101378,MI,READM-30-COPD-HRRP,141,,0.9198,0.1111,0.1208,16,07/01/2020,06/30/2023
SAMPLE HOSPITAL 1379,101378,MI,READM-30-PN-HRRP,126,,0.9964,0.1245,0.1249,16,07/01/2020,06/30/2023
SAMPLE HOSPITAL 1379,101378,MI,READM-30-AMI-HRRP,117,,0.9678,0.2244,0.2319,26,07/01/2020,06/30/2023
SAMPLE HOSPITAL 1379,101378,MI,READM-30-HIP-KNEE-HRRP,365,,0.9756,0.2187,0.2242,80,07/01/2020,06/30/2023
SAMPLE HOSPITAL 1380,101379,NV,READM-30-COPD-HRRP,537,,1.0749,0.1491,0.1387,80,07/01/2020,06/30/2023
SAMPLE HOSPITAL 1380,101379,NV,READM-30-AMI-HRRP,168,,0.9091,0.1396,0.1536,23,07/01/2020,06/30/2023
SAMPLE HOSPITAL 1380,101379,NV,READM-30-PN-HRRP,212,,1.0359,0.2268,0.2189,48,07/01/2020,06/30/2023
SAMPLE HOSPITAL 1380,101379,NV,READM-30-CABG-HRRP,198,,0.9465,0.1383,0.1461,27,07/01/2020,06/30/2023
SAMPLE HOSPITAL 1381,101380,NE,READM-30-HF-HRRP,170,,0.918,0.1986,0.2163,34,07/01/2020,06/30/2023
SAMPLE HOSPITAL 1381,101380,NE,READM-30-COPD-HRRP,242,,0.948,0.2062,0.2175,50,07/01/2020,06/30/2023
SAMPLE HOSPITAL 1381,101380,NE,READM-30-AMI-HRRP,96,,0.9669,0.2327,0.2407,22,07/01/2020,06/30/2023
SAMPLE HOSPITAL 1381,101380,NE,READM-30-PN-HRRP,75,,1.0601,0.256,0.2415,19,07/01/2020,06/30/2023
SAMPLE HOSPITAL 1382,101381,MA,READM-30-AMI-HRRP,212,,1.0638,0.1351,0.127,29,07/01/2020,06/30/2023
SAMPLE HOSPITAL 1382,101381,MA,READM-30-CABG-HRRP,64,,0.9774,0.2448,0.2505,16,07/01/2020,06/30/2023
SAMPLE HOSPITAL 1382,101381,MA,READM-30-COPD-HRRP,136,,0.9929,0.182,0.1833,25,07/01/2020,06/30/2023
SAMPLE HOSPITAL 1383,101382,NH,READM-30-CABG-HRRP,110,,0.9928,0.1867,0.1881,21,07/01/2020,06/30/2023
SAMPLE HOSPITAL 1383,101382,NH,READM-30-HF-HRRP,156,,1.0541,0.2663,0.2526,42,07/01/2020,06/30/2023
SAMPLE HOSPITAL 1383,101382,NH,READM-30-HIP-KNEE-HRRP,731,,0.9662,0.2051,0.2123,150,07/01/2020,06/30/2023
SAMPLE HOSPITAL 1384,101383,WY,READM-30-COPD-HRRP,733,,1.0044,0.2471,0.246,181,07/01/2020,06/30/2023
SAMPLE HOSPITAL 1384,101383,WY,READM-30-CABG-HRRP,152,,1.0581,0.2264,0.214,34,07/01/2020,06/30/2023
SAMPLE HOSPITAL 1384,101383,WY,READM-30-AMI-HRRP,477,,1.1315,0.2193,0.1938,105,07/01/2020,06/30/2023
SAMPLE HOSPITAL 1384,101383,WY,READM-30-HF-HRRP,59,,0.9322,0.1837,0.1971,11,07/01/2020,06/30/2023
SAMPLE HOSPITAL 1384,101383,WY,READM-30-HIP-KNEE-HRRP,142,,0.9629,0.1629,0.1692,23,07/01/2020,06/30/2023
SAMPLE HOSPITAL 1385,101384,ID,READM-30-CABG-HRRP,51,,1.0154,0.1812,0.1785,9,07/01/2020,06/30/2023
SAMPLE HOSPITAL 1385,101384,ID,READM-30-PN-HRRP,887,,1.0238,0.251,0.2452,223,07/01/2020,06/30/2023
SAMPLE HOSPITAL 1385,101384,ID,READM-30-AMI-HRRP,159,,0.9257,0.1501,0.1621,24,07/01/2020,06/30/2023
SAMPLE HOSPITAL 1385,101384,ID,READM-30-COPD-HRRP,468,,0.9504,0.1387,0.1459,65,07/01/2020,06/30/2023
SAMPLE HOSPITAL 1385,101384,ID,READM-30-HF-HRRP,88,,0.9133,0.1501,0.1643,13,07/01/2020,06/30/2023
SAMPLE HOSPITAL 1385,101384,ID,READM-30-HIP-KNEE-HRRP,78,,1.0331,0.2441,0.2363,19,07/01/2020,06/30/2023
SAMPLE HOSPITAL 1386,101385,HI,READM-30-PN-HRRP,109,,0.9821,0.1771,0.1803,19,07/01/2020,06/30/2023
SAMPLE HOSPITAL 1386,101385,HI,READM-30-CABG-HRRP,420,,0.9807,0.2264,0.2309,95,07/01/2020,06/30/2023
SAMPLE HOSPITAL 1386,101385,HI,READM-30-AMI-HRRP,482,,1.02,0.1416,0.1388,68,07/01/2020,06/30/2023
SAMPLE HOSPITAL 1386,101385,HI,READM-30-HIP-KNEE-HRRP,118,,0.9881,0.2444,0.2473,29,07/01/2020,06/30/2023
SAMPLE HOSPITAL 1386,101385,HI,READM-30-COPD-HRRP,64,,0.9593,0.2233,0.2328,14,07/01/2020,06/30/2023
SAMPLE HOSPITAL 1387,101386,MD,READM-30-HIP-KNEE-HRRP,72,,1.0205,0.155,0.1519,11,07/01/2020,06/30/2023
SAMPLE HOSPITAL 1387,101386,MD,READM-30-AMI-HRRP,252,,0.9871,0.2528,0.2561,64,07/01/2020,06/30/2023
SAMPLE HOSPITAL 1387,101386,MD,READM-30-CABG-HRRP,152,,0.8996,0.1629,0.1811,25,07/01/2020,06/30/2023
SAMPLE HOSPITAL 1387,101386,MD,READM-30-PN-HRRP,70,,0.9613,0.2385,0.2481,17,07/01/2020,06/30/2023
SAMPLE HOSPITAL 1387,101386,MD,READM-30-COPD-HRRP,211,,0.9543,0.1958,0.2052,41,07/01/2020,06/30/2023
SAMPLE HOSPITAL 1388,101387,ID,READM-30-HF-HRRP,283,,0.9739,0.174,0.1787,49,07/01/2020,06/30/2023
SAMPLE HOSPITAL 1388,101387,ID,READM-30-AMI-HRRP,68,,0.9141,0.1871,0.2047,13,07/01/2020,06/30/2023
SAMPLE HOSPITAL 1388,101387,ID,READM-30-PN-HRRP,121,,1.1378,0.2667,0.2344,32,07/01/2020,06/30/2023
SAMPLE HOSPITAL 1389,101388,CO,READM-30-PN-HRRP,119,,0.9955,0.1504,0.1511,18,07/01/2020,06/30/2023
SAMPLE HOSPITAL 1389,101388,CO,READM-30-CABG-HRRP,40,,1.0267,0.2101,0.2046,8,07/01/2020,06/30/2023
SAMPLE HOSPITAL 1389,101388,CO,READM-30-AMI-HRRP,640,,1.0087,0.1729,0.1714,111,07/01/2020,06/30/2023
SAMPLE HOSPITAL 1389,101388,CO,READM-30-HIP-KNEE-HRRP,240,,1.0179,0.1616,0.1588,39,07/01/2020,06/30/2023
SAMPLE HOSPITAL 1389,101388,CO,READM-30-COPD-HRRP,1179,,1.0457,0.1498,0.1433,177,07/01/2020,06/30/2023
SAMPLE HOSPITAL 1390,101389,CA,READM-30-PN-HRRP,58,,1.1185,0.1603,0.1433,9,07/01/2020,06/30/2023
SAMPLE HOSPITAL 1390,101389,CA,READM-30-AMI-HRRP,127,,1.0432,0.2276,0.2182,29,07/01/2020,06/30/2023
SAMPLE HOSPITAL 1390,101389,CA,READM-30-HF-HRRP,1654,,1.091,0.1666,0.1527,276,07/01/2020,06/30/2023
SAMPLE HOSPITAL 1390,101389,CA,READM-30-COPD-HRRP,48,,1.1404,0.1632,0.1431,8,07/01/2020,06/30/2023
SAMPLE HOSPITAL 1390,101389,CA,READM-30-CABG-HRRP,498,,1.051,0.2248,0.2139,112,07/01/2020,06/30/2023
SAMPLE HOSPITAL 1391,101390,AK,READM-30-PN-HRRP,125,,0.8654,0.1284,0.1484,16,07/01/2020,06/30/2023
SAMPLE HOSPITAL 1391,101390,AK,READM-30-COPD-HRRP,91,,0.9376,0.1697,0.181,15,07/01/2020,06/30/2023
SAMPLE HOSPITAL 1391,101390,AK,READM-30-AMI-HRRP,109,,1.0254,0.2288,0.2231,25,07/01/2020,06/30/2023
SAMPLE HOSPITAL 1391,101390,AK,READM-30-HF-HRRP,450,,1.0346,0.2088,0.2018,94,07/01/2020,06/30/2023
SAMPLE HOSPITAL 1391,101390,AK,READM-30-HIP-KNEE-HRRP,32,,1.0288,0.1791,0.1741,6,07/01/2020,06/30/2023
SAMPLE HOSPITAL 1391,101390,AK,READM-30-CABG-HRRP,564,,1.0713,0.1922,0.1794,108,07/01/2020,06/30/2023
SAMPLE HOSPITAL 1392,101391,WV,READM-30-CABG-HRRP,153,,1.1213,0.256,0.2283,39,07/01/2020,06/30/2023
SAMPLE HOSPITAL 1392,101391,WV,READM-30-AMI-HRRP,107,,1.0597,0.1818,0.1716,19,07/01/2020,06/30/2023
SAMPLE HOSPITAL 1392,101391,WV,READM-30-PN-HRRP,136,,1.0091,0.1539,0.1525,21,07/01/2020,06/30/2023
SAMPLE HOSPITAL 1393,101392,IL,READM-30-AMI-HRRP,464,,0.9824,0.2536,0.2581,118,07/01/2020,06/30/2023
SAMPLE HOSPITAL 1393,101392,IL,READM-30-HF-HRRP,52,,1.0304,0.2326,0.2257,12,07/01/2020,06/30/2023
SAMPLE HOSPITAL 1393,101392,IL,READM-30-CABG-HRRP,547,,0.9613,0.2286,0.2378,125,07/01/2020,06/30/2023
SAMPLE HOSPITAL 1394,101393,PA,READM-30-CABG-HRRP,692,,1.0923,0.205,0.1877,142,07/01/2020,06/30/2023
SAMPLE HOSPITAL 1394,101393,PA,READM-30-HIP-KNEE-HRRP,219,,1.0096,0.2566,0.2542,56,07/01/2020,06/30/2023
SAMPLE HOSPITAL 1394,101393,PA,READM-30-HF-HRRP,157,,1.0631,0.1724,0.1622,27,07/01/2020,06/30/2023
SAMPLE HOSPITAL 1394,101393,PA,READM-30-COPD-HRRP,383,,0.9826,0.1899,0.1933,73,07/01/2020,06/30/2023
SAMPLE HOSPITAL 1395,101394,OH,READM-30-HIP-KNEE-HRRP,162,,1.0503,0.2497,0.2377,40,07/01/2020,06/30/2023
SAMPLE HOSPITAL 1395,101394,OH,READM-30-CABG-HRRP,181,,0.954,0.1973,0.2068,36,07/01/2020,06/30/2023
SAMPLE HOSPITAL 1395,101394,OH,READM-30-PN-HRRP,141,,1.0038,0.2223,0.2215,31,07/01/2020,06/30/2023
SAMPLE HOSPITAL 1395,101394,OH,READM-30-COPD-HRRP,51,,0.89,0.1905,0.2141,10,07/01/2020,06/30/2023
SAMPLE HOSPITAL 1396,101395,LA,READM-30-COPD-HRRP,201,,0.9663,0.1191,0.1233,24,07/01/2020,06/30/2023
SAMPLE HOSPITAL 1396,101395,LA,READM-30-PN-HRRP,64,,1.0065,0.1643,0.1632,11,07/01/2020,06/30/2023
SAMPLE HOSPITAL 1396,101395,LA,READM-30-HIP-KNEE-HRRP,139,,1.0483,0.1957,0.1867,27,07/01/2020,06/30/2023
SAMPLE HOSPITAL 1397,101396,AK,READM-30-CABG-HRRP,334,,1.0032,0.2405,0.2397,80,07/01/2020,06/30/2023
SAMPLE HOSPITAL 1397,101396,AK,READM-30-AMI-HRRP,219,,1.0142,0.1958,0.1931,43,07/01/2020,06/30/2023
SAMPLE HOSPITAL 1397,101396,AK,READM-30-HIP-KNEE-HRRP,220,,0.9451,0.1224,0.1295,27,07/01/2020,06/30/2023
SAMPLE HOSPITAL 1397,101396,AK,READM-30-PN-HRRP,251,,1.0131,0.2469,0.2437,62,07/01/2020,06/30/2023
SAMPLE HOSPITAL 1397,101396,AK,READM-30-COPD-HRRP,33,,1.0438,0.2126,0.2037,7,07/01/2020,06/30/2023
SAMPLE HOSPITAL 1398,101397,PA,READM-30-COPD-HRRP,109,,1.0012,0.1391,0.1389,15,07/01/2020,06/30/2023
SAMPLE HOSPITAL 1398,101397,PA,READM-30-HIP-KNEE-HRRP,432,,1.0093,0.1767,0.1751,76,07/01/2020,06/30/2023
SAMPLE HOSPITAL 1398,101397,PA,READM-30-PN-HRRP,368,,1.04,0.2142,0.206,79,07/01/2020,06/30/2023
SAMPLE HOSPITAL 1399,101398,OK,READM-30-HF-HRRP,66,,1.1031,0.2334,0.2116,15,07/01/2020,06/30/2023
SAMPLE HOSPITAL 1399,101398,OK,READM-30-COPD-HRRP,696,,0.9833,0.1892,0.1924,132,07/01/2020,06/30/2023
SAMPLE HOSPITAL 1399,101398,OK,READM-30-HIP-KNEE-HRRP,365,,0.9641,0.2107,0.2185,77,07/01/2020,06/30/2023
SAMPLE HOSPITAL 1400,101399,CA,READM-30-PN-HRRP,105,,1.0033,0.225,0.2243,24,07/01/2020,06/30/2023
SAMPLE HOSPITAL 1400,101399,CA,READM-30-CABG-HRRP,567,,0.9494,0.1777,0.1872,101,07/01/2020,06/30/2023
SAMPLE HOSPITAL 1400,101399,CA,READM-30-COPD-HRRP,160,,0.9253,0.1874,0.2025,30,07/01/2020,06/30/2023
SAMPLE HOSPITAL 1400,101399,CA,READM-30-HF-HRRP,454,,0.9728,0.1334,0.1371,61,07/01/2020,06/30/2023
SAMPLE HOSPITAL 1401,101400,KY,READM-30-AMI-HRRP,106,,0.9391,0.2096,0.2232,22,07/01/2020,06/30/2023
SAMPLE HOSPITAL 1401,101400,KY,READM-30-HIP-KNEE-HRRP,332,,0.9653,0.1274,0.132,42,07/01/2020,06/30/2023
SAMPLE HOSPITAL 1401,101400,KY,READM-30-HF-HRRP,582,,1.0135,0.185,0.1825,108,07/01/2020,06/30/2023
SAMPLE HOSPITAL 1401,101400,KY,READM-30-CABG-HRRP,129,,0.8905,0.2189,0.2458,28,07/01/2020,06/30/2023
SAMPLE HOSPITAL 1401,101400,KY,READM-30-PN-HRRP,147,,1.0612,0.1661,0.1565,24,07/01/2020,06/30/2023
SAMPLE HOSPITAL 1401,101400,KY,READM-30-COPD-HRRP,103,,1.046,0.1381,0.132,14,07/01/2020,06/30/2023
SAMPLE HOSPITAL 1402,101401,NM,READM-30-AMI-HRRP,308,,0.9325,0.1915,0.2054,59,07/01/2020,06/30/2023
SAMPLE HOSPITAL 1402,101401,NM,READM-30-COPD-HRRP,201,,1.0377,0.1257,0.1211,25,07/01/2020,06/30/2023
SAMPLE HOSPITAL 1402,101401,NM,READM-30-HIP-KNEE-HRRP,96,,0.915,0.1349,0.1474,13,07/01/2020,06/30/2023
SAMPLE HOSPITAL 1402,101401,NM,READM-30-HF-HRRP,167,,0.9448,0.2302,0.2437,38,07/01/2020,06/30/2023
SAMPLE HOSPITAL 1402,101401,NM,READM-30-CABG-HRRP,520,,1.0007,0.2091,0.209,109,07/01/2020,06/30/2023
SAMPLE HOSPITAL 1403,101402,OR,READM-30-HF-HRRP,313,,0.9595,0.1981,0.2065,62,07/01/2020,06/30/2023
SAMPLE HOSPITAL 1403,101402,OR,READM-30-AMI-HRRP,93,,0.8495,0.2099,0.2471,20,07/01/2020,06/30/2023
SAMPLE HOSPITAL 1403,101402,OR,READM-30-HIP-KNEE-HRRP,686,,1.0118,0.2109,0.2084,145,07/01/2020,06/30/2023
SAMPLE HOSPITAL 1403,101402,OR,READM-30-CABG-HRRP,47,,0.9695,0.1467,0.1513,7,07/01/2020,06/30/2023
SAMPLE HOSPITAL 1403,101402,OR,READM-30-PN-HRRP,512,,1.0637,0.1663,0.1563,85,07/01/2020,06/30/2023
SAMPLE HOSPITAL 1404,101403,ND,READM-30-PN-HRRP,378,,0.979,0.2346,0.2396,89,07/01/2020,06/30/2023
SAMPLE HOSPITAL 1404,101403,ND,READM-30-COPD-HRRP,62,,0.8947,0.2282,0.2551,14,07/01/2020,06/30/2023
SAMPLE HOSPITAL 1404,101403,ND,READM-30-HIP-KNEE-HRRP,85,,1.1267,0.1617,0.1435,14,07/01/2020,06/30/2023
SAMPLE HOSPITAL 1404,101403,ND,READM-30-AMI-HRRP,231,,0.9402,0.2036,0.2166,47,07/01/2020,06/30/2023
SAMPLE HOSPITAL 1405,101404,TN,READM-30-HF-HRRP,261,,0.9991,0.2013,0.2015,53,07/01/2020,06/30/2023
SAMPLE HOSPITAL 1405,101404,TN,READM-30-CABG-HRRP,207,,0.9323,0.1576,0.169,33,07/01/2020,06/30/2023
SAMPLE HOSPITAL 1405,101404,TN,READM-30-PN-HRRP,33,,1.0323,0.2487,0.2409,8,07/01/2020,06/30/2023
SAMPLE HOSPITAL 1405,101404,TN,READM-30-COPD-HRRP,762,,1.0107,0.1322,0.1308,101,07/01/2020,06/30/2023
SAMPLE HOSPITAL 1405,101404,TN,READM-30-AMI-HRRP,1730,,1.0702,0.2146,0.2005,371,07/01/2020,06/30/2023
SAMPLE HOSPITAL 1406,101405,IA,READM-30-HIP-KNEE-HRRP,227,,1.0819,0.238,0.22,54,07/01/2020,06/30/2023
SAMPLE HOSPITAL 1406,101405,IA,READM-30-AMI-HRRP,93,,0.9356,0.1975,0.2111,18,07/01/2020,06/30/2023
SAMPLE HOSPITAL 1406,101405,IA,READM-30-COPD-HRRP,250,,1.0032,0.2193,0.2186,55,07/01/2020,06/30/2023
SAMPLE HOSPITAL 1406,101405,IA,READM-30-PN-HRRP,519,,0.988,0.2309,0.2337,120,07/01/2020,06/30/2023
SAMPLE HOSPITAL 1406,101405,IA,READM-30-CABG-HRRP,83,,0.9641,0.1709,0.1773,14,07/01/2020,06/30/2023
SAMPLE HOSPITAL 1407,101406,VT,READM-30-PN-HRRP,53,,0.9729,0.1992,0.2047,11,07/01/2020,06/30/2023
SAMPLE HOSPITAL 1407,101406,VT,READM-30-HIP-KNEE-HRRP,62,,0.9509,0.1926,0.2025,12,07/01/2020,06/30/2023
SAMPLE HOSPITAL 1407,101406,VT,READM-30-HF-HRRP,68,,0.9795,0.1874,0.1913,13,07/01/2020,06/30/2023
SAMPLE HOSPITAL 1407,101406,VT,READM-30-COPD-HRRP,91,,0.962,0.1414,0.147,13,07/01/2020,06/30/2023
SAMPLE HOSPITAL 1407,101406,VT,READM-30-AMI-HRRP,65,,0.9799,0.2416,0.2466,16,07/01/2020,06/30/2023
SAMPLE HOSPITAL 1408,101407,TX,READM-30-HIP-KNEE-HRRP,51,,1.0165,0.2415,0.2376,12,07/01/2020,06/30/2023
SAMPLE HOSPITAL 1408,101407,TX,READM-30-COPD-HRRP,49,,1.0199,0.1341,0.1315,7,07/01/2020,06/30/2023
SAMPLE HOSPITAL 1408,101407,TX,READM-30-CABG-HRRP,75,,1.0512,0.2703,0.2571,20,07/01/2020,06/30/2023
SAMPLE HOSPITAL 1408,101407,TX,READM-30-HF-HRRP,239,,0.9245,0.2226,0.2408,53,07/01/2020,06/30/2023
SAMPLE HOSPITAL 1409,101408,NY,READM-30-HF-HRRP,211,,1.0239,0.147,0.1436,31,07/01/2020,06/30/2023
SAMPLE HOSPITAL 1409,101408,NY,READM-30-PN-HRRP,69,,1.0435,0.1322,0.1267,9,07/01/2020,06/30/2023
SAMPLE HOSPITAL 1409,101408,NY,READM-30-AMI-HRRP,284,,1.0185,0.1307,0.1283,37,07/01/2020,06/30/2023
SAMPLE HOSPITAL 1410,101409,GA,READM-30-HIP-KNEE-HRRP,175,,0.9916,0.1469,0.1481,26,07/01/2020,06/30/2023
SAMPLE HOSPITAL 1410,101409,GA,READM-30-HF-HRRP,181,,0.9624,0.1995,0.2073,36,07/01/2020,06/30/2023
SAMPLE HOSPITAL 1410,101409,GA,READM-30-COPD-HRRP,189,,1.0156,0.1605,0.158,30,07/01/2020,06/30/2023
SAMPLE HOSPITAL 1411,101410,TN,READM-30-AMI-HRRP,355,,1.1442,0.2224,0.1944,79,07/01/2020,06/30/2023
SAMPLE HOSPITAL 1411,101410,TN,READM-30-CABG-HRRP,36,,1.0154,0.2218,0.2184,8,07/01/2020,06/30/2023
SAMPLE HOSPITAL 1411,101410,TN,READM-30-PN-HRRP,141,,0.9913,0.164,0.1654,23,07/01/2020,06/30/2023
SAMPLE HOSPITAL 1411,101410,TN,READM-30-HF-HRRP,251,,1.0559,0.2466,0.2335,62,07/01/2020,06/30/2023
SAMPLE HOSPITAL 1412,101411,TN,READM-30-HIP-KNEE-HRRP,507,,1.079,0.2662,0.2467,135,07/01/2020,06/30/2023
SAMPLE HOSPITAL 1412,101411,TN,READM-30-COPD-HRRP,58,,1.0491,0.2171,0.2069,13,07/01/2020,06/30/2023
SAMPLE HOSPITAL 1412,101411,TN,READM-30-AMI-HRRP,55,,1.0562,0.2578,0.2441,14,07/01/2020,06/30/2023
SAMPLE HOSPITAL 1413,101412,WV,READM-30-HIP-KNEE-HRRP,193,,1.0203,0.157,0.1539,30,07/01/2020,06/30/2023
SAMPLE HOSPITAL 1413,101412,WV,READM-30-AMI-HRRP,325,,1.0073,0.2272,0.2256,74,07/01/2020,06/30/2023
SAMPLE HOSPITAL 1413,101412,WV,READM-30-PN-HRRP,185,,1.0041,0.2005,0.1997,37,07/01/2020,06/30/2023
SAMPLE HOSPITAL 1413,101412,WV,READM-30-HF-HRRP,71,,0.9863,0.1212,0.1229,9,07/01/2020,06/30/2023
SAMPLE HOSPITAL 1413,101412,WV,READM-30-CABG-HRRP,514,,1.1278,0.2616,0.232,134,07/01/2020,06/30/2023
SAMPLE HOSPITAL 1414,101413,ND,READM-30-PN-HRRP,654,,1.0363,0.239,0.2306,156,07/01/2020,06/30/2023
SAMPLE HOSPITAL 1414,101413,ND,READM-30-COPD-HRRP,278,,0.9927,0.2167,0.2183,60,07/01/2020,06/30/2023
SAMPLE HOSPITAL 1414,101413,ND,READM-30-HF-HRRP,563,,1.0165,0.1262,0.1242,71,07/01/2020,06/30/2023
SAMPLE HOSPITAL 1415,101414,ID,READM-30-AMI-HRRP,333,,1.0182,0.2414,0.2371,80,07/01/2020,06/30/2023
SAMPLE HOSPITAL 1415,101414,ID,READM-30-CABG-HRRP,44,,1.0907,0.2771,0.2541,12,07/01/2020,06/30/2023
SAMPLE HOSPITAL 1415,101414,ID,READM-30-PN-HRRP,93,,1.0775,0.1655,0.1536,15,07/01/2020,06/30/2023
SAMPLE HOSPITAL 1415,101414,ID,READM-30-HF-HRRP,90,,0.9837,0.1536,0.1561,14,07/01/2020,06/30/2023
SAMPLE HOSPITAL 1416,101415,CT,READM-30-CABG-HRRP,1078,,0.9832,0.2536,0.2579,273,07/01/2020,06/30/2023
SAMPLE HOSPITAL 1416,101415,CT,READM-30-COPD-HRRP,34,,0.9366,0.2268,0.2422,8,07/01/2020,06/30/2023
SAMPLE HOSPITAL 1416,101415,CT,READM-30-HF-HRRP,93,,1.0428,0.1607,0.1541,15,07/01/2020,06/30/2023
SAMPLE HOSPITAL 1417,101416,OK,READM-30-HF-HRRP,180,,0.8742,0.2166,0.2478,39,07/01/2020,06/30/2023
SAMPLE HOSPITAL 1417,101416,OK,READM-30-COPD-HRRP,165,,1.0208,0.1584,0.1552,26,07/01/2020,06/30/2023
SAMPLE HOSPITAL 1417,101416,OK,READM-30-CABG-HRRP,114,,0.9397,0.1972,0.2099,22,07/01/2020,06/30/2023
SAMPLE HOSPITAL 1418,101417,VA,READM-30-PN-HRRP,391,,1.0004,0.1873,0.1872,73,07/01/2020,06/30/2023
SAMPLE HOSPITAL 1418,101417,VA,READM-30-CABG-HRRP,148,,0.9784,0.2476,0.2531,37,07/01/2020,06/30/2023
SAMPLE HOSPITAL 1418,101417,VA,READM-30-HIP-KNEE-HRRP,672,,1.0265,0.2277,0.2218,153,07/01/2020,06/30/2023
SAMPLE HOSPITAL 1418,101417,VA,READM-30-COPD-HRRP,122,,0.9215,0.2023,0.2195,25,07/01/2020,06/30/2023
SAMPLE HOSPITAL 1418,101417,VA,READM-30-AMI-HRRP,78,,1.0477,0.2609,0.249,20,07/01/2020,06/30/2023
SAMPLE HOSPITAL 1418,101417,VA,READM-30-HF-HRRP,351,,1.0325,0.1348,0.1306,47,07/01/2020,06/30/2023
SAMPLE HOSPITAL 1419,101418,TN,READM-30-COPD-HRRP,292,,1.0123,0.1945,0.1921,57,07/01/2020,06/30/2023
SAMPLE HOSPITAL 1419,101418,TN,READM-30-AMI-HRRP,338,,1.0274,0.1728,0.1682,58,07/01/2020,06/30/2023
SAMPLE HOSPITAL 1419,101418,TN,READM-30-HIP-KNEE-HRRP,458,,0.9714,0.1304,0.1342,60,07/01/2020,06/30/2023
SAMPLE HOSPITAL 1419,101418,TN,READM-30-CABG-HRRP,116,,0.8921,0.193,0.2163,22,07/01/2020,06/30/2023
SAMPLE HOSPITAL 1419,101418,TN,READM-30-PN-HRRP,189,,0.9715,0.2403,0.2473,45,07/01/2020,06/30/2023
SAMPLE HOSPITAL 1420,101419,AZ,READM-30-AMI-HRRP,35,,0.8901,0.1513,0.17,5,07/01/2020,06/30/2023
SAMPLE HOSPITAL 1420,101419,AZ,READM-30-CABG-HRRP,81,,1.0208,0.2021,0.198,16,07/01/2020,06/30/2023
SAMPLE HOSPITAL 1420,101419,AZ,READM-30-PN-HRRP,1183,,1.0415,0.2613,0.2509,309,07/01/2020,06/30/2023
SAMPLE HOSPITAL 1420,101419,AZ,READM-30-HIP-KNEE-HRRP,426,,0.9487,0.1631,0.1719,69,07/01/2020,06/30/2023
SAMPLE HOSPITAL 1420,101419,AZ,READM-30-HF-HRRP,154,,0.983,0.1985,0.2019,31,07/01/2020,06/30/2023
SAMPLE HOSPITAL 1421,101420,NE,READM-30-PN-HRRP,34,,0.9652,0.1761,0.1825,6,07/01/2020,06/30/2023
SAMPLE HOSPITAL 1421,101420,NE,READM-30-HIP-KNEE-HRRP,125,,1.0191,0.2334,0.229,29,07/01/2020,06/30/2023
SAMPLE HOSPITAL 1421,101420,NE,READM-30-CABG-HRRP,237,,1.0195,0.2075,0.2035,49,07/01/2020,06/30/2023
SAMPLE HOSPITAL 1421,101420,NE,READM-30-COPD-HRRP,164,,1.0995,0.1935,0.176,32,07/01/2020,06/30/2023
SAMPLE HOSPITAL 1421,101420,NE,READM-30-AMI-HRRP,329,,1.0831,0.2545,0.235,84,07/01/2020,06/30/2023
SAMPLE HOSPITAL 1421,101420,NE,READM-30-HF-HRRP,299,,1.1634,0.2435,0.2093,73,07/01/2020,06/30/2023
SAMPLE HOSPITAL 1422,101421,TX,READM-30-HIP-KNEE-HRRP,167,,0.975,0.1276,0.1309,21,07/01/2020,06/30/2023
SAMPLE HOSPITAL 1422,101421,TX,READM-30-PN-HRRP,420,,1.0134,0.2267,0.2237,95,07/01/2020,06/30/2023
SAMPLE HOSPITAL 1422,101421,TX,READM-30-COPD-HRRP,78,,0.8609,0.1606,0.1866,13,07/01/2020,06/30/2023
SAMPLE HOSPITAL 1422,101421,TX,READM-30-CABG-HRRP,154,,0.9716,0.1623,0.167,25,07/01/2020,06/30/2023
SAMPLE HOSPITAL 1423,101422,ME,READM-30-PN-HRRP,418,,0.9935,0.145,0.1459,61,07/01/2020,06/30/2023
SAMPLE HOSPITAL 1423,101422,ME,READM-30-CABG-HRRP,86,,1.0121,0.238,0.2352,20,07/01/2020,06/30/2023
SAMPLE HOSPITAL 1423,101422,ME,READM-30-COPD-HRRP,421,,0.9693,0.1942,0.2003,82,07/01/2020,06/30/2023
SAMPLE HOSPITAL 1424,101423,UT,READM-30-HIP-KNEE-HRRP,64,,0.9923,0.1706,0.1719,11,07/01/2020,06/30/2023
SAMPLE HOSPITAL 1424,101423,UT,READM-30-HF-HRRP,43,,1.1253,0.2511,0.2231,11,07/01/2020,06/30/2023
SAMPLE HOSPITAL 1424,101423,UT,READM-30-AMI-HRRP,306,,1.0074,0.1887,0.1873,58,07/01/2020,06/30/2023
SAMPLE HOSPITAL 1424,101423,UT,READM-30-CABG-HRRP,950,,1.025,0.1918,0.1871,182,07/01/2020,06/30/2023
SAMPLE HOSPITAL 1424,101423,UT,READM-30-COPD-HRRP,424,,0.9811,0.215,0.2191,91,07/01/2020,06/30/2023
SAMPLE HOSPITAL 1424,101423,UT,READM-30-PN-HRRP,126,,1.0358,0.1611,0.1555,20,07/01/2020,06/30/2023
SAMPLE HOSPITAL 1425,101424,CT,READM-30-COPD-HRRP,166,,0.9567,0.1735,0.1814,29,07/01/2020,06/30/2023
SAMPLE HOSPITAL 1425,101424,CT,READM-30-HF-HRRP,44,,0.9425,0.1504,0.1596,7,07/01/2020,06/30/2023
SAMPLE HOSPITAL 1425,101424,CT,READM-30-AMI-HRRP,82,,1.0275,0.18,0.1752,15,07/01/2020,06/30/2023
SAMPLE HOSPITAL 1425,101424,CT,READM-30-HIP-KNEE-HRRP,862,,0.9879,0.1201,0.1216,104,07/01/2020,06/30/2023
SAMPLE HOSPITAL 1425,101424,CT,READM-30-CABG-HRRP,119,,1.0028,0.2237,0.2231,27,07/01/2020,06/30/2023
SAMPLE HOSPITAL 1425,101424,CT,READM-30-PN-HRRP,95,,1.0265,0.13,0.1266,12,07/01/2020,06/30/2023
SAMPLE HOSPITAL 1426,101425,NH,READM-30-AMI-HRRP,340,,1.0203,0.1252,0.1227,43,07/01/2020,06/30/2023
SAMPLE HOSPITAL 1426,101425,NH,READM-30-PN-HRRP,400,,0.9887,0.1685,0.1704,67,07/01/2020,06/30/2023
SAMPLE HOSPITAL 1426,101425,NH,READM-30-CABG-HRRP,159,,0.9836,0.1392,0.1415,22,07/01/2020,06/30/2023
SAMPLE HOSPITAL 1426,101425,NH,READM-30-HIP-KNEE-HRRP,87,,1.1627,0.1787,0.1537,16,07/01/2020,06/30/2023
SAMPLE HOSPITAL 1426,101425,NH,READM-30-COPD-HRRP,204,,1.0759,0.2355,0.2189,48,07/01/2020,06/30/2023
SAMPLE HOSPITAL 1426,101425,NH,READM-30-HF-HRRP,389,,0.9844,0.1421,0.1444,55,07/01/2020,06/30/2023
SAMPLE HOSPITAL 1427,101426,RI,READM-30-AMI-HRRP,67,,1.1286,0.1964,0.174,13,07/01/2020,06/30/2023
SAMPLE HOSPITAL 1427,101426,RI,READM-30-HIP-KNEE-HRRP,578,,0.9858,0.2227,0.2259,129,07/01/2020,06/30/2023
SAMPLE HOSPITAL 1427,101426,RI,READM-30-HF-HRRP,48,,0.9715,0.1566,0.1612,8,07/01/2020,06/30/2023
SAMPLE HOSPITAL 1427,101426,RI,READM-30-PN-HRRP,201,,1.115,0.2648,0.2375,53,07/01/2020,06/30/2023
SAMPLE HOSPITAL 1427,101426,RI,READM-30-COPD-HRRP,284,,0.9215,0.2365,0.2566,67,07/01/2020,06/30/2023
SAMPLE HOSPITAL 1427,101426,RI,READM-30-CABG-HRRP,384,,1.0202,0.1255,0.123,48,07/01/2020,06/30/2023
SAMPLE HOSPITAL 1428,101427,VT,READM-30-CABG-HRRP,57,,0.9992,0.1361,0.1362,8,07/01/2020,06/30/2023
SAMPLE HOSPITAL 1428,101427,VT,READM-30-COPD-HRRP,315,,1.0029,0.2042,0.2036,64,07/01/2020,06/30/2023
SAMPLE HOSPITAL 1428,101427,VT,READM-30-AMI-HRRP,146,,1.0504,0.1363,0.1298,20,07/01/2020,06/30/2023
SAMPLE HOSPITAL 1428,101427,VT,READM-30-PN-HRRP,297,,1.1449,0.2448,0.2138,73,07/01/2020,06/30/2023
SAMPLE HOSPITAL 1429,101428,AR,READM-30-COPD-HRRP,129,,0.9653,0.1883,0.1951,24,07/01/2020,06/30/2023
SAMPLE HOSPITAL 1429,101428,AR,READM-30-PN-HRRP,395,,1.0011,0.2282,0.2279,90,07/01/2020,06/30/2023
SAMPLE HOSPITAL 1429,101428,AR,READM-30-HF-HRRP,328,,0.8612,0.1036,0.1203,34,07/01/2020,06/30/2023
SAMPLE HOSPITAL 1430,101429,KS,READM-30-HIP-KNEE-HRRP,247,,0.9502,0.1301,0.1369,32,07/01/2020,06/30/2023
SAMPLE HOSPITAL 1430,101429,KS,READM-30-COPD-HRRP,340,,0.9651,0.2229,0.231,76,07/01/2020,06/30/2023
SAMPLE HOSPITAL 1430,101429,KS,READM-30-PN-HRRP,156,,1.0219,0.1645,0.161,26,07/01/2020,06/30/2023
SAMPLE HOSPITAL 1430,101429,KS,READM-30-HF-HRRP,514,,1.0516,0.1745,0.1659,90,07/01/2020,06/30/2023
SAMPLE HOSPITAL 1431,101430,FL,READM-30-CABG-HRRP,215,,1.0186,0.1572,0.1543,34,07/01/2020,06/30/2023
SAMPLE HOSPITAL 1431,101430,FL,READM-30-HF-HRRP,41,,1.0134,0.1851,0.1827,8,07/01/2020,06/30/2023
SAMPLE HOSPITAL 1431,101430,FL,READM-30-AMI-HRRP,224,,0.9496,0.1938,0.2041,43,07/01/2020,06/30/2023
SAMPLE HOSPITAL 1432,101431,WV,READM-30-HIP-KNEE-HRRP,132,,1.1077,0.2252,0.2033,30,07/01/2020,06/30/2023
SAMPLE HOSPITAL 1432,101431,WV,READM-30-AMI-HRRP,70,,1.0499,0.265,0.2524,19,07/01/2020,06/30/2023
SAMPLE HOSPITAL 1432,101431,WV,READM-30-PN-HRRP,413,,1.015,0.1459,0.1437,60,07/01/2020,06/30/2023
SAMPLE HOSPITAL 1432,101431,WV,READM-30-COPD-HRRP,70,,1.0699,0.2167,0.2025,15,07/01/2020,06/30/2023
SAMPLE HOSPITAL 1432,101431,WV,READM-30-HF-HRRP,550,,0.946,0.1948,0.2059,107,07/01/2020,06/30/2023
SAMPLE HOSPITAL 1432,101431,WV,READM-30-CABG-HRRP,962,,0.9868,0.1862,0.1887,179,07/01/2020,06/30/2023
SAMPLE HOSPITAL 1433,101432,WA,READM-30-AMI-HRRP,116,,1.0781,0.1535,0.1424,18,07/01/2020,06/30/2023
SAMPLE HOSPITAL 1433,101432,WA,READM-30-COPD-HRRP,335,,1.1257,0.1408,0.1251,47,07/01/2020,06/30/2023
SAMPLE HOSPITAL 1433,101432,WA,READM-30-HF-HRRP,357,,1.0967,0.2506,0.2285,89,07/01/2020,06/30/2023
SAMPLE HOSPITAL 1433,101432,WA,READM-30-HIP-KNEE-HRRP,956,,1.0502,0.1946,0.1853,186,07/01/2020,06/30/2023
SAMPLE HOSPITAL 1434,101433,NH,READM-30-HF-HRRP,106,,0.9473,0.1788,0.1887,19,07/01/2020,06/30/2023
SAMPLE HOSPITAL 1434,101433,NH,READM-30-COPD-HRRP,133,,0.9084,0.1404,0.1546,19,07/01/2020,06/30/2023
SAMPLE HOSPITAL 1434,101433,NH,READM-30-PN-HRRP,242,,1.0038,0.1637,0.1631,40,07/01/2020,06/30/2023
SAMPLE HOSPITAL 1434,101433,NH,READM-30-AMI-HRRP,554,,0.9573,0.1599,0.167,89,07/01/2020,06/30/2023
SAMPLE HOSPITAL 1435,101434,NC,READM-30-COPD-HRRP,215,,1.0511,0.1418,0.1349,30,07/01/2020,06/30/2023
SAMPLE HOSPITAL 1435,101434,NC,READM-30-PN-HRRP,461,,1.0517,0.1898,0.1805,87,07/01/2020,06/30/2023
SAMPLE HOSPITAL 1435,101434,NC,READM-30-AMI-HRRP,228,,1.0081,0.1266,0.1256,29,07/01/2020,06/30/2023
SAMPLE HOSPITAL 1435,101434,NC,READM-30-HF-HRRP,145,,1.0165,0.225,0.2213,33,07/01/2020,06/30/2023
SAMPLE HOSPITAL 1436,101435,ME,READM-30-COPD-HRRP,115,,1.0186,0.2444,0.2399,28,07/01/2020,06/30/2023
SAMPLE HOSPITAL 1436,101435,ME,READM-30-AMI-HRRP,124,,0.9682,0.1421,0.1468,18,07/01/2020,06/30/2023
SAMPLE HOSPITAL 1436,101435,ME,READM-30-PN-HRRP,81,,0.8626,0.135,0.1565,11,07/01/2020,06/30/2023
SAMPLE HOSPITAL 1437,101436,NJ,READM-30-HIP-KNEE-HRRP,381,,1.0904,0.2633,0.2415,100,07/01/2020,06/30/2023
SAMPLE HOSPITAL 1437,101436,NJ,READM-30-CABG-HRRP,615,,1.0447,0.2389,0.2287,147,07/01/2020,06/30/2023
SAMPLE HOSPITAL 1437,101436,NJ,READM-30-HF-HRRP,45,,1.0099,0.2083,0.2063,9,07/01/2020,06/30/2023
SAMPLE HOSPITAL 1437,101436,NJ,READM-30-AMI-HRRP,193,,1.0092,0.1422,0.1409,27,07/01/2020,06/30/2023
SAMPLE HOSPITAL 1437,101436,NJ,READM-30-COPD-HRRP,405,,1.2455,0.2966,0.2381,120,07/01/2020,06/30/2023
SAMPLE HOSPITAL 1437,101436,NJ,READM-30-PN-HRRP,73,,1.0236,0.1566,0.153,11,07/01/2020,06/30/2023
SAMPLE HOSPITAL 1438,101437,MT,READM-30-CABG-HRRP,883,,1.0656,0.1357,0.1273,120,07/01/2020,06/30/2023
SAMPLE HOSPITAL 1438,101437,MT,READM-30-PN-HRRP,190,,1.061,0.1292,0.1218,25,07/01/2020,06/30/2023
SAMPLE HOSPITAL 1438,101437,MT,READM-30-HF-HRRP,137,,1.0419,0.216,0.2073,30,07/01/2020,06/30/2023
SAMPLE HOSPITAL 1438,101437,MT,READM-30-HIP-KNEE-HRRP,739,,0.9132,0.2088,0.2286,154,07/01/2020,06/30/2023
SAMPLE HOSPITAL 1438,101437,MT,READM-30-COPD-HRRP,1483,,1.0681,0.1958,0.1833,290,07/01/2020,06/30/2023
SAMPLE HOSPITAL 1438,101437,MT,READM-30-AMI-HRRP,171,,1.0108,0.1399,0.1384,24,07/01/2020,06/30/2023
SAMPLE HOSPITAL 1439,101438,OR,READM-30-PN-HRRP,145,,1.0339,0.1889,0.1827,27,07/01/2020,06/30/2023
SAMPLE HOSPITAL 1439,101438,OR,READM-30-COPD-HRRP,167,,1.013,0.2015,0.1989,34,07/01/2020,06/30/2023
SAMPLE HOSPITAL 1439,101438,OR,READM-30-HIP-KNEE-HRRP,1320,,1.0866,0.1633,0.1503,216,07/01/2020,06/30/2023
SAMPLE HOSPITAL 1439,101438,OR,READM-30-HF-HRRP,355,,0.9897,0.1206,0.1219,43,07/01/2020,06/30/2023
SAMPLE HOSPITAL 1441,101440,CA,READM-30-CABG-HRRP,212,,1.0194,0.1877,0.1841,40,07/01/2020,06/30/2023
SAMPLE HOSPITAL 1441,101440,CA,READM-30-COPD-HRRP,84,,1.0527,0.1915,0.1819,16,07/01/2020,06/30/2023
SAMPLE HOSPITAL 1441,101440,CA,READM-30-PN-HRRP,166,,1.0833,0.2228,0.2057,37,07/01/2020,06/30/2023
SAMPLE HOSPITAL 1441,101440,CA,READM-30-AMI-HRRP,73,,1.032,0.2607,0.2526,19,07/01/2020,06/30/2023
SAMPLE HOSPITAL 1441,101440,CA,READM-30-HF-HRRP,225,,0.9952,0.131,0.1316,29,07/01/2020,06/30/2023
SAMPLE HOSPITAL 1441,101440,CA,READM-30-HIP-KNEE-HRRP,127,,1.1102,0.1424,0.1283,18,07/01/2020,06/30/2023
SAMPLE HOSPITAL 1442,101441,SD,READM-30-COPD-HRRP,48,,0.9835,0.1308,0.133,6,07/01/2020,06/30/2023
SAMPLE HOSPITAL 1442,101441,SD,READM-30-HIP-KNEE-HRRP,108,,1.0245,0.1368,0.1335,15,07/01/2020,06/30/2023
SAMPLE HOSPITAL 1442,101441,SD,READM-30-HF-HRRP,79,,0.8225,0.1637,0.199,13,07/01/2020,06/30/2023
SAMPLE HOSPITAL 1442,101441,SD,READM-30-CABG-HRRP,82,,1.0203,0.2415,0.2367,20,07/01/2020,06/30/2023
SAMPLE HOSPITAL 1443,101442,MO,READM-30-HIP-KNEE-HRRP,872,,0.9406,0.1472,0.1565,128,07/01/2020,06/30/2023
SAMPLE HOSPITAL 1443,101442,MO,READM-30-CABG-HRRP,220,,1.047,0.1356,0.1295,30,07/01/2020,06/30/2023
SAMPLE HOSPITAL 1443,101442,MO,READM-30-COPD-HRRP,537,,1.0169,0.1987,0.1954,107,07/01/2020,06/30/2023
SAMPLE HOSPITAL 1443,101442,MO,READM-30-AMI-HRRP,343,,0.9469,0.1381,0.1458,47,07/01/2020,06/30/2023
SAMPLE HOSPITAL 1443,101442,MO,READM-30-HF-HRRP,341,,1.0455,0.2515,0.2406,86,07/01/2020,06/30/2023
SAMPLE HOSPITAL 1443,101442,MO,READM-30-PN-HRRP,392,,1.074,0.2413,0.2247,95,07/01/2020,06/30/2023
SAMPLE HOSPITAL 1444,101443,ND,READM-30-CABG-HRRP,33,,1.0932,0.2722,0.249,9,07/01/2020,06/30/2023
SAMPLE HOSPITAL 1444,101443,ND,READM-30-AMI-HRRP,115,,1.0322,0.1496,0.1449,17,07/01/2020,06/30/2023
SAMPLE HOSPITAL 1444,101443,ND,READM-30-COPD-HRRP,49,,0.9392,0.1513,0.1611,7,07/01/2020,06/30/2023
SAMPLE HOSPITAL 1444,101443,ND,READM-30-HF-HRRP,29,,1.0933,0.1759,0.1609,5,07/01/2020,06/30/2023
SAMPLE HOSPITAL 1445,101444,MS,READM-30-HIP-KNEE-HRRP,50,,1.0703,0.2509,0.2344,13,07/01/2020,06/30/2023
SAMPLE HOSPITAL 1445,101444,MS,READM-30-CABG-HRRP,Too Few to Report,1,Too Few to Report,,,,07/01/2020,06/30/2023
SAMPLE HOSPITAL 1445,101444,MS,READM-30-HF-HRRP,636,,0.9707,0.2106,0.217,134,07/01/2020,06/30/2023
SAMPLE HOSPITAL 1445,101444,MS,READM-30-AMI-HRRP,222,,0.977,0.2113,0.2163,47,07/01/2020,06/30/2023
SAMPLE HOSPITAL 1446,101445,HI,READM-30-PN-HRRP,33,,0.921,0.1381,0.1499,5,07/01/2020,06/30/2023
SAMPLE HOSPITAL 1446,101445,HI,READM-30-HIP-KNEE-HRRP,223,,1.0184,0.1532,0.1504,34,07/01/2020,06/30/2023
SAMPLE HOSPITAL 1446,101445,HI,READM-30-HF-HRRP,136,,1.0018,0.259,0.2585,35,07/01/2020,06/30/2023
SAMPLE HOSPITAL 1447,101446,MI,READM-30-HIP-KNEE-HRRP,791,,1.0262,0.2196,0.214,174,07/01/2020,06/30/2023
SAMPLE HOSPITAL 1447,101446,MI,READM-30-HF-HRRP,428,,1.0031,0.1338,0.1334,57,07/01/2020,06/30/2023
SAMPLE HOSPITAL 1447,101446,MI,READM-30-COPD-HRRP,109,,1.005,0.2279,0.2268,25,07/01/2020,06/30/2023
SAMPLE HOSPITAL 1447,101446,MI,READM-30-CABG-HRRP,58,,1.0471,0.1399,0.1336,8,07/01/2020,06/30/2023
SAMPLE HOSPITAL 1447,101446,MI,READM-30-PN-HRRP,128,,0.9859,0.1444,0.1465,18,07/01/2020,06/30/2023
SAMPLE HOSPITAL 1448,101447,NE,READM-30-CABG-HRRP,43,,0.9807,0.1983,0.2022,9,07/01/2020,06/30/2023
SAMPLE HOSPITAL 1448,101447,NE,READM-30-PN-HRRP,217,,1.0633,0.1615,0.1519,35,07/01/2020,06/30/2023
SAMPLE HOSPITAL 1448,101447,NE,READM-30-AMI-HRRP,348,,1.0911,0.2216,0.2031,77,07/01/2020,06/30/2023
SAMPLE HOSPITAL 1449,101448,OK,READM-30-PN-HRRP,440,,1.0683,0.1802,0.1687,79,07/01/2020,06/30/2023
SAMPLE HOSPITAL 1449,101448,OK,READM-30-COPD-HRRP,Too Few to Report,1,Too Few to Report,,,,07/01/2020,06/30/2023
SAMPLE HOSPITAL 1449,101448,OK,READM-30-HF-HRRP,279,,0.9788,0.2379,0.2431,66,07/01/2020,06/30/2023
SAMPLE HOSPITAL 1449,101448,OK,READM-30-AMI-HRRP,82,,0.907,0.2089,0.2303,17,07/01/2020,06/30/2023
SAMPLE HOSPITAL 1449,101448,OK,READM-30-HIP-KNEE-HRRP,684,,0.9616,0.224,0.2329,153,07/01/2020,06/30/2023
SAMPLE HOSPITAL 1449,101448,OK,READM-30-CABG-HRRP,231,,0.9703,0.1852,0.1909,43,07/01/2020,06/30/2023
SAMPLE HOSPITAL 1450,101449,UT,READM-30-HF-HRRP,337,,0.959,0.129,0.1345,43,07/01/2020,06/30/2023
SAMPLE HOSPITAL 1450,101449,UT,READM-30-AMI-HRRP,373,,1.0816,0.2155,0.1992,80,07/01/2020,06/30/2023
SAMPLE HOSPITAL 1450,101449,UT,READM-30-HIP-KNEE-HRRP,530,,1.0001,0.2323,0.2323,123,07/01/2020,06/30/2023
SAMPLE HOSPITAL 1450,101449,UT,READM-30-CABG-HRRP,307,,1.0088,0.1343,0.1331,41,07/01/2020,06/30/2023
SAMPLE HOSPITAL 1451,101450,IL,READM-30-AMI-HRRP,36,,1.0335,0.2658,0.2572,10,07/01/2020,06/30/2023
SAMPLE HOSPITAL 1451,101450,IL,READM-30-HIP-KNEE-HRRP,196,,0.9398,0.1243,0.1323,24,07/01/2020,06/30/2023
SAMPLE HOSPITAL 1451,101450,IL,READM-30-CABG-HRRP,298,,0.9661,0.2137,0.2212,64,07/01/2020,06/30/2023
SAMPLE HOSPITAL 1451,101450,IL,READM-30-HF-HRRP,436,,0.9474,0.1321,0.1394,58,07/01/2020,06/30/2023
SAMPLE HOSPITAL 1451,101450,IL,READM-30-COPD-HRRP,280,,0.9269,0.197,0.2125,55,07/01/2020,06/30/2023
SAMPLE HOSPITAL 1452,101451,CO,READM-30-PN-HRRP,150,,1.0805,0.2324,0.2151,35,07/01/2020,06/30/2023
SAMPLE HOSPITAL 1452,101451,CO,READM-30-HF-HRRP,145,,1.0571,0.1376,0.1302,20,07/01/2020,06/30/2023
SAMPLE HOSPITAL 1452,101451,CO,READM-30-AMI-HRRP,39,,1.1297,0.1743,0.1543,7,07/01/2020,06/30/2023
SAMPLE HOSPITAL 1452,101451,CO,READM-30-CABG-HRRP,402,,1.0615,0.2217,0.2089,89,07/01/2020,06/30/2023
SAMPLE HOSPITAL 1452,101451,CO,READM-30-HIP-KNEE-HRRP,675,,1.0799,0.1336,0.1237,90,07/01/2020,06/30/2023
SAMPLE HOSPITAL 1452,101451,CO,READM-30-COPD-HRRP,110,,1.0214,0.2338,0.2289,26,07/01/2020,06/30/2023
SAMPLE HOSPITAL 1453,101452,NY,READM-30-HIP-KNEE-HRRP,114,,0.9765,0.2512,0.2572,29,07/01/2020,06/30/2023
SAMPLE HOSPITAL 1453,101452,NY,READM-30-CABG-HRRP,420,,1.0973,0.2104,0.1917,88,07/01/2020,06/30/2023
SAMPLE HOSPITAL 1453,101452,NY,READM-30-AMI-HRRP,234,,1.0683,0.2216,0.2074,52,07/01/2020,06/30/2023
SAMPLE HOSPITAL 1453,101452,NY,READM-30-COPD-HRRP,Too Few to Report,1,Too Few to Report,,,,07/01/2020,06/30/2023
SAMPLE HOSPITAL 1453,101452,NY,READM-30-HF-HRRP,50,,1.0838,0.1928,0.1779,10,07/01/2020,06/30/2023
SAMPLE HOSPITAL 1454,101453,WI,READM-30-HIP-KNEE-HRRP,300,,0.8738,0.1301,0.1489,39,07/01/2020,06/30/2023
SAMPLE HOSPITAL 1454,101453,WI,READM-30-CABG-HRRP,229,,1.1037,0.1956,0.1772,45,07/01/2020,06/30/2023
SAMPLE HOSPITAL 1454,101453,WI,READM-30-HF-HRRP,157,,1.0374,0.2666,0.257,42,07/01/2020,06/30/2023
SAMPLE HOSPITAL 1454,101453,WI,READM-30-AMI-HRRP,135,,0.9297,0.1404,0.151,19,07/01/2020,06/30/2023
SAMPLE HOSPITAL 1454,101453,WI,READM-30-COPD-HRRP,374,,1.0111,0.2129,0.2106,80,07/01/2020,06/30/2023
SAMPLE HOSPITAL 1455,101454,AL,READM-30-HIP-KNEE-HRRP,71,,1.0283,0.1295,0.1259,9,07/01/2020,06/30/2023
SAMPLE HOSPITAL 1455,101454,AL,READM-30-COPD-HRRP,67,,0.9755,0.2404,0.2464,16,07/01/2020,06/30/2023
SAMPLE HOSPITAL 1455,101454,AL,READM-30-AMI-HRRP,205,,1.0272,0.1623,0.158,33,07/01/2020,06/30/2023
SAMPLE HOSPITAL 1455,101454,AL,READM-30-PN-HRRP,517,,1.0543,0.2001,0.1898,103,07/01/2020,06/30/2023
SAMPLE HOSPITAL 1455,101454,AL,READM-30-CABG-HRRP,61,,1.0545,0.1866,0.177,11,07/01/2020,06/30/2023
SAMPLE HOSPITAL 1455,101454,AL,READM-30-HF-HRRP,402,,1.0602,0.2174,0.2051,87,07/01/2020,06/30/2023
SAMPLE HOSPITAL 1456,101455,KS,READM-30-PN-HRRP,181,,0.997,0.2278,0.2285,41,07/01/2020,06/30/2023
SAMPLE HOSPITAL 1456,101455,KS,READM-30-HF-HRRP,472,,0.9217,0.1434,0.1556,68,07/01/2020,06/30/2023
SAMPLE HOSPITAL 1456,101455,KS,READM-30-CABG-HRRP,573,,1.009,0.1444,0.1431,83,07/01/2020,06/30/2023
SAMPLE HOSPITAL 1456,101455,KS,READM-30-COPD-HRRP,514,,1.067,0.1468,0.1376,75,07/01/2020,06/30/2023
SAMPLE HOSPITAL 1457,101456,SC,READM-30-PN-HRRP,169,,1.0384,0.2362,0.2275,40,07/01/2020,06/30/2023
SAMPLE HOSPITAL 1457,101456,SC,READM-30-AMI-HRRP,287,,0.9653,0.1399,0.1449,40,07/01/2020,06/30/2023
SAMPLE HOSPITAL 1457,101456,SC,READM-30-HIP-KNEE-HRRP,1032,,1.0096,0.192,0.1902,198,07/01/2020,06/30/2023
SAMPLE HOSPITAL 1457,101456,SC,READM-30-HF-HRRP,490,,1.0315,0.2017,0.1955,99,07/01/2020,06/30/2023
SAMPLE HOSPITAL 1458,101457,ND,READM-30-COPD-HRRP,474,,0.9805,0.1343,0.137,64,07/01/2020,06/30/2023
SAMPLE HOSPITAL 1458,101457,ND,READM-30-CABG-HRRP,228,,1.0114,0.1312,0.1297,30,07/01/2020,06/30/2023
SAMPLE HOSPITAL 1458,101457,ND,READM-30-PN-HRRP,153,,1.0107,0.1752,0.1733,27,07/01/2020,06/30/2023
SAMPLE HOSPITAL 1458,101457,ND,READM-30-HF-HRRP,163,,0.9026,0.2228,0.2468,36,07/01/2020,06/30/2023
SAMPLE HOSPITAL 1459,101458,IL,READM-30-PN-HRRP,113,,1.1145,0.2237,0.2007,25,07/01/2020,06/30/2023
SAMPLE HOSPITAL 1459,101458,IL,READM-30-COPD-HRRP,327,,0.9839,0.2126,0.2161,70,07/01/2020,06/30/2023
SAMPLE HOSPITAL 1459,101458,IL,READM-30-HF-HRRP,315,,0.9729,0.2251,0.2314,71,07/01/2020,06/30/2023
SAMPLE HOSPITAL 1459,101458,IL,READM-30-AMI-HRRP,114,,1.0267,0.1296,0.1262,15,07/01/2020,06/30/2023
SAMPLE HOSPITAL 1459,101458,IL,READM-30-HIP-KNEE-HRRP,180,,1.0888,0.2058,0.189,37,07/01/2020,06/30/2023
SAMPLE HOSPITAL 1460,101459,KY,READM-30-COPD-HRRP,167,,0.936,0.2279,0.2435,38,07/01/2020,06/30/2023
SAMPLE HOSPITAL 1460,101459,KY,READM-30-AMI-HRRP,161,,1.0587,0.2357,0.2226,38,07/01/2020,06/30/2023
SAMPLE HOSPITAL 1460,101459,KY,READM-30-PN-HRRP,33,,1.0752,0.1818,0.1691,6,07/01/2020,06/30/2023
SAMPLE HOSPITAL 1460,101459,KY,READM-30-HIP-KNEE-HRRP,701,,1.0304,0.1631,0.1583,114,07/01/2020,06/30/2023
SAMPLE HOSPITAL 1461,101460,WV,READM-30-COPD-HRRP,131,,1.0593,0.1286,0.1214,17,07/01/2020,06/30/2023
SAMPLE HOSPITAL 1461,101460,WV,READM-30-CABG-HRRP,804,,0.9414,0.1814,0.1927,146,07/01/2020,06/30/2023
SAMPLE HOSPITAL 1461,101460,WV,READM-30-HIP-KNEE-HRRP,94,,1.0508,0.1383,0.1316,13,07/01/2020,06/30/2023
SAMPLE HOSPITAL 1461,101460,WV,READM-30-AMI-HRRP,298,,0.9496,0.1818,0.1915,54,07/01/2020,06/30/2023
SAMPLE HOSPITAL 1461,101460,WV,READM-30-PN-HRRP,Too Few to Report,1,Too Few to Report,,,,07/01/2020,06/30/2023
SAMPLE HOSPITAL 1461,101460,WV,READM-30-HF-HRRP,416,,0.9044,0.1399,0.1547,58,07/01/2020,06/30/2023
SAMPLE HOSPITAL 1463,101462,WV,READM-30-AMI-HRRP,187,,1.1123,0.2681,0.241,50,07/01/2020,06/30/2023
SAMPLE HOSPITAL 1463,101462,WV,READM-30-HF-HRRP,357,,1.0537,0.1837,0.1743,66,07/01/2020,06/30/2023
SAMPLE HOSPITAL 1463,101462,WV,READM-30-PN-HRRP,449,,1.0498,0.2625,0.25,118,07/01/2020,06/30/2023
SAMPLE HOSPITAL 1463,101462,WV,READM-30-HIP-KNEE-HRRP,352,,0.9693,0.2294,0.2367,81,07/01/2020,06/30/2023
SAMPLE HOSPITAL 1463,101462,WV,READM-30-CABG-HRRP,282,,1.0503,0.2398,0.2283,68,07/01/2020,06/30/2023
SAMPLE HOSPITAL 1464,101463,NV,READM-30-PN-HRRP,39,,1.0984,0.2378,0.2165,9,07/01/2020,06/30/2023
SAMPLE HOSPITAL 1464,101463,NV,READM-30-COPD-HRRP,41,,1.1324,0.2614,0.2308,11,07/01/2020,06/30/2023
SAMPLE HOSPITAL 1464,101463,NV,READM-30-HF-HRRP,579,,1.0904,0.2234,0.2049,129,07/01/2020,06/30/2023
SAMPLE HOSPITAL 1464,101463,NV,READM-30-AMI-HRRP,339,,0.9493,0.1357,0.1429,46,07/01/2020,06/30/2023
SAMPLE HOSPITAL 1464,101463,NV,READM-30-HIP-KNEE-HRRP,72,,0.9762,0.2134,0.2186,15,07/01/2020,06/30/2023
SAMPLE HOSPITAL 1465,101464,WV,READM-30-PN-HRRP,755,,0.9771,0.1983,0.2029,150,07/01/2020,06/30/2023
SAMPLE HOSPITAL 1465,101464,WV,READM-30-COPD-HRRP,124,,0.9762,0.1343,0.1376,17,07/01/2020,06/30/2023
SAMPLE HOSPITAL 1465,101464,WV,READM-30-CABG-HRRP,591,,1.0895,0.2501,0.2296,148,07/01/2020,06/30/2023
SAMPLE HOSPITAL 1465,101464,WV,READM-30-AMI-HRRP,435,,1.0364,0.2591,0.25,113,07/01/2020,06/30/2023
SAMPLE HOSPITAL 1465,101464,WV,READM-30-HF-HRRP,688,,1.0803,0.2596,0.2403,179,07/01/2020,06/30/2023
SAMPLE HOSPITAL 1466,101465,NE,READM-30-HIP-KNEE-HRRP,404,,1.0473,0.1381,0.1319,56,07/01/2020,06/30/2023
SAMPLE HOSPITAL 1466,101465,NE,READM-30-PN-HRRP,63,,0.9803,0.1385,0.1413,9,07/01/2020,06/30/2023
SAMPLE HOSPITAL 1466,101465,NE,READM-30-AMI-HRRP,111,,0.9805,0.2076,0.2117,23,07/01/2020,06/30/2023
SAMPLE HOSPITAL 1466,101465,NE,READM-30-CABG-HRRP,681,,1.0078,0.2475,0.2456,169,07/01/2020,06/30/2023
SAMPLE HOSPITAL 1467,101466,RI,READM-30-HIP-KNEE-HRRP,280,,1.0469,0.2189,0.2091,61,07/01/2020,06/30/2023
SAMPLE HOSPITAL 1467,101466,RI,READM-30-AMI-HRRP,228,,0.95,0.2308,0.243,53,07/01/2020,06/30/2023
SAMPLE HOSPITAL 1467,101466,RI,READM-30-PN-HRRP,118,,0.8991,0.2234,0.2485,26,07/01/2020,06/30/2023
SAMPLE HOSPITAL 1467,101466,RI,READM-30-COPD-HRRP,247,,1.0233,0.188,0.1837,46,07/01/2020,06/30/2023
SAMPLE HOSPITAL 1467,101466,RI,READM-30-CABG-HRRP,534,,0.9736,0.1624,0.1668,87,07/01/2020,06/30/2023
SAMPLE HOSPITAL 1467,101466,RI,READM-30-HF-HRRP,46,,0.9977,0.2174,0.2179,10,07/01/2020,06/30/2023
SAMPLE HOSPITAL 1468,101467,MT,READM-30-AMI-HRRP,115,,1.0049,0.1807,0.1798,21,07/01/2020,06/30/2023
SAMPLE HOSPITAL 1468,101467,MT,READM-30-CABG-HRRP,348,,1.0005,0.2201,0.22,77,07/01/2020,06/30/2023
SAMPLE HOSPITAL 1468,101467,MT,READM-30-HF-HRRP,113,,1.045,0.1619,0.1549,18,07/01/2020,06/30/2023
SAMPLE HOSPITAL 1468,101467,MT,READM-30-COPD-HRRP,298,,0.9742,0.2299,0.236,69,07/01/2020,06/30/2023
SAMPLE HOSPITAL 1469,101468,OK,READM-30-HIP-KNEE-HRRP,425,,0.9733,0.2071,0.2128,88,07/01/2020,06/30/2023
SAMPLE HOSPITAL 1469,101468,OK,READM-30-COPD-HRRP,96,,0.9929,0.1656,0.1668,16,07/01/2020,06/30/2023
SAMPLE HOSPITAL 1469,101468,OK,READM-30-CABG-HRRP,37,,1.0182,0.2256,0.2216,8,07/01/2020,06/30/2023
SAMPLE HOSPITAL 1469,101468,OK,READM-30-AMI-HRRP,47,,0.9204,0.1721,0.187,8,07/01/2020,06/30/2023
SAMPLE HOSPITAL 1469,101468,OK,READM-30-PN-HRRP,164,,0.8773,0.2171,0.2475,36,07/01/2020,06/30/2023
SAMPLE HOSPITAL 1470,101469,PA,READM-30-HF-HRRP,86,,1.1982,0.157,0.131,14,07/01/2020,06/30/2023
SAMPLE HOSPITAL 1470,101469,PA,READM-30-CABG-HRRP,71,,0.9228,0.1583,0.1715,11,07/01/2020,06/30/2023
SAMPLE HOSPITAL 1470,101469,PA,READM-30-COPD-HRRP,67,,1.0324,0.1941,0.188,13,07/01/2020,06/30/2023
SAMPLE HOSPITAL 1470,101469,PA,READM-30-AMI-HRRP,100,,0.9828,0.1931,0.1965,19,07/01/2020,06/30/2023
SAMPLE HOSPITAL 1471,101470,OR,READM-30-HF-HRRP,217,,1.0163,0.2322,0.2285,50,07/01/2020,06/30/2023
SAMPLE HOSPITAL 1471,101470,OR,READM-30-HIP-KNEE-HRRP,607,,1.059,0.2735,0.2583,166,07/01/2020,06/30/2023
SAMPLE HOSPITAL 1471,101470,OR,READM-30-COPD-HRRP,60,,0.8773,0.1237,0.141,7,07/01/2020,06/30/2023
SAMPLE HOSPITAL 1471,101470,OR,READM-30-AMI-HRRP,80,,1.1167,0.1929,0.1727,15,07/01/2020,06/30/2023
SAMPLE HOSPITAL 1472,101471,WY,READM-30-PN-HRRP,60,,0.9868,0.2141,0.217,13,07/01/2020,06/30/2023
SAMPLE HOSPITAL 1472,101471,WY,READM-30-CABG-HRRP,62,,1.0234,0.2124,0.2075,13,07/01/2020,06/30/2023
SAMPLE HOSPITAL 1472,101471,WY,READM-30-AMI-HRRP,53,,0.9198,0.1588,0.1727,8,07/01/2020,06/30/2023
SAMPLE HOSPITAL 1473,101472,NJ,READM-30-COPD-HRRP,Too Few to Report,1,Too Few to Report,,,,07/01/2020,06/30/2023
SAMPLE HOSPITAL 1473,101472,NJ,READM-30-HIP-KNEE-HRRP,239,,0.9088,0.1457,0.1603,35,07/01/2020,06/30/2023
SAMPLE HOSPITAL 1473,101472,NJ,READM-30-PN-HRRP,313,,1.0367,0.1352,0.1304,42,07/01/2020,06/30/2023
SAMPLE HOSPITAL 1473,101472,NJ,READM-30-AMI-HRRP,353,,0.9151,0.202,0.2207,71,07/01/2020,06/30/2023
SAMPLE HOSPITAL 1474,101473,MA,READM-30-CABG-HRRP,50,,1.0261,0.1681,0.1638,8,07/01/2020,06/30/2023
SAMPLE HOSPITAL 1474,101473,MA,READM-30-PN-HRRP,89,,0.9624,0.1865,0.1938,17,07/01/2020,06/30/2023
SAMPLE HOSPITAL 1474,101473,MA,READM-30-AMI-HRRP,163,,0.9908,0.2469,0.2492,40,07/01/2020,06/30/2023
SAMPLE HOSPITAL 1474,101473,MA,READM-30-HF-HRRP,231,,1.0263,0.1585,0.1544,37,07/01/2020,06/30/2023
SAMPLE HOSPITAL 1475,101474,ME,READM-30-HIP-KNEE-HRRP,169,,1.0845,0.1898,0.175,32,07/01/2020,06/30/2023
SAMPLE HOSPITAL 1475,101474,ME,READM-30-PN-HRRP,39,,0.985,0.2393,0.2429,9,07/01/2020,06/30/2023
SAMPLE HOSPITAL 1475,101474,ME,READM-30-COPD-HRRP,523,,0.89,0.2012,0.2261,105,07/01/2020,06/30/2023
SAMPLE HOSPITAL 1475,101474,ME,READM-30-AMI-HRRP,861,,0.9345,0.1605,0.1717,138,07/01/2020,06/30/2023
SAMPLE HOSPITAL 1476,101475,MT,READM-30-HIP-KNEE-HRRP,106,,1.0859,0.1456,0.1341,15,07/01/2020,06/30/2023
SAMPLE HOSPITAL 1476,101475,MT,READM-30-CABG-HRRP,486,,1.0718,0.16,0.1493,78,07/01/2020,06/30/2023
SAMPLE HOSPITAL 1476,101475,MT,READM-30-HF-HRRP,271,,1.0434,0.1435,0.1375,39,07/01/2020,06/30/2023
SAMPLE HOSPITAL 1476,101475,MT,READM-30-COPD-HRRP,176,,0.9455,0.1709,0.1807,30,07/01/2020,06/30/2023
SAMPLE HOSPITAL 1476,101475,MT,READM-30-AMI-HRRP,53,,0.9887,0.2551,0.258,14,07/01/2020,06/30/2023
SAMPLE HOSPITAL 1477,101476,MN,READM-30-COPD-HRRP,218,,1.0516,0.1453,0.1382,32,07/01/2020,06/30/2023
SAMPLE HOSPITAL 1477,101476,MN,READM-30-CABG-HRRP,152,,1.133,0.2914,0.2572,44,07/01/2020,06/30/2023
SAMPLE HOSPITAL 1477,101476,MN,READM-30-PN-HRRP,211,,1.0389,0.1563,0.1504,33,07/01/2020,06/30/2023
SAMPLE HOSPITAL 1477,101476,MN,READM-30-HIP-KNEE-HRRP,916,,1.0596,0.1842,0.1738,169,07/01/2020,06/30/2023
SAMPLE HOSPITAL 1477,101476,MN,READM-30-HF-HRRP,Too Few to Report,1,Too Few to Report,,,,07/01/2020,06/30/2023
SAMPLE HOSPITAL 1478,101477,WI,READM-30-CABG-HRRP,Too Few to Report,1,Too Few to Report,,,,07/01/2020,06/30/2023
SAMPLE HOSPITAL 1478,101477,WI,READM-30-PN-HRRP,108,,1.0632,0.2318,0.218,25,07/01/2020,06/30/2023
SAMPLE HOSPITAL 1478,101477,WI,READM-30-COPD-HRRP,135,,1.1486,0.2719,0.2367,37,07/01/2020,06/30/2023
SAMPLE HOSPITAL 1478,101477,WI,READM-30-HIP-KNEE-HRRP,389,,0.9376,0.1981,0.2113,77,07/01/2020,06/30/2023
SAMPLE HOSPITAL 1479,101478,SD,READM-30-COPD-HRRP,172,,0.9048,0.2161,0.2388,37,07/01/2020,06/30/2023
SAMPLE HOSPITAL 1479,101478,SD,READM-30-HF-HRRP,1378,,1.0231,0.1874,0.1832,258,07/01/2020,06/30/2023
SAMPLE HOSPITAL 1479,101478,SD,READM-30-PN-HRRP,31,,1.0652,0.1409,0.1323,4,07/01/2020,06/30/2023
SAMPLE HOSPITAL 1479,101478,SD,READM-30-AMI-HRRP,261,,0.9997,0.1503,0.1503,39,07/01/2020,06/30/2023
SAMPLE HOSPITAL 1480,101479,NC,READM-30-HIP-KNEE-HRRP,70,,1.0299,0.2227,0.2162,16,07/01/2020,06/30/2023
SAMPLE HOSPITAL 1480,101479,NC,READM-30-COPD-HRRP,153,,0.8687,0.2172,0.25,33,07/01/2020,06/30/2023
SAMPLE HOSPITAL 1480,101479,NC,READM-30-CABG-HRRP,146,,1.0615,0.2268,0.2137,33,07/01/2020,06/30/2023
SAMPLE HOSPITAL 1480,101479,NC,READM-30-HF-HRRP,44,,1.0095,0.2165,0.2145,10,07/01/2020,06/30/2023
SAMPLE HOSPITAL 1480,101479,NC,READM-30-AMI-HRRP,335,,1.0852,0.2683,0.2472,90,07/01/2020,06/30/2023
SAMPLE HOSPITAL 1480,101479,NC,READM-30-PN-HRRP,44,,0.9541,0.1263,0.1324,6,07/01/2020,06/30/2023
SAMPLE HOSPITAL 1481,101480,MO,READM-30-HIP-KNEE-HRRP,266,,0.9616,0.1342,0.1396,36,07/01/2020,06/30/2023
SAMPLE HOSPITAL 1481,101480,MO,READM-30-AMI-HRRP,326,,0.9073,0.2241,0.247,73,07/01/2020,06/30/2023
SAMPLE HOSPITAL 1481,101480,MO,READM-30-COPD-HRRP,104,,0.9812,0.1597,0.1628,17,07/01/2020,06/30/2023
SAMPLE HOSPITAL 1481,101480,MO,READM-30-HF-HRRP,300,,0.9539,0.1229,0.1288,37,07/01/2020,06/30/2023
SAMPLE HOSPITAL 1481,101480,MO,READM-30-CABG-HRRP,111,,1.0273,0.1717,0.1671,19,07/01/2020,06/30/2023
SAMPLE HOSPITAL 1481,101480,MO,READM-30-PN-HRRP,182,,0.9142,0.1563,0.171,28,07/01/2020,06/30/2023
SAMPLE HOSPITAL 1482,101481,PA,READM-30-AMI-HRRP,115,,0.8626,0.1486,0.1723,17,07/01/2020,06/30/2023
SAMPLE HOSPITAL 1482,101481,PA,READM-30-COPD-HRRP,365,,1.0181,0.2154,0.2116,79,07/01/2020,06/30/2023
SAMPLE HOSPITAL 1482,101481,PA,READM-30-CABG-HRRP,238,,0.9422,0.2062,0.2188,49,07/01/2020,06/30/2023
SAMPLE HOSPITAL 1483,101482,MT,READM-30-AMI-HRRP,442,,0.9171,0.1918,0.2091,85,07/01/2020,06/30/2023
SAMPLE HOSPITAL 1483,101482,MT,READM-30-HF-HRRP,117,,1.0678,0.267,0.25,31,07/01/2020,06/30/2023
SAMPLE HOSPITAL 1483,101482,MT,READM-30-PN-HRRP,292,,1.0779,0.1979,0.1836,58,07/01/2020,06/30/2023
SAMPLE HOSPITAL 1483,101482,MT,READM-30-COPD-HRRP,368,,1.061,0.2516,0.2371,93,07/01/2020,06/30/2023
SAMPLE HOSPITAL 1483,101482,MT,READM-30-CABG-HRRP,61,,1.0758,0.2774,0.2579,17,07/01/2020,06/30/2023
SAMPLE HOSPITAL 1483,101482,MT,READM-30-HIP-KNEE-HRRP,246,,0.9951,0.2576,0.2589,63,07/01/2020,06/30/2023
SAMPLE HOSPITAL 1484,101483,WV,READM-30-CABG-HRRP,222,,0.9727,0.1876,0.1929,42,07/01/2020,06/30/2023
SAMPLE HOSPITAL 1484,101483,WV,READM-30-HIP-KNEE-HRRP,201,,1.0043,0.1537,0.153,31,07/01/2020,06/30/2023
SAMPLE HOSPITAL 1484,101483,WV,READM-30-COPD-HRRP,298,,1.0358,0.1285,0.1241,38,07/01/2020,06/30/2023
SAMPLE HOSPITAL 1485,101484,WY,READM-30-COPD-HRRP,79,,1.0337,0.2023,0.1957,16,07/01/2020,06/30/2023
SAMPLE HOSPITAL 1485,101484,WY,READM-30-PN-HRRP,861,,1.0441,0.1659,0.1589,143,07/01/2020,06/30/2023
SAMPLE HOSPITAL 1485,101484,WY,READM-30-CABG-HRRP,72,,1.0462,0.2607,0.2492,19,07/01/2020,06/30/2023
SAMPLE HOSPITAL 1485,101484,WY,READM-30-HF-HRRP,361,,0.8858,0.2052,0.2316,74,07/01/2020,06/30/2023
SAMPLE HOSPITAL 1486,101485,MN,READM-30-HIP-KNEE-HRRP,201,,0.8803,0.1922,0.2183,39,07/01/2020,06/30/2023
SAMPLE HOSPITAL 1486,101485,MN,READM-30-CABG-HRRP,239,,0.9156,0.2221,0.2426,53,07/01/2020,06/30/2023
SAMPLE HOSPITAL 1486,101485,MN,READM-30-COPD-HRRP,527,,0.9364,0.2278,0.2433,120,07/01/2020,06/30/2023
SAMPLE HOSPITAL 1487,101486,RI,READM-30-AMI-HRRP,113,,1.0502,0.1417,0.1349,16,07/01/2020,06/30/2023
SAMPLE HOSPITAL 1487,101486,RI,READM-30-HIP-KNEE-HRRP,75,,1.0322,0.2567,0.2487,19,07/01/2020,06/30/2023
SAMPLE HOSPITAL 1487,101486,RI,READM-30-COPD-HRRP,29,,1.0009,0.2145,0.2143,6,07/01/2020,06/30/2023
SAMPLE HOSPITAL 1487,101486,RI,READM-30-HF-HRRP,47,,0.9563,0.1743,0.1823,8,07/01/2020,06/30/2023
SAMPLE HOSPITAL 1487,101486,RI,READM-30-PN-HRRP,48,,0.9947,0.2441,0.2454,12,07/01/2020,06/30/2023
SAMPLE HOSPITAL 1488,101487,MO,READM-30-HF-HRRP,558,,0.8992,0.1276,0.1419,71,07/01/2020,06/30/2023
SAMPLE HOSPITAL 1488,101487,MO,READM-30-COPD-HRRP,69,,0.963,0.1262,0.1311,9,07/01/2020,06/30/2023
SAMPLE HOSPITAL 1488,101487,MO,READM-30-CABG-HRRP,147,,1.1167,0.2221,0.1989,33,07/01/2020,06/30/2023
SAMPLE HOSPITAL 1488,101487,MO,READM-30-PN-HRRP,96,,0.9836,0.1831,0.1862,18,07/01/2020,06/30/2023
SAMPLE HOSPITAL 1488,101487,MO,READM-30-HIP-KNEE-HRRP,223,,1.0756,0.1337,0.1243,30,07/01/2020,06/30/2023
SAMPLE HOSPITAL 1488,101487,MO,READM-30-AMI-HRRP,103,,0.8443,0.1521,0.1801,16,07/01/2020,06/30/2023
SAMPLE HOSPITAL 1489,101488,PA,READM-30-HIP-KNEE-HRRP,46,,0.927,0.1275,0.1375,6,07/01/2020,06/30/2023
SAMPLE HOSPITAL 1489,101488,PA,READM-30-CABG-HRRP,289,,0.9934,0.2566,0.2583,74,07/01/2020,06/30/2023
SAMPLE HOSPITAL 1489,101488,PA,READM-30-HF-HRRP,174,,1.064,0.2214,0.2081,39,07/01/2020,06/30/2023
SAMPLE HOSPITAL 1489,101488,PA,READM-30-PN-HRRP,325,,0.9749,0.1641,0.1683,53,07/01/2020,06/30/2023
SAMPLE HOSPITAL 1489,101488,PA,READM-30-COPD-HRRP,101,,0.9393,0.2385,0.2539,24,07/01/2020,06/30/2023
SAMPLE HOSPITAL 1489,101488,PA,READM-30-AMI-HRRP,66,,0.924,0.1743,0.1886,12,07/01/2020,06/30/2023
SAMPLE HOSPITAL 1490,101489,UT,READM-30-CABG-HRRP,723,,1.0482,0.1915,0.1827,138,07/01/2020,06/30/2023
SAMPLE HOSPITAL 1490,101489,UT,READM-30-HIP-KNEE-HRRP,940,,1.0557,0.1788,0.1694,168,07/01/2020,06/30/2023
SAMPLE HOSPITAL 1490,101489,UT,READM-30-HF-HRRP,369,,1.036,0.2274,0.2195,84,07/01/2020,06/30/2023
SAMPLE HOSPITAL 1490,101489,UT,READM-30-PN-HRRP,82,,0.9254,0.2055,0.2221,17,07/01/2020,06/30/2023
SAMPLE HOSPITAL 1490,101489,UT,READM-30-AMI-HRRP,480,,1.0059,0.1388,0.138,67,07/01/2020,06/30/2023
SAMPLE HOSPITAL 1490,101489,UT,READM-30-COPD-HRRP,317,,1.0954,0.1897,0.1732,60,07/01/2020,06/30/2023
SAMPLE HOSPITAL 1491,101490,ID,READM-30-COPD-HRRP,167,,1.0965,0.1712,0.1561,29,07/01/2020,06/30/2023
SAMPLE HOSPITAL 1491,101490,ID,READM-30-CABG-HRRP,109,,1.0615,0.1523,0.1435,17,07/01/2020,06/30/2023
SAMPLE HOSPITAL 1491,101490,ID,READM-30-HF-HRRP,464,,1.1211,0.2267,0.2022,105,07/01/2020,06/30/2023
SAMPLE HOSPITAL 1491,101490,ID,READM-30-PN-HRRP,59,,1.0254,0.1985,0.1936,12,07/01/2020,06/30/2023
SAMPLE HOSPITAL 1491,101490,ID,READM-30-AMI-HRRP,178,,1.0391,0.1431,0.1377,25,07/01/2020,06/30/2023
SAMPLE HOSPITAL 1492,101491,HI,READM-30-CABG-HRRP,434,,1.0283,0.2066,0.2009,90,07/01/2020,06/30/2023
SAMPLE HOSPITAL 1492,101491,HI,READM-30-HF-HRRP,170,,1.0082,0.1665,0.1651,28,07/01/2020,06/30/2023
SAMPLE HOSPITAL 1492,101491,HI,READM-30-HIP-KNEE-HRRP,227,,1.0377,0.1282,0.1235,29,07/01/2020,06/30/2023
SAMPLE HOSPITAL 1493,101492,OH,READM-30-HIP-KNEE-HRRP,163,,1.0609,0.2461,0.232,40,07/01/2020,06/30/2023
SAMPLE HOSPITAL 1493,101492,OH,READM-30-PN-HRRP,164,,1.0629,0.1634,0.1537,27,07/01/2020,06/30/2023
SAMPLE HOSPITAL 1493,101492,OH,READM-30-CABG-HRRP,125,,1.0617,0.2076,0.1955,26,07/01/2020,06/30/2023
SAMPLE HOSPITAL 1493,101492,OH,READM-30-AMI-HRRP,115,,1.0193,0.2444,0.2398,28,07/01/2020,06/30/2023
SAMPLE HOSPITAL 1494,101493,NY,READM-30-HF-HRRP,51,,1.0252,0.217,0.2117,11,07/01/2020,06/30/2023
SAMPLE HOSPITAL 1494,101493,NY,READM-30-CABG-HRRP,619,,1.0444,0.1411,0.1351,87,07/01/2020,06/30/2023
SAMPLE HOSPITAL 1494,101493,NY,READM-30-PN-HRRP,57,,1.0201,0.1665,0.1632,9,07/01/2020,06/30/2023
SAMPLE HOSPITAL 1494,101493,NY,READM-30-COPD-HRRP,42,,0.9307,0.2011,0.2161,8,07/01/2020,06/30/2023
SAMPLE HOSPITAL 1494,101493,NY,READM-30-AMI-HRRP,552,,1.0405,0.2205,0.2119,122,07/01/2020,06/30/2023
SAMPLE HOSPITAL 1495,101494,MT,READM-30-COPD-HRRP,375,,1.1036,0.2725,0.2469,102,07/01/2020,06/30/2023
SAMPLE HOSPITAL 1495,101494,MT,READM-30-CABG-HRRP,59,,1.0158,0.1438,0.1416,8,07/01/2020,06/30/2023
SAMPLE HOSPITAL 1495,101494,MT,READM-30-HF-HRRP,84,,1.0819,0.2363,0.2184,20,07/01/2020,06/30/2023
SAMPLE HOSPITAL 1495,101494,MT,READM-30-HIP-KNEE-HRRP,64,,1.0605,0.1702,0.1605,11,07/01/2020,06/30/2023
SAMPLE HOSPITAL 1495,101494,MT,READM-30-AMI-HRRP,115,,1.0142,0.1934,0.1907,22,07/01/2020,06/30/2023
SAMPLE HOSPITAL 1495,101494,MT,READM-30-PN-HRRP,187,,1.0086,0.1345,0.1334,25,07/01/2020,06/30/2023
SAMPLE HOSPITAL 1496,101495,CO,READM-30-HF-HRRP,273,,1.0106,0.212,0.2098,58,07/01/2020,06/30/2023
SAMPLE HOSPITAL 1496,101495,CO,READM-30-PN-HRRP,47,,0.9181,0.2236,0.2435,11,07/01/2020,06/30/2023
SAMPLE HOSPITAL 1496,101495,CO,READM-30-HIP-KNEE-HRRP,650,,1.0269,0.1461,0.1423,95,07/01/2020,06/30/2023
SAMPLE HOSPITAL 1496,101495,CO,READM-30-COPD-HRRP,158,,1.0176,0.2224,0.2186,35,07/01/2020,06/30/2023
SAMPLE HOSPITAL 1497,101496,AL,READM-30-HIP-KNEE-HRRP,218,,1.0412,0.2299,0.2208,50,07/01/2020,06/30/2023
SAMPLE HOSPITAL 1497,101496,AL,READM-30-PN-HRRP,729,,1.0522,0.2341,0.2225,171,07/01/2020,06/30/2023
SAMPLE HOSPITAL 1497,101496,AL,READM-30-CABG-HRRP,214,,0.9246,0.1857,0.2008,40,07/01/2020,06/30/2023
SAMPLE HOSPITAL 1497,101496,AL,READM-30-COPD-HRRP,914,,1.0355,0.2583,0.2494,236,07/01/2020,06/30/2023
SAMPLE HOSPITAL 1499,101498,NV,READM-30-HIP-KNEE-HRRP,274,,1.0448,0.1322,0.1265,36,07/01/2020,06/30/2023
SAMPLE HOSPITAL 1499,101498,NV,READM-30-PN-HRRP,192,,1.1616,0.2801,0.2411,54,07/01/2020,06/30/2023
SAMPLE HOSPITAL 1499,101498,NV,READM-30-COPD-HRRP,375,,0.9591,0.1447,0.1509,54,07/01/2020,06/30/2023
SAMPLE HOSPITAL 1500,101499,TX,READM-30-CABG-HRRP,204,,0.9148,0.167,0.1825,34,07/01/2020,06/30/2023
SAMPLE HOSPITAL 1500,101499,TX,READM-30-HF-HRRP,104,,0.9518,0.224,0.2353,23,07/01/2020,06/30/2023
SAMPLE HOSPITAL 1500,101499,TX,READM-30-COPD-HRRP,118,,0.9794,0.1217,0.1243,14,07/01/2020,06/30/2023
SAMPLE HOSPITAL 1501,101500,RI,READM-30-HIP-KNEE-HRRP,100,,1.0697,0.2683,0.2508,27,07/01/2020,06/30/2023
SAMPLE HOSPITAL 1501,101500,RI,READM-30-CABG-HRRP,63,,0.9805,0.2289,0.2335,14,07/01/2020,06/30/2023
SAMPLE HOSPITAL 1501,101500,RI,READM-30-AMI-HRRP,192,,1.0363,0.2397,0.2313,46,07/01/2020,06/30/2023
SAMPLE HOSPITAL 1502,101501,VT,READM-30-PN-HRRP,Too Few to Report,1,Too Few to Report,,,,07/01/2020,06/30/2023
SAMPLE HOSPITAL 1502,101501,VT,READM-30-COPD-HRRP,172,,0.9992,0.1584,0.1585,27,07/01/2020,06/30/2023
SAMPLE HOSPITAL 1502,101501,VT,READM-30-HIP-KNEE-HRRP,294,,1.0479,0.1622,0.1548,48,07/01/2020,06/30/2023
SAMPLE HOSPITAL 1503,101502,AK,READM-30-HIP-KNEE-HRRP,226,,1.0336,0.1811,0.1752,41,07/01/2020,06/30/2023
SAMPLE HOSPITAL 1503,101502,AK,READM-30-AMI-HRRP,345,,1.029,0.1613,0.1568,56,07/01/2020,06/30/2023
SAMPLE HOSPITAL 1503,101502,AK,READM-30-HF-HRRP,305,,1.0251,0.1634,0.1594,50,07/01/2020,06/30/2023
SAMPLE HOSPITAL 1503,101502,AK,READM-30-COPD-HRRP,676,,0.9766,0.2022,0.207,137,07/01/2020,06/30/2023
SAMPLE HOSPITAL 1504,101503,NC,READM-30-HIP-KNEE-HRRP,91,,0.9662,0.152,0.1573,14,07/01/2020,06/30/2023
SAMPLE HOSPITAL 1504,101503,NC,READM-30-PN-HRRP,186,,0.9677,0.1596,0.1649,30,07/01/2020,06/30/2023
SAMPLE HOSPITAL 1504,101503,NC,READM-30-COPD-HRRP,155,,0.8918,0.207,0.2321,32,07/01/2020,06/30/2023
SAMPLE HOSPITAL 1504,101503,NC,READM-30-CABG-HRRP,398,,0.982,0.2015,0.2052,80,07/01/2020,06/30/2023
SAMPLE HOSPITAL 1504,101503,NC,READM-30-AMI-HRRP,313,,0.9492,0.2358,0.2484,74,07/01/2020,06/30/2023
SAMPLE HOSPITAL 1505,101504,UT,READM-30-HF-HRRP,101,,0.9207,0.1329,0.1443,13,07/01/2020,06/30/2023
SAMPLE HOSPITAL 1505,101504,UT,READM-30-HIP-KNEE-HRRP,141,,0.9475,0.2376,0.2508,34,07/01/2020,06/30/2023
SAMPLE HOSPITAL 1505,101504,UT,READM-30-CABG-HRRP,104,,0.9716,0.1249,0.1286,13,07/01/2020,06/30/2023
SAMPLE HOSPITAL 1505,101504,UT,READM-30-COPD-HRRP,55,,0.8963,0.1673,0.1867,9,07/01/2020,06/30/2023
SAMPLE HOSPITAL 1505,101504,UT,READM-30-AMI-HRRP,191,,1.0061,0.1863,0.1852,36,07/01/2020,06/30/2023
SAMPLE HOSPITAL 1505,101504,UT,READM-30-PN-HRRP,287,,0.9768,0.1698,0.1738,49,07/01/2020,06/30/2023
SAMPLE HOSPITAL 1506,101505,WI,READM-30-COPD-HRRP,413,,0.9076,0.1425,0.157,59,07/01/2020,06/30/2023
SAMPLE HOSPITAL 1506,101505,WI,READM-30-AMI-HRRP,1211,,1.0047,0.2506,0.2494,303,07/01/2020,06/30/2023
SAMPLE HOSPITAL 1506,101505,WI,READM-30-CABG-HRRP,186,,0.9774,0.18,0.1842,33,07/01/2020,06/30/2023
SAMPLE HOSPITAL 1506,101505,WI,READM-30-HF-HRRP,250,,0.9751,0.2323,0.2382,58,07/01/2020,06/30/2023
SAMPLE HOSPITAL 1507,101506,MS,READM-30-COPD-HRRP,428,,1.0841,0.1652,0.1524,71,07/01/2020,06/30/2023
SAMPLE HOSPITAL 1507,101506,MS,READM-30-CABG-HRRP,390,,0.9803,0.2123,0.2166,83,07/01/2020,06/30/2023
SAMPLE HOSPITAL 1507,101506,MS,READM-30-PN-HRRP,99,,0.8767,0.1737,0.1981,17,07/01/2020,06/30/2023
SAMPLE HOSPITAL 1507,101506,MS,READM-30-HF-HRRP,460,,0.9886,0.1418,0.1434,65,07/01/2020,06/30/2023
SAMPLE HOSPITAL 1507,101506,MS,READM-30-AMI-HRRP,126,,1.0109,0.2443,0.2417,31,07/01/2020,06/30/2023
SAMPLE HOSPITAL 1507,101506,MS,READM-30-HIP-KNEE-HRRP,110,,1.0353,0.1839,0.1776,20,07/01/2020,06/30/2023
SAMPLE HOSPITAL 1508,101507,SD,READM-30-HF-HRRP,114,,1.057,0.2252,0.2131,26,07/01/2020,06/30/2023
SAMPLE HOSPITAL 1508,101507,SD,READM-30-CABG-HRRP,92,,1.1549,0.2264,0.196,21,07/01/2020,06/30/2023
SAMPLE HOSPITAL 1508,101507,SD,READM-30-HIP-KNEE-HRRP,132,,1.0013,0.2378,0.2375,31,07/01/2020,06/30/2023
SAMPLE HOSPITAL 1508,101507,SD,READM-30-PN-HRRP,156,,1.0205,0.1608,0.1576,25,07/01/2020,06/30/2023
SAMPLE HOSPITAL 1509,101508,MI,READM-30-COPD-HRRP,356,,0.943,0.116,0.123,41,07/01/2020,06/30/2023
SAMPLE HOSPITAL 1509,101508,MI,READM-30-PN-HRRP,333,,0.9712,0.1594,0.1641,53,07/01/2020,06/30/2023
SAMPLE HOSPITAL 1509,101508,MI,READM-30-CABG-HRRP,331,,1.0982,0.1579,0.1438,52,07/01/2020,06/30/2023
SAMPLE HOSPITAL 1509,101508,MI,READM-30-HIP-KNEE-HRRP,640,,1.0221,0.2476,0.2422,158,07/01/2020,06/30/2023
SAMPLE HOSPITAL 1510,101509,MO,READM-30-PN-HRRP,225,,1.0087,0.2024,0.2007,46,07/01/2020,06/30/2023
SAMPLE HOSPITAL 1510,101509,MO,READM-30-CABG-HRRP,119,,0.9604,0.1511,0.1573,18,07/01/2020,06/30/2023
SAMPLE HOSPITAL 1510,101509,MO,READM-30-HF-HRRP,80,,0.9171,0.1147,0.1251,9,07/01/2020,06/30/2023
SAMPLE HOSPITAL 1510,101509,MO,READM-30-COPD-HRRP,129,,0.9875,0.1383,0.14,18,07/01/2020,06/30/2023
SAMPLE HOSPITAL 1511,101510,CT,READM-30-PN-HRRP,204,,0.8764,0.2244,0.256,46,07/01/2020,06/30/2023
SAMPLE HOSPITAL 1511,101510,CT,READM-30-COPD-HRRP,238,,0.9866,0.2482,0.2516,59,07/01/2020,06/30/2023
SAMPLE HOSPITAL 1511,101510,CT,READM-30-HF-HRRP,104,,1.008,0.1673,0.166,17,07/01/2020,06/30/2023
SAMPLE HOSPITAL 1512,101511,OK,READM-30-HF-HRRP,38,,1.0975,0.1428,0.1301,5,07/01/2020,06/30/2023
SAMPLE HOSPITAL 1512,101511,OK,READM-30-HIP-KNEE-HRRP,83,,1.0449,0.2376,0.2274,20,07/01/2020,06/30/2023
SAMPLE HOSPITAL 1512,101511,OK,READM-30-CABG-HRRP,241,,1.1618,0.2483,0.2137,60,07/01/2020,06/30/2023
SAMPLE HOSPITAL 1513,101512,SD,READM-30-HIP-KNEE-HRRP,126,,1.0745,0.1512,0.1407,19,07/01/2020,06/30/2023
SAMPLE HOSPITAL 1513,101512,SD,READM-30-HF-HRRP,123,,1.0238,0.1933,0.1888,24,07/01/2020,06/30/2023
SAMPLE HOSPITAL 1513,101512,SD,READM-30-COPD-HRRP,205,,1.0113,0.1853,0.1832,38,07/01/2020,06/30/2023
SAMPLE HOSPITAL 1513,101512,SD,READM-30-PN-HRRP,146,,1.0125,0.1386,0.1369,20,07/01/2020,06/30/2023
SAMPLE HOSPITAL 1514,101513,HI,READM-30-HIP-KNEE-HRRP,26,,1.127,0.2567,0.2278,7,07/01/2020,06/30/2023
SAMPLE HOSPITAL 1514,101513,HI,READM-30-PN-HRRP,222,,0.9557,0.1707,0.1786,38,07/01/2020,06/30/2023
SAMPLE HOSPITAL 1514,101513,HI,READM-30-HF-HRRP,140,,1.0307,0.2455,0.2382,34,07/01/2020,06/30/2023
SAMPLE HOSPITAL 1514,101513,HI,READM-30-COPD-HRRP,170,,0.919,0.1724,0.1876,29,07/01/2020,06/30/2023
SAMPLE HOSPITAL 1514,101513,HI,READM-30-CABG-HRRP,443,,1.1124,0.1621,0.1457,72,07/01/2020,06/30/2023
SAMPLE HOSPITAL 1514,101513,HI,READM-30-AMI-HRRP,253,,1.0351,0.126,0.1217,32,07/01/2020,06/30/2023
SAMPLE HOSPITAL 1515,101514,ME,READM-30-AMI-HRRP,430,,0.9657,0.1313,0.136,56,07/01/2020,06/30/2023
SAMPLE HOSPITAL 1515,101514,ME,READM-30-HIP-KNEE-HRRP,98,,0.9972,0.2007,0.2013,20,07/01/2020,06/30/2023
SAMPLE HOSPITAL 1515,101514,ME,READM-30-CABG-HRRP,79,,1.1,0.2664,0.2422,21,07/01/2020,06/30/2023
SAMPLE HOSPITAL 1516,101515,NM,READM-30-HF-HRRP,139,,0.9497,0.1781,0.1875,25,07/01/2020,06/30/2023
SAMPLE HOSPITAL 1516,101515,NM,READM-30-COPD-HRRP,1676,,1.0407,0.148,0.1422,248,07/01/2020,06/30/2023
SAMPLE HOSPITAL 1516,101515,NM,READM-30-HIP-KNEE-HRRP,269,,1.0128,0.1994,0.1969,54,07/01/2020,06/30/2023
SAMPLE HOSPITAL 1516,101515,NM,READM-30-CABG-HRRP,105,,0.8987,0.1955,0.2175,21,07/01/2020,06/30/2023
SAMPLE HOSPITAL 1516,101515,NM,READM-30-PN-HRRP,127,,0.9572,0.1966,0.2054,25,07/01/2020,06/30/2023
SAMPLE HOSPITAL 1516,101515,NM,READM-30-AMI-HRRP,99,,0.9949,0.2456,0.2469,24,07/01/2020,06/30/2023
SAMPLE HOSPITAL 1517,101516,VT,READM-30-AMI-HRRP,76,,1.0101,0.2318,0.2295,18,07/01/2020,06/30/2023
SAMPLE HOSPITAL 1517,101516,VT,READM-30-COPD-HRRP,325,,0.9645,0.1218,0.1263,40,07/01/2020,06/30/2023
SAMPLE HOSPITAL 1517,101516,VT,READM-30-PN-HRRP,925,,0.9034,0.2255,0.2496,209,07/01/2020,06/30/2023
SAMPLE HOSPITAL 1517,101516,VT,READM-30-HIP-KNEE-HRRP,95,,0.9409,0.1598,0.1698,15,07/01/2020,06/30/2023
SAMPLE HOSPITAL 1517,101516,VT,READM-30-HF-HRRP,Too Few to Report,1,Too Few to Report,,,,07/01/2020,06/30/2023
SAMPLE HOSPITAL 1517,101516,VT,READM-30-CABG-HRRP,230,,1.0094,0.1329,0.1317,31,07/01/2020,06/30/2023
SAMPLE HOSPITAL 1518,101517,SC,READM-30-PN-HRRP,98,,0.9916,0.1337,0.1348,13,07/01/2020,06/30/2023
SAMPLE HOSPITAL 1518,101517,SC,READM-30-HF-HRRP,Too Few to Report,1,Too Few to Report,,,,07/01/2020,06/30/2023
SAMPLE HOSPITAL 1518,101517,SC,READM-30-AMI-HRRP,326,,0.9312,0.2051,0.2202,67,07/01/2020,06/30/2023
SAMPLE HOSPITAL 1518,101517,SC,READM-30-CABG-HRRP,141,,1.0454,0.1404,0.1343,20,07/01/2020,06/30/2023
SAMPLE HOSPITAL 1518,101517,SC,READM-30-HIP-KNEE-HRRP,49,,0.9455,0.1648,0.1743,8,07/01/2020,06/30/2023
SAMPLE HOSPITAL 1519,101518,FL,READM-30-PN-HRRP,333,,0.9566,0.245,0.2561,82,07/01/2020,06/30/2023
SAMPLE HOSPITAL 1519,101518,FL,READM-30-HF-HRRP,346,,0.9857,0.1975,0.2004,68,07/01/2020,06/30/2023
SAMPLE HOSPITAL 1519,101518,FL,READM-30-COPD-HRRP,204,,0.9834,0.2178,0.2215,44,07/01/2020,06/30/2023
SAMPLE HOSPITAL 1519,101518,FL,READM-30-AMI-HRRP,313,,1.0556,0.174,0.1648,54,07/01/2020,06/30/2023
SAMPLE HOSPITAL 1520,101519,NE,READM-30-HF-HRRP,452,,1.0945,0.265,0.2421,120,07/01/2020,06/30/2023
SAMPLE HOSPITAL 1520,101519,NE,READM-30-HIP-KNEE-HRRP,51,,0.935,0.1674,0.179,9,07/01/2020,06/30/2023
SAMPLE HOSPITAL 1520,101519,NE,READM-30-AMI-HRRP,592,,1.0499,0.2531,0.2411,150,07/01/2020,06/30/2023
SAMPLE HOSPITAL 1520,101519,NE,READM-30-COPD-HRRP,159,,0.991,0.1867,0.1884,30,07/01/2020,06/30/2023
SAMPLE HOSPITAL 1520,101519,NE,READM-30-PN-HRRP,177,,0.9774,0.1701,0.174,30,07/01/2020,06/30/2023
SAMPLE HOSPITAL 1520,101519,NE,READM-30-CABG-HRRP,586,,1.0039,0.1905,0.1898,112,07/01/2020,06/30/2023
SAMPLE HOSPITAL 1521,101520,VA,READM-30-HF-HRRP,1609,,0.9738,0.1866,0.1916,300,07/01/2020,06/30/2023
SAMPLE HOSPITAL 1521,101520,VA,READM-30-HIP-KNEE-HRRP,76,,1.1164,0.242,0.2168,18,07/01/2020,06/30/2023
SAMPLE HOSPITAL 1521,101520,VA,READM-30-CABG-HRRP,128,,0.9993,0.124,0.1241,16,07/01/2020,06/30/2023
SAMPLE HOSPITAL 1521,101520,VA,READM-30-COPD-HRRP,116,,0.8973,0.1488,0.1658,17,07/01/2020,06/30/2023
SAMPLE HOSPITAL 1521,101520,VA,READM-30-PN-HRRP,230,,1.0556,0.1554,0.1472,36,07/01/2020,06/30/2023
SAMPLE HOSPITAL 1522,101521,MA,READM-30-COPD-HRRP,304,,1.1377,0.2135,0.1877,65,07/01/2020,06/30/2023
SAMPLE HOSPITAL 1522,101521,MA,READM-30-HF-HRRP,115,,0.9857,0.1271,0.1289,15,07/01/2020,06/30/2023
SAMPLE HOSPITAL 1522,101521,MA,READM-30-AMI-HRRP,228,,1.0842,0.2674,0.2466,61,07/01/2020,06/30/2023
SAMPLE HOSPITAL 1522,101521,MA,READM-30-CABG-HRRP,140,,0.9455,0.1563,0.1653,22,07/01/2020,06/30/2023
SAMPLE HOSPITAL 1523,101522,AK,READM-30-HIP-KNEE-HRRP,140,,0.9934,0.2327,0.2342,33,07/01/2020,06/30/2023
SAMPLE HOSPITAL 1523,101522,AK,READM-30-PN-HRRP,168,,1.0813,0.2265,0.2095,38,07/01/2020,06/30/2023
SAMPLE HOSPITAL 1523,101522,AK,READM-30-AMI-HRRP,507,,1.0034,0.137,0.1365,69,07/01/2020,06/30/2023
SAMPLE HOSPITAL 1523,101522,AK,READM-30-CABG-HRRP,40,,1.0223,0.2459,0.2405,10,07/01/2020,06/30/2023
SAMPLE HOSPITAL 1523,101522,AK,READM-30-HF-HRRP,419,,1.058,0.1296,0.1225,54,07/01/2020,06/30/2023
SAMPLE HOSPITAL 1523,101522,AK,READM-30-COPD-HRRP,281,,1.0135,0.1669,0.1647,47,07/01/2020,06/30/2023
SAMPLE HOSPITAL 1524,101523,FL,READM-30-AMI-HRRP,128,,0.9878,0.2547,0.2578,33,07/01/2020,06/30/2023
SAMPLE HOSPITAL 1524,101523,FL,READM-30-HF-HRRP,250,,1.0429,0.1815,0.174,45,07/01/2020,06/30/2023
SAMPLE HOSPITAL 1524,101523,FL,READM-30-PN-HRRP,Too Few to Report,1,Too Few to Report,,,,07/01/2020,06/30/2023
SAMPLE HOSPITAL 1524,101523,FL,READM-30-HIP-KNEE-HRRP,160,,1.0083,0.2202,0.2184,35,07/01/2020,06/30/2023
SAMPLE HOSPITAL 1524,101523,FL,READM-30-COPD-HRRP,165,,1.0361,0.1639,0.1582,27,07/01/2020,06/30/2023
SAMPLE HOSPITAL 1524,101523,FL,READM-30-CABG-HRRP,453,,1.0072,0.2575,0.2557,117,07/01/2020,06/30/2023
SAMPLE HOSPITAL 1525,101524,OK,READM-30-PN-HRRP,394,,1.0072,0.2455,0.2437,97,07/01/2020,06/30/2023
SAMPLE HOSPITAL 1525,101524,OK,READM-30-CABG-HRRP,36,,1.0014,0.2135,0.2132,8,07/01/2020,06/30/2023
SAMPLE HOSPITAL 1525,101524,OK,READM-30-COPD-HRRP,218,,0.9874,0.1457,0.1476,32,07/01/2020,06/30/2023
SAMPLE HOSPITAL 1526,101525,GA,READM-30-COPD-HRRP,114,,0.9711,0.2048,0.2109,23,07/01/2020,06/30/2023
SAMPLE HOSPITAL 1526,101525,GA,READM-30-HIP-KNEE-HRRP,296,,1.1107,0.1922,0.173,57,07/01/2020,06/30/2023
SAMPLE HOSPITAL 1526,101525,GA,READM-30-HF-HRRP,224,,1.0,0.216,0.216,48,07/01/2020,06/30/2023
SAMPLE HOSPITAL 1526,101525,GA,READM-30-AMI-HRRP,255,,1.0008,0.2031,0.2029,52,07/01/2020,06/30/2023
SAMPLE HOSPITAL 1526,101525,GA,READM-30-PN-HRRP,70,,1.0231,0.1938,0.1894,14,07/01/2020,06/30/2023
SAMPLE HOSPITAL 1526,101525,GA,READM-30-CABG-HRRP,375,,0.9955,0.2275,0.2285,85,07/01/2020,06/30/2023
SAMPLE HOSPITAL 1527,101526,NC,READM-30-AMI-HRRP,351,,1.0462,0.2531,0.2419,89,07/01/2020,06/30/2023
SAMPLE HOSPITAL 1527,101526,NC,READM-30-CABG-HRRP,267,,1.075,0.2652,0.2467,71,07/01/2020,06/30/2023
SAMPLE HOSPITAL 1527,101526,NC,READM-30-HIP-KNEE-HRRP,279,,1.0158,0.2031,0.1999,57,07/01/2020,06/30/2023
SAMPLE HOSPITAL 1527,101526,NC,READM-30-HF-HRRP,134,,0.9518,0.1818,0.191,24,07/01/2020,06/30/2023
SAMPLE HOSPITAL 1528,101527,IL,READM-30-AMI-HRRP,2364,,0.9433,0.206,0.2184,487,07/01/2020,06/30/2023
SAMPLE HOSPITAL 1528,101527,IL,READM-30-HF-HRRP,70,,1.0137,0.2206,0.2176,15,07/01/2020,06/30/2023
SAMPLE HOSPITAL 1528,101527,IL,READM-30-HIP-KNEE-HRRP,237,,1.129,0.1614,0.143,38,07/01/2020,06/30/2023
SAMPLE HOSPITAL 1529,101528,KY,READM-30-AMI-HRRP,98,,0.9516,0.2174,0.2285,21,07/01/2020,06/30/2023
SAMPLE HOSPITAL 1529,101528,KY,READM-30-CABG-HRRP,126,,1.0531,0.1305,0.1239,16,07/01/2020,06/30/2023
SAMPLE HOSPITAL 1529,101528,KY,READM-30-COPD-HRRP,373,,1.0329,0.1528,0.1479,57,07/01/2020,06/30/2023
SAMPLE HOSPITAL 1529,101528,KY,READM-30-HF-HRRP,648,,0.9166,0.1881,0.2052,122,07/01/2020,06/30/2023
SAMPLE HOSPITAL 1530,101529,TX,READM-30-CABG-HRRP,47,,1.0524,0.1381,0.1312,6,07/01/2020,06/30/2023
SAMPLE HOSPITAL 1530,101529,TX,READM-30-PN-HRRP,80,,0.9923,0.1511,0.1523,12,07/01/2020,06/30/2023
SAMPLE HOSPITAL 1530,101529,TX,READM-30-COPD-HRRP,Too Few to Report,1,Too Few to Report,,,,07/01/2020,06/30/2023
SAMPLE HOSPITAL 1530,101529,TX,READM-30-HIP-KNEE-HRRP,321,,0.9687,0.2148,0.2217,69,07/01/2020,06/30/2023
SAMPLE HOSPITAL 1531,101530,MA,READM-30-COPD-HRRP,232,,1.0996,0.2544,0.2314,59,07/01/2020,06/30/2023
SAMPLE HOSPITAL 1531,101530,MA,READM-30-AMI-HRRP,Too Few to Report,1,Too Few to Report,,,,07/01/2020,06/30/2023
SAMPLE HOSPITAL 1531,101530,MA,READM-30-HF-HRRP,231,,1.0621,0.1748,0.1646,40,07/01/2020,06/30/2023
SAMPLE HOSPITAL 1532,101531,WA,READM-30-HIP-KNEE-HRRP,410,,1.0785,0.1926,0.1786,79,07/01/2020,06/30/2023
SAMPLE HOSPITAL 1532,101531,WA,READM-30-AMI-HRRP,50,,1.0087,0.177,0.1755,9,07/01/2020,06/30/2023
SAMPLE HOSPITAL 1532,101531,WA,READM-30-PN-HRRP,106,,1.048,0.2533,0.2417,27,07/01/2020,06/30/2023
SAMPLE HOSPITAL 1532,101531,WA,READM-30-CABG-HRRP,90,,1.074,0.1688,0.1572,15,07/01/2020,06/30/2023
SAMPLE HOSPITAL 1532,101531,WA,READM-30-COPD-HRRP,149,,1.0675,0.1366,0.128,20,07/01/2020,06/30/2023
SAMPLE HOSPITAL 1532,101531,WA,READM-30-HF-HRRP,54,,1.107,0.234,0.2114,13,07/01/2020,06/30/2023
SAMPLE HOSPITAL 1533,101532,VA,READM-30-AMI-HRRP,154,,0.9695,0.136,0.1403,21,07/01/2020,06/30/2023
SAMPLE HOSPITAL 1533,101532,VA,READM-30-CABG-HRRP,188,,0.8697,0.2131,0.245,40,07/01/2020,06/30/2023
SAMPLE HOSPITAL 1533,101532,VA,READM-30-PN-HRRP,123,,0.88,0.1491,0.1694,18,07/01/2020,06/30/2023
SAMPLE HOSPITAL 1533,101532,VA,READM-30-COPD-HRRP,453,,0.9559,0.1338,0.14,61,07/01/2020,06/30/2023
SAMPLE HOSPITAL 1534,101533,GA,READM-30-HF-HRRP,60,,0.9702,0.214,0.2206,13,07/01/2020,06/30/2023
SAMPLE HOSPITAL 1534,101533,GA,READM-30-AMI-HRRP,49,,0.999,0.2503,0.2506,12,07/01/2020,06/30/2023
SAMPLE HOSPITAL 1534,101533,GA,READM-30-HIP-KNEE-HRRP,199,,1.0136,0.1495,0.1475,30,07/01/2020,06/30/2023
SAMPLE HOSPITAL 1534,101533,GA,READM-30-CABG-HRRP,163,,1.0966,0.1769,0.1613,29,07/01/2020,06/30/2023
SAMPLE HOSPITAL 1534,101533,GA,READM-30-PN-HRRP,32,,0.9445,0.2204,0.2333,7,07/01/2020,06/30/2023
SAMPLE HOSPITAL 1535,101534,SD,READM-30-AMI-HRRP,55,,0.9861,0.132,0.1339,7,07/01/2020,06/30/2023
SAMPLE HOSPITAL 1535,101534,SD,READM-30-COPD-HRRP,483,,0.9511,0.1533,0.1612,74,07/01/2020,06/30/2023
SAMPLE HOSPITAL 1535,101534,SD,READM-30-HF-HRRP,162,,1.0223,0.1451,0.1419,24,07/01/2020,06/30/2023
SAMPLE HOSPITAL 1535,101534,SD,READM-30-PN-HRRP,1153,,1.0589,0.1711,0.1616,197,07/01/2020,06/30/2023
SAMPLE HOSPITAL 1536,101535,MA,READM-30-HIP-KNEE-HRRP,167,,0.9228,0.2325,0.2519,39,07/01/2020,06/30/2023
SAMPLE HOSPITAL 1536,101535,MA,READM-30-AMI-HRRP,291,,0.9457,0.121,0.1279,35,07/01/2020,06/30/2023
SAMPLE HOSPITAL 1536,101535,MA,READM-30-PN-HRRP,102,,1.0228,0.1351,0.1321,14,07/01/2020,06/30/2023
SAMPLE HOSPITAL 1536,101535,MA,READM-30-COPD-HRRP,560,,0.895,0.2134,0.2384,120,07/01/2020,06/30/2023
SAMPLE HOSPITAL 1536,101535,MA,READM-30-CABG-HRRP,Too Few to Report,1,Too Few to Report,,,,07/01/2020,06/30/2023
SAMPLE HOSPITAL 1536,101535,MA,READM-30-HF-HRRP,175,,1.0563,0.1692,0.1602,30,07/01/2020,06/30/2023
SAMPLE HOSPITAL 1537,101536,KS,READM-30-HF-HRRP,1263,,1.0445,0.1264,0.121,160,07/01/2020,06/30/2023
SAMPLE HOSPITAL 1537,101536,KS,READM-30-HIP-KNEE-HRRP,350,,1.0339,0.1844,0.1784,65,07/01/2020,06/30/2023
SAMPLE HOSPITAL 1537,101536,KS,READM-30-PN-HRRP,186,,1.0527,0.2121,0.2015,39,07/01/2020,06/30/2023
SAMPLE HOSPITAL 1537,101536,KS,READM-30-AMI-HRRP,355,,1.0892,0.225,0.2066,80,07/01/2020,06/30/2023
SAMPLE HOSPITAL 1537,101536,KS,READM-30-CABG-HRRP,447,,0.9593,0.2118,0.2208,95,07/01/2020,06/30/2023
SAMPLE HOSPITAL 1537,101536,KS,READM-30-COPD-HRRP,120,,0.9931,0.125,0.1259,15,07/01/2020,06/30/2023
SAMPLE HOSPITAL 1538,101537,RI,READM-30-CABG-HRRP,111,,0.9092,0.1212,0.1333,13,07/01/2020,06/30/2023
SAMPLE HOSPITAL 1538,101537,RI,READM-30-AMI-HRRP,337,,0.9503,0.2354,0.2477,79,07/01/2020,06/30/2023
SAMPLE HOSPITAL 1538,101537,RI,READM-30-PN-HRRP,320,,1.0174,0.1617,0.1589,52,07/01/2020,06/30/2023
SAMPLE HOSPITAL 1539,101538,WI,READM-30-AMI-HRRP,43,,1.0606,0.2661,0.2509,11,07/01/2020,06/30/2023
SAMPLE HOSPITAL 1539,101538,WI,READM-30-PN-HRRP,546,,0.9855,0.209,0.2121,114,07/01/2020,06/30/2023
SAMPLE HOSPITAL 1539,101538,WI,READM-30-HIP-KNEE-HRRP,201,,0.8362,0.2152,0.2574,43,07/01/2020,06/30/2023
SAMPLE HOSPITAL 1539,101538,WI,READM-30-HF-HRRP,302,,0.9845,0.1261,0.1281,38,07/01/2020,06/30/2023
SAMPLE HOSPITAL 1539,101538,WI,READM-30-COPD-HRRP,662,,0.8898,0.152,0.1708,101,07/01/2020,06/30/2023
SAMPLE HOSPITAL 1539,101538,WI,READM-30-CABG-HRRP,150,,0.9416,0.2359,0.2505,35,07/01/2020,06/30/2023
SAMPLE HOSPITAL 1540,101539,FL,READM-30-HF-HRRP,65,,1.064,0.2156,0.2026,14,07/01/2020,06/30/2023
SAMPLE HOSPITAL 1540,101539,FL,READM-30-CABG-HRRP,680,,0.9814,0.2307,0.2351,157,07/01/2020,06/30/2023
SAMPLE HOSPITAL 1540,101539,FL,READM-30-HIP-KNEE-HRRP,251,,0.9983,0.2031,0.2034,51,07/01/2020,06/30/2023
SAMPLE HOSPITAL 1541,101540,AZ,READM-30-HF-HRRP,37,,1.0258,0.1631,0.159,6,07/01/2020,06/30/2023
SAMPLE HOSPITAL 1541,101540,AZ,READM-30-HIP-KNEE-HRRP,130,,1.0337,0.2517,0.2435,33,07/01/2020,06/30/2023
SAMPLE HOSPITAL 1541,101540,AZ,READM-30-COPD-HRRP,117,,1.0792,0.2686,0.2489,31,07/01/2020,06/30/2023
SAMPLE HOSPITAL 1542,101541,UT,READM-30-COPD-HRRP,751,,1.0222,0.2055,0.201,154,07/01/2020,06/30/2023
SAMPLE HOSPITAL 1542,101541,UT,READM-30-AMI-HRRP,442,,1.0064,0.1894,0.1882,84,07/01/2020,06/30/2023
SAMPLE HOSPITAL 1542,101541,UT,READM-30-HIP-KNEE-HRRP,575,,1.0323,0.1467,0.1421,84,07/01/2020,06/30/2023
SAMPLE HOSPITAL 1542,101541,UT,READM-30-CABG-HRRP,417,,1.0623,0.2188,0.206,91,07/01/2020,06/30/2023
SAMPLE HOSPITAL 1542,101541,UT,READM-30-PN-HRRP,166,,1.0546,0.174,0.165,29,07/01/2020,06/30/2023
SAMPLE HOSPITAL 1542,101541,UT,READM-30-HF-HRRP,53,,0.9752,0.2207,0.2263,12,07/01/2020,06/30/2023
SAMPLE HOSPITAL 1543,101542,IL,READM-30-HIP-KNEE-HRRP,390,,1.0283,0.259,0.2519,101,07/01/2020,06/30/2023
SAMPLE HOSPITAL 1543,101542,IL,READM-30-HF-HRRP,160,,1.0202,0.1408,0.138,23,07/01/2020,06/30/2023
SAMPLE HOSPITAL 1543,101542,IL,READM-30-CABG-HRRP,71,,0.9938,0.1382,0.1391,10,07/01/2020,06/30/2023
SAMPLE HOSPITAL 1543,101542,IL,READM-30-COPD-HRRP,1317,,1.0962,0.254,0.2317,335,07/01/2020,06/30/2023
SAMPLE HOSPITAL 1543,101542,IL,READM-30-AMI-HRRP,34,,0.9618,0.1921,0.1997,7,07/01/2020,06/30/2023
SAMPLE HOSPITAL 1543,101542,IL,READM-30-PN-HRRP,241,,0.9841,0.2364,0.2402,57,07/01/2020,06/30/2023
SAMPLE HOSPITAL 1544,101543,DE,READM-30-AMI-HRRP,145,,1.2004,0.278,0.2316,40,07/01/2020,06/30/2023
SAMPLE HOSPITAL 1544,101543,DE,READM-30-CABG-HRRP,293,,0.9186,0.2009,0.2187,59,07/01/2020,06/30/2023
SAMPLE HOSPITAL 1544,101543,DE,READM-30-HF-HRRP,273,,1.1054,0.1896,0.1715,52,07/01/2020,06/30/2023
SAMPLE HOSPITAL 1545,101544,WY,READM-30-AMI-HRRP,305,,1.0137,0.2508,0.2474,76,07/01/2020,06/30/2023
SAMPLE HOSPITAL 1545,101544,WY,READM-30-HF-HRRP,177,,0.8584,0.1446,0.1685,26,07/01/2020,06/30/2023
SAMPLE HOSPITAL 1545,101544,WY,READM-30-CABG-HRRP,139,,0.9035,0.1685,0.1865,23,07/01/2020,06/30/2023
SAMPLE HOSPITAL 1546,101545,AR,READM-30-PN-HRRP,120,,0.9961,0.1965,0.1973,24,07/01/2020,06/30/2023
SAMPLE HOSPITAL 1546,101545,AR,READM-30-CABG-HRRP,1845,,1.0558,0.1796,0.1701,331,07/01/2020,06/30/2023
SAMPLE HOSPITAL 1546,101545,AR,READM-30-HIP-KNEE-HRRP,67,,0.9949,0.1814,0.1823,12,07/01/2020,06/30/2023
SAMPLE HOSPITAL 1547,101546,WA,READM-30-AMI-HRRP,232,,1.0457,0.225,0.2152,52,07/01/2020,06/30/2023
SAMPLE HOSPITAL 1547,101546,WA,READM-30-COPD-HRRP,78,,0.8615,0.121,0.1404,9,07/01/2020,06/30/2023
SAMPLE HOSPITAL 1547,101546,WA,READM-30-CABG-HRRP,52,,0.9275,0.1763,0.1901,9,07/01/2020,06/30/2023
SAMPLE HOSPITAL 1547,101546,WA,READM-30-HF-HRRP,64,,0.9768,0.1699,0.1739,11,07/01/2020,06/30/2023
SAMPLE HOSPITAL 1547,101546,WA,READM-30-HIP-KNEE-HRRP,64,,1.002,0.1313,0.131,8,07/01/2020,06/30/2023
SAMPLE HOSPITAL 1548,101547,AR,READM-30-HIP-KNEE-HRRP,147,,1.2021,0.2212,0.184,33,07/01/2020,06/30/2023
SAMPLE HOSPITAL 1548,101547,AR,READM-30-PN-HRRP,218,,1.0905,0.2667,0.2446,58,07/01/2020,06/30/2023
SAMPLE HOSPITAL 1548,101547,AR,READM-30-AMI-HRRP,209,,0.9676,0.2243,0.2318,47,07/01/2020,06/30/2023
SAMPLE HOSPITAL 1548,101547,AR,READM-30-HF-HRRP,106,,1.0193,0.1947,0.191,21,07/01/2020,06/30/2023
SAMPLE HOSPITAL 1549,101548,NH,READM-30-HIP-KNEE-HRRP,133,,1.0302,0.2524,0.245,34,07/01/2020,06/30/2023
SAMPLE HOSPITAL 1549,101548,NH,READM-30-PN-HRRP,60,,1.0031,0.2293,0.2286,14,07/01/2020,06/30/2023
SAMPLE HOSPITAL 1549,101548,NH,READM-30-HF-HRRP,65,,1.0448,0.1516,0.1451,10,07/01/2020,06/30/2023
SAMPLE HOSPITAL 1550,101549,AZ,READM-30-PN-HRRP,40,,1.0024,0.2178,0.2173,9,07/01/2020,06/30/2023
SAMPLE HOSPITAL 1550,101549,AZ,READM-30-AMI-HRRP,77,,0.894,0.2017,0.2256,16,07/01/2020,06/30/2023
SAMPLE HOSPITAL 1550,101549,AZ,READM-30-COPD-HRRP,50,,0.9956,0.2044,0.2053,10,07/01/2020,06/30/2023
SAMPLE HOSPITAL 1550,101549,AZ,READM-30-CABG-HRRP,490,,1.0693,0.1681,0.1572,82,07/01/2020,06/30/2023
SAMPLE HOSPITAL 1550,101549,AZ,READM-30-HIP-KNEE-HRRP,459,,1.0214,0.1391,0.1362,64,07/01/2020,06/30/2023
SAMPLE HOSPITAL 1550,101549,AZ,READM-30-HF-HRRP,211,,1.0556,0.2337,0.2214,49,07/01/2020,06/30/2023
SAMPLE HOSPITAL 1551,101550,WY,READM-30-HIP-KNEE-HRRP,184,,0.9026,0.1694,0.1877,31,07/01/2020,06/30/2023
SAMPLE HOSPITAL 1551,101550,WY,READM-30-AMI-HRRP,81,,1.0095,0.2319,0.2297,19,07/01/2020,06/30/2023
SAMPLE HOSPITAL 1551,101550,WY,READM-30-HF-HRRP,245,,1.0287,0.2075,0.2017,51,07/01/2020,06/30/2023
SAMPLE HOSPITAL 1552,101551,AL,READM-30-PN-HRRP,159,,0.7998,0.1579,0.1974,25,07/01/2020,06/30/2023
SAMPLE HOSPITAL 1552,101551,AL,READM-30-AMI-HRRP,226,,0.985,0.2394,0.243,54,07/01/2020,06/30/2023
SAMPLE HOSPITAL 1552,101551,AL,READM-30-COPD-HRRP,53,,0.9217,0.1895,0.2056,10,07/01/2020,06/30/2023
SAMPLE HOSPITAL 1553,101552,VT,READM-30-HIP-KNEE-HRRP,280,,1.0028,0.1863,0.1858,52,07/01/2020,06/30/2023
SAMPLE HOSPITAL 1553,101552,VT,READM-30-CABG-HRRP,103,,0.9282,0.1329,0.1432,14,07/01/2020,06/30/2023
SAMPLE HOSPITAL 1553,101552,VT,READM-30-HF-HRRP,829,,0.932,0.2043,0.2192,169,07/01/2020,06/30/2023
SAMPLE HOSPITAL 1553,101552,VT,READM-30-COPD-HRRP,261,,0.9811,0.1795,0.183,47,07/01/2020,06/30/2023
SAMPLE HOSPITAL 1553,101552,VT,READM-30-PN-HRRP,283,,0.9232,0.1977,0.2142,56,07/01/2020,06/30/2023
SAMPLE HOSPITAL 1554,101553,FL,READM-30-AMI-HRRP,157,,1.113,0.2688,0.2415,42,07/01/2020,06/30/2023
SAMPLE HOSPITAL 1554,101553,FL,READM-30-HF-HRRP,129,,1.0269,0.2487,0.2422,32,07/01/2020,06/30/2023
SAMPLE HOSPITAL 1554,101553,FL,READM-30-CABG-HRRP,98,,1.0057,0.1798,0.1788,18,07/01/2020,06/30/2023
SAMPLE HOSPITAL 1554,101553,FL,READM-30-PN-HRRP,52,,0.9968,0.1798,0.1804,9,07/01/2020,06/30/2023
SAMPLE HOSPITAL 1555,101554,NV,READM-30-HF-HRRP,109,,1.0741,0.2286,0.2128,25,07/01/2020,06/30/2023
SAMPLE HOSPITAL 1555,101554,NV,READM-30-AMI-HRRP,117,,0.9872,0.1198,0.1214,14,07/01/2020,06/30/2023
SAMPLE HOSPITAL 1555,101554,NV,READM-30-CABG-HRRP,181,,0.9556,0.2443,0.2556,44,07/01/2020,06/30/2023
SAMPLE HOSPITAL 1555,101554,NV,READM-30-COPD-HRRP,181,,0.9958,0.2258,0.2268,41,07/01/2020,06/30/2023
SAMPLE HOSPITAL 1556,101555,NM,READM-30-HF-HRRP,113,,1.1065,0.1594,0.1441,18,07/01/2020,06/30/2023
SAMPLE HOSPITAL 1556,101555,NM,READM-30-PN-HRRP,35,,0.8879,0.1726,0.1944,6,07/01/2020,06/30/2023
SAMPLE HOSPITAL 1556,101555,NM,READM-30-HIP-KNEE-HRRP,122,,0.9219,0.2354,0.2553,29,07/01/2020,06/30/2023
SAMPLE HOSPITAL 1557,101556,NV,READM-30-COPD-HRRP,255,,1.06,0.1714,0.1617,44,07/01/2020,06/30/2023
SAMPLE HOSPITAL 1557,101556,NV,READM-30-CABG-HRRP,353,,1.0056,0.2319,0.2306,82,07/01/2020,06/30/2023
SAMPLE HOSPITAL 1557,101556,NV,READM-30-HIP-KNEE-HRRP,119,,0.9958,0.2501,0.2512,30,07/01/2020,06/30/2023
SAMPLE HOSPITAL 1557,101556,NV,READM-30-PN-HRRP,248,,1.0368,0.1839,0.1774,46,07/01/2020,06/30/2023
SAMPLE HOSPITAL 1558,101557,MI,READM-30-HF-HRRP,55,,1.0585,0.2252,0.2128,12,07/01/2020,06/30/2023
SAMPLE HOSPITAL 1558,101557,MI,READM-30-COPD-HRRP,307,,1.0613,0.1937,0.1825,59,07/01/2020,06/30/2023
SAMPLE HOSPITAL 1558,101557,MI,READM-30-AMI-HRRP,400,,0.9835,0.1904,0.1936,76,07/01/2020,06/30/2023
SAMPLE HOSPITAL 1559,101558,DE,READM-30-PN-HRRP,1566,,0.9705,0.1911,0.1969,299,07/01/2020,06/30/2023
SAMPLE HOSPITAL 1559,101558,DE,READM-30-HF-HRRP,61,,1.0529,0.1401,0.1331,9,07/01/2020,06/30/2023
SAMPLE HOSPITAL 1559,101558,DE,READM-30-COPD-HRRP,127,,1.1629,0.1685,0.1449,21,07/01/2020,06/30/2023
SAMPLE HOSPITAL 1560,101559,MD,READM-30-HF-HRRP,145,,0.8406,0.1139,0.1355,17,07/01/2020,06/30/2023
SAMPLE HOSPITAL 1560,101559,MD,READM-30-PN-HRRP,144,,1.025,0.1314,0.1282,19,07/01/2020,06/30/2023
SAMPLE HOSPITAL 1560,101559,MD,READM-30-AMI-HRRP,453,,0.9276,0.121,0.1304,55,07/01/2020,06/30/2023
SAMPLE HOSPITAL 1561,101560,FL,READM-30-PN-HRRP,770,,1.0049,0.141,0.1403,109,07/01/2020,06/30/2023
SAMPLE HOSPITAL 1561,101560,FL,READM-30-AMI-HRRP,311,,0.984,0.1605,0.1631,50,07/01/2020,06/30/2023
SAMPLE HOSPITAL 1561,101560,FL,READM-30-HF-HRRP,1305,,1.0113,0.1654,0.1636,216,07/01/2020,06/30/2023
SAMPLE HOSPITAL 1562,101561,WV,READM-30-CABG-HRRP,225,,1.0294,0.2248,0.2184,51,07/01/2020,06/30/2023
SAMPLE HOSPITAL 1562,101561,WV,READM-30-HIP-KNEE-HRRP,205,,0.9111,0.1994,0.2189,41,07/01/2020,06/30/2023
SAMPLE HOSPITAL 1562,101561,WV,READM-30-HF-HRRP,201,,0.8804,0.1636,0.1858,33,07/01/2020,06/30/2023
SAMPLE HOSPITAL 1562,101561,WV,READM-30-COPD-HRRP,28,,1.046,0.1719,0.1643,5,07/01/2020,06/30/2023
SAMPLE HOSPITAL 1562,101561,WV,READM-30-PN-HRRP,163,,1.0282,0.1773,0.1724,29,07/01/2020,06/30/2023
SAMPLE HOSPITAL 1563,101562,WA,READM-30-AMI-HRRP,365,,0.8973,0.1585,0.1766,58,07/01/2020,06/30/2023
SAMPLE HOSPITAL 1563,101562,WA,READM-30-COPD-HRRP,28,,0.9553,0.2256,0.2362,6,07/01/2020,06/30/2023
SAMPLE HOSPITAL 1563,101562,WA,READM-30-PN-HRRP,360,,0.9301,0.2173,0.2336,78,07/01/2020,06/30/2023
SAMPLE HOSPITAL 1564,101563,CO,READM-30-HIP-KNEE-HRRP,75,,0.9358,0.2134,0.228,16,07/01/2020,06/30/2023
SAMPLE HOSPITAL 1564,101563,CO,READM-30-COPD-HRRP,38,,1.0775,0.2291,0.2126,9,07/01/2020,06/30/2023
SAMPLE HOSPITAL 1564,101563,CO,READM-30-CABG-HRRP,163,,0.9336,0.1456,0.156,24,07/01/2020,06/30/2023
SAMPLE HOSPITAL 1565,101564,ND,READM-30-HF-HRRP,131,,0.97,0.1257,0.1296,16,07/01/2020,06/30/2023
SAMPLE HOSPITAL 1565,101564,ND,READM-30-HIP-KNEE-HRRP,418,,1.0178,0.1237,0.1215,52,07/01/2020,06/30/2023
SAMPLE HOSPITAL 1565,101564,ND,READM-30-COPD-HRRP,587,,1.0574,0.2264,0.2141,133,07/01/2020,06/30/2023
SAMPLE HOSPITAL 1565,101564,ND,READM-30-CABG-HRRP,105,,1.1154,0.227,0.2035,24,07/01/2020,06/30/2023
SAMPLE HOSPITAL 1565,101564,ND,READM-30-PN-HRRP,27,,0.9805,0.1553,0.1584,4,07/01/2020,06/30/2023
SAMPLE HOSPITAL 1566,101565,NH,READM-30-HIP-KNEE-HRRP,155,,1.032,0.2313,0.2241,36,07/01/2020,06/30/2023
SAMPLE HOSPITAL 1566,101565,NH,READM-30-CABG-HRRP,235,,0.9912,0.2034,0.2052,48,07/01/2020,06/30/2023
SAMPLE HOSPITAL 1566,101565,NH,READM-30-COPD-HRRP,229,,1.0962,0.2017,0.184,46,07/01/2020,06/30/2023
SAMPLE HOSPITAL 1566,101565,NH,READM-30-HF-HRRP,194,,0.9715,0.1856,0.191,36,07/01/2020,06/30/2023
SAMPLE HOSPITAL 1566,101565,NH,READM-30-AMI-HRRP,433,,1.0057,0.1242,0.1235,54,07/01/2020,06/30/2023
SAMPLE HOSPITAL 1567,101566,RI,READM-30-PN-HRRP,211,,1.0616,0.1445,0.1361,30,07/01/2020,06/30/2023
SAMPLE HOSPITAL 1567,101566,RI,READM-30-HF-HRRP,756,,0.9103,0.1114,0.1224,84,07/01/2020,06/30/2023
SAMPLE HOSPITAL 1567,101566,RI,READM-30-AMI-HRRP,312,,0.9868,0.1522,0.1542,47,07/01/2020,06/30/2023
SAMPLE HOSPITAL 1568,101567,VT,READM-30-HF-HRRP,142,,0.9202,0.1726,0.1876,25,07/01/2020,06/30/2023
SAMPLE HOSPITAL 1568,101567,VT,READM-30-HIP-KNEE-HRRP,490,,0.9064,0.1957,0.2159,96,07/01/2020,06/30/2023
SAMPLE HOSPITAL 1568,101567,VT,READM-30-PN-HRRP,327,,1.0179,0.2498,0.2454,82,07/01/2020,06/30/2023
SAMPLE HOSPITAL 1568,101567,VT,READM-30-COPD-HRRP,272,,1.0802,0.1379,0.1277,38,07/01/2020,06/30/2023
SAMPLE HOSPITAL 1568,101567,VT,READM-30-CABG-HRRP,358,,0.9939,0.2435,0.245,87,07/01/2020,06/30/2023
SAMPLE HOSPITAL 1568,101567,VT,READM-30-AMI-HRRP,58,,1.0225,0.2175,0.2127,13,07/01/2020,06/30/2023
SAMPLE HOSPITAL 1569,101568,DE,READM-30-CABG-HRRP,47,,1.1378,0.2346,0.2062,11,07/01/2020,06/30/2023
SAMPLE HOSPITAL 1569,101568,DE,READM-30-COPD-HRRP,89,,1.1022,0.2659,0.2412,24,07/01/2020,06/30/2023
SAMPLE HOSPITAL 1569,101568,DE,READM-30-HIP-KNEE-HRRP,170,,0.9835,0.1208,0.1228,21,07/01/2020,06/30/2023
SAMPLE HOSPITAL 1569,101568,DE,READM-30-AMI-HRRP,367,,0.9466,0.2433,0.257,89,07/01/2020,06/30/2023
SAMPLE HOSPITAL 1569,101568,DE,READM-30-PN-HRRP,332,,1.0821,0.2173,0.2008,72,07/01/2020,06/30/2023
SAMPLE HOSPITAL 1569,101568,DE,READM-30-HF-HRRP,209,,0.9645,0.244,0.253,51,07/01/2020,06/30/2023
SAMPLE HOSPITAL 1570,101569,VA,READM-30-HIP-KNEE-HRRP,110,,1.197,0.2513,0.2099,28,07/01/2020,06/30/2023
SAMPLE HOSPITAL 1570,101569,VA,READM-30-CABG-HRRP,136,,1.1506,0.1557,0.1353,21,07/01/2020,06/30/2023
SAMPLE HOSPITAL 1570,101569,VA,READM-30-PN-HRRP,80,,0.9603,0.2115,0.2202,17,07/01/2020,06/30/2023
SAMPLE HOSPITAL 1570,101569,VA,READM-30-COPD-HRRP,558,,0.9437,0.1679,0.1779,94,07/01/2020,06/30/2023
SAMPLE HOSPITAL 1570,101569,VA,READM-30-AMI-HRRP,981,,1.087,0.2762,0.2541,271,07/01/2020,06/30/2023
SAMPLE HOSPITAL 1571,101570,MA,READM-30-AMI-HRRP,384,,1.0645,0.1313,0.1233,50,07/01/2020,06/30/2023
SAMPLE HOSPITAL 1571,101570,MA,READM-30-COPD-HRRP,116,,1.0164,0.2234,0.2198,26,07/01/2020,06/30/2023
SAMPLE HOSPITAL 1571,101570,MA,READM-30-HF-HRRP,1060,,1.0203,0.2386,0.2339,253,07/01/2020,06/30/2023
SAMPLE HOSPITAL 1571,101570,MA,READM-30-CABG-HRRP,371,,0.9082,0.1992,0.2193,74,07/01/2020,06/30/2023
SAMPLE HOSPITAL 1572,101571,SD,READM-30-HF-HRRP,95,,0.9414,0.1803,0.1915,17,07/01/2020,06/30/2023
SAMPLE HOSPITAL 1572,101571,SD,READM-30-HIP-KNEE-HRRP,759,,0.9254,0.2004,0.2166,152,07/01/2020,06/30/2023
SAMPLE HOSPITAL 1572,101571,SD,READM-30-AMI-HRRP,80,,1.029,0.1329,0.1292,11,07/01/2020,06/30/2023
SAMPLE HOSPITAL 1573,101572,CT,READM-30-AMI-HRRP,68,,0.9632,0.1921,0.1994,13,07/01/2020,06/30/2023
SAMPLE HOSPITAL 1573,101572,CT,READM-30-HIP-KNEE-HRRP,550,,1.1104,0.1663,0.1498,91,07/01/2020,06/30/2023
SAMPLE HOSPITAL 1573,101572,CT,READM-30-HF-HRRP,180,,0.9096,0.1596,0.1755,29,07/01/2020,06/30/2023
SAMPLE HOSPITAL 1573,101572,CT,READM-30-COPD-HRRP,236,,1.0322,0.2002,0.194,47,07/01/2020,06/30/2023
SAMPLE HOSPITAL 1573,101572,CT,READM-30-CABG-HRRP,92,,0.9813,0.2285,0.2329,21,07/01/2020,06/30/2023
SAMPLE HOSPITAL 1574,101573,WI,READM-30-PN-HRRP,270,,1.0713,0.1478,0.138,40,07/01/2020,06/30/2023
SAMPLE HOSPITAL 1574,101573,WI,READM-30-HF-HRRP,211,,1.0405,0.2435,0.234,51,07/01/2020,06/30/2023
SAMPLE HOSPITAL 1574,101573,WI,READM-30-CABG-HRRP,798,,1.027,0.1952,0.1901,156,07/01/2020,06/30/2023
SAMPLE HOSPITAL 1574,101573,WI,READM-30-HIP-KNEE-HRRP,595,,0.9977,0.2123,0.2128,126,07/01/2020,06/30/2023
SAMPLE HOSPITAL 1574,101573,WI,READM-30-COPD-HRRP,146,,0.9559,0.203,0.2124,30,07/01/2020,06/30/2023
SAMPLE HOSPITAL 1574,101573,WI,READM-30-AMI-HRRP,543,,1.0263,0.2308,0.2249,125,07/01/2020,06/30/2023
SAMPLE HOSPITAL 1575,101574,SC,READM-30-CABG-HRRP,107,,1.0579,0.2191,0.2071,23,07/01/2020,06/30/2023
SAMPLE HOSPITAL 1575,101574,SC,READM-30-AMI-HRRP,331,,0.945,0.1704,0.1803,56,07/01/2020,06/30/2023
SAMPLE HOSPITAL 1575,101574,SC,READM-30-HIP-KNEE-HRRP,628,,0.9304,0.186,0.1999,117,07/01/2020,06/30/2023
SAMPLE HOSPITAL 1575,101574,SC,READM-30-HF-HRRP,216,,1.0044,0.251,0.2499,54,07/01/2020,06/30/2023
SAMPLE HOSPITAL 1575,101574,SC,READM-30-PN-HRRP,38,,0.8928,0.1875,0.21,7,07/01/2020,06/30/2023
SAMPLE HOSPITAL 1575,101574,SC,READM-30-COPD-HRRP,125,,1.0159,0.2518,0.2479,31,07/01/2020,06/30/2023
SAMPLE HOSPITAL 1576,101575,AR,READM-30-AMI-HRRP,65,,1.0029,0.128,0.1276,8,07/01/2020,06/30/2023
SAMPLE HOSPITAL 1576,101575,AR,READM-30-HF-HRRP,192,,0.8816,0.1906,0.2162,37,07/01/2020,06/30/2023
SAMPLE HOSPITAL 1576,101575,AR,READM-30-CABG-HRRP,170,,1.0631,0.2392,0.225,41,07/01/2020,06/30/2023
SAMPLE HOSPITAL 1576,101575,AR,READM-30-PN-HRRP,613,,0.9663,0.2084,0.2157,128,07/01/2020,06/30/2023
SAMPLE HOSPITAL 1576,101575,AR,READM-30-HIP-KNEE-HRRP,283,,1.0053,0.1374,0.1367,39,07/01/2020,06/30/2023
SAMPLE HOSPITAL 1576,101575,AR,READM-30-COPD-HRRP,1587,,1.0354,0.1429,0.138,227,07/01/2020,06/30/2023
SAMPLE HOSPITAL 1577,101576,SD,READM-30-HIP-KNEE-HRRP,88,,0.9661,0.1917,0.1984,17,07/01/2020,06/30/2023
SAMPLE HOSPITAL 1577,101576,SD,READM-30-COPD-HRRP,472,,1.0016,0.1426,0.1424,67,07/01/2020,06/30/2023
SAMPLE HOSPITAL 1577,101576,SD,READM-30-CABG-HRRP,171,,0.9851,0.2437,0.2474,42,07/01/2020,06/30/2023
SAMPLE HOSPITAL 1577,101576,SD,READM-30-AMI-HRRP,291,,0.8846,0.1855,0.2097,54,07/01/2020,06/30/2023
SAMPLE HOSPITAL 1578,101577,GA,READM-30-HF-HRRP,58,,1.1076,0.2003,0.1808,12,07/01/2020,06/30/2023
SAMPLE HOSPITAL 1578,101577,GA,READM-30-COPD-HRRP,121,,1.0565,0.167,0.1581,20,07/01/2020,06/30/2023
SAMPLE HOSPITAL 1578,101577,GA,READM-30-AMI-HRRP,52,,0.9514,0.1436,0.1509,7,07/01/2020,06/30/2023
SAMPLE HOSPITAL 1578,101577,GA,READM-30-HIP-KNEE-HRRP,192,,0.935,0.1719,0.1838,33,07/01/2020,06/30/2023
SAMPLE HOSPITAL 1578,101577,GA,READM-30-CABG-HRRP,73,,0.9481,0.1193,0.1258,9,07/01/2020,06/30/2023
SAMPLE HOSPITAL 1578,101577,GA,READM-30-PN-HRRP,100,,1.0259,0.1443,0.1407,14,07/01/2020,06/30/2023
SAMPLE HOSPITAL 1579,101578,CA,READM-30-HIP-KNEE-HRRP,283,,1.0296,0.1294,0.1257,37,07/01/2020,06/30/2023
SAMPLE HOSPITAL 1579,101578,CA,READM-30-HF-HRRP,133,,0.9949,0.1966,0.1976,26,07/01/2020,06/30/2023
SAMPLE HOSPITAL 1579,101578,CA,READM-30-PN-HRRP,44,,1.0517,0.1751,0.1665,8,07/01/2020,06/30/2023
SAMPLE HOSPITAL 1579,101578,CA,READM-30-AMI-HRRP,313,,1.0004,0.1986,0.1985,62,07/01/2020,06/30/2023
SAMPLE HOSPITAL 1579,101578,CA,READM-30-CABG-HRRP,441,,1.1217,0.1467,0.1308,65,07/01/2020,06/30/2023
SAMPLE HOSPITAL 1579,101578,CA,READM-30-COPD-HRRP,128,,1.0716,0.1426,0.1331,18,07/01/2020,06/30/2023
SAMPLE HOSPITAL 1580,101579,NH,READM-30-HF-HRRP,226,,0.9954,0.1514,0.1521,34,07/01/2020,06/30/2023
SAMPLE HOSPITAL 1580,101579,NH,READM-30-HIP-KNEE-HRRP,528,,0.9179,0.1162,0.1266,61,07/01/2020,06/30/2023
SAMPLE HOSPITAL 1580,101579,NH,READM-30-PN-HRRP,741,,1.0224,0.1771,0.1732,131,07/01/2020,06/30/2023
SAMPLE HOSPITAL 1580,101579,NH,READM-30-AMI-HRRP,429,,1.0301,0.1346,0.1307,58,07/01/2020,06/30/2023
SAMPLE HOSPITAL 1581,101580,MD,READM-30-CABG-HRRP,124,,0.999,0.1616,0.1618,20,07/01/2020,06/30/2023
SAMPLE HOSPITAL 1581,101580,MD,READM-30-HIP-KNEE-HRRP,237,,1.0188,0.2483,0.2437,59,07/01/2020,06/30/2023
SAMPLE HOSPITAL 1581,101580,MD,READM-30-COPD-HRRP,225,,0.9822,0.1821,0.1854,41,07/01/2020,06/30/2023
SAMPLE HOSPITAL 1581,101580,MD,READM-30-AMI-HRRP,511,,0.9887,0.247,0.2498,126,07/01/2020,06/30/2023
SAMPLE HOSPITAL 1582,101581,OK,READM-30-COPD-HRRP,50,,1.1701,0.3011,0.2573,15,07/01/2020,06/30/2023
SAMPLE HOSPITAL 1582,101581,OK,READM-30-CABG-HRRP,157,,1.064,0.1552,0.1459,24,07/01/2020,06/30/2023
SAMPLE HOSPITAL 1582,101581,OK,READM-30-AMI-HRRP,77,,0.9318,0.1431,0.1536,11,07/01/2020,06/30/2023
SAMPLE HOSPITAL 1582,101581,OK,READM-30-HIP-KNEE-HRRP,106,,1.036,0.248,0.2394,26,07/01/2020,06/30/2023
SAMPLE HOSPITAL 1582,101581,OK,READM-30-HF-HRRP,586,,1.0342,0.1632,0.1578,96,07/01/2020,06/30/2023
SAMPLE HOSPITAL 1583,101582,KY,READM-30-HIP-KNEE-HRRP,275,,0.9398,0.1824,0.1941,50,07/01/2020,06/30/2023
SAMPLE HOSPITAL 1583,101582,KY,READM-30-HF-HRRP,93,,0.9925,0.1531,0.1543,14,07/01/2020,06/30/2023
SAMPLE HOSPITAL 1583,101582,KY,READM-30-CABG-HRRP,209,,1.0206,0.2487,0.2437,52,07/01/2020,06/30/2023
SAMPLE HOSPITAL 1584,101583,MI,READM-30-HF-HRRP,141,,1.0472,0.1585,0.1514,22,07/01/2020,06/30/2023
SAMPLE HOSPITAL 1584,101583,MI,READM-30-PN-HRRP,198,,0.9865,0.149,0.151,30,07/01/2020,06/30/2023
SAMPLE HOSPITAL 1584,101583,MI,READM-30-HIP-KNEE-HRRP,136,,0.956,0.2208,0.231,30,07/01/2020,06/30/2023
SAMPLE HOSPITAL 1584,101583,MI,READM-30-AMI-HRRP,162,,1.0194,0.1379,0.1353,22,07/01/2020,06/30/2023
SAMPLE HOSPITAL 1584,101583,MI,READM-30-CABG-HRRP,67,,1.1406,0.2918,0.2558,20,07/01/2020,06/30/2023
SAMPLE HOSPITAL 1584,101583,MI,READM-30-COPD-HRRP,320,,1.0654,0.2037,0.1912,65,07/01/2020,06/30/2023
SAMPLE HOSPITAL 1585,101584,RI,READM-30-AMI-HRRP,87,,0.9045,0.1701,0.1881,15,07/01/2020,06/30/2023
SAMPLE HOSPITAL 1585,101584,RI,READM-30-HF-HRRP,468,,0.9178,0.168,0.1831,79,07/01/2020,06/30/2023
SAMPLE HOSPITAL 1585,101584,RI,READM-30-PN-HRRP,146,,0.9118,0.11,0.1206,16,07/01/2020,06/30/2023
SAMPLE HOSPITAL 1585,101584,RI,READM-30-HIP-KNEE-HRRP,581,,1.042,0.1884,0.1808,109,07/01/2020,06/30/2023
SAMPLE HOSPITAL 1585,101584,RI,READM-30-COPD-HRRP,284,,0.9557,0.2234,0.2338,63,07/01/2020,06/30/2023
SAMPLE HOSPITAL 1585,101584,RI,READM-30-CABG-HRRP,203,,0.9499,0.2176,0.2291,44,07/01/2020,06/30/2023
SAMPLE HOSPITAL 1586,101585,AK,READM-30-HIP-KNEE-HRRP,231,,0.9514,0.2068,0.2174,48,07/01/2020,06/30/2023
SAMPLE HOSPITAL 1586,101585,AK,READM-30-AMI-HRRP,50,,0.9786,0.1767,0.1806,9,07/01/2020,06/30/2023
SAMPLE HOSPITAL 1586,101585,AK,READM-30-PN-HRRP,103,,0.9307,0.1954,0.2099,20,07/01/2020,06/30/2023
SAMPLE HOSPITAL 1586,101585,AK,READM-30-CABG-HRRP,127,,1.0583,0.1579,0.1492,20,07/01/2020,06/30/2023
SAMPLE HOSPITAL 1586,101585,AK,READM-30-HF-HRRP,43,,1.064,0.1779,0.1672,8,07/01/2020,06/30/2023
SAMPLE HOSPITAL 1587,101586,SD,READM-30-CABG-HRRP,181,,1.0052,0.252,0.2507,46,07/01/2020,06/30/2023
SAMPLE HOSPITAL 1587,101586,SD,READM-30-AMI-HRRP,154,,0.9457,0.2151,0.2275,33,07/01/2020,06/30/2023
SAMPLE HOSPITAL 1587,101586,SD,READM-30-COPD-HRRP,120,,0.9736,0.1862,0.1913,22,07/01/2020,06/30/2023
SAMPLE HOSPITAL 1588,101587,OH,READM-30-HF-HRRP,219,,0.9414,0.1883,0.2,41,07/01/2020,06/30/2023
SAMPLE HOSPITAL 1588,101587,OH,READM-30-AMI-HRRP,76,,1.1426,0.1813,0.1587,14,07/01/2020,06/30/2023
SAMPLE HOSPITAL 1588,101587,OH,READM-30-HIP-KNEE-HRRP,117,,0.9772,0.2345,0.24,27,07/01/2020,06/30/2023
SAMPLE HOSPITAL 1588,101587,OH,READM-30-CABG-HRRP,87,,0.9569,0.2132,0.2228,19,07/01/2020,06/30/2023
SAMPLE HOSPITAL 1588,101587,OH,READM-30-PN-HRRP,299,,0.9745,0.1288,0.1322,39,07/01/2020,06/30/2023
SAMPLE HOSPITAL 1589,101588,NV,READM-30-HIP-KNEE-HRRP,30,,1.0529,0.1313,0.1247,4,07/01/2020,06/30/2023
SAMPLE HOSPITAL 1589,101588,NV,READM-30-CABG-HRRP,594,,1.0751,0.1624,0.1511,96,07/01/2020,06/30/2023
SAMPLE HOSPITAL 1589,101588,NV,READM-30-HF-HRRP,86,,0.95,0.1597,0.1681,14,07/01/2020,06/30/2023
SAMPLE HOSPITAL 1589,101588,NV,READM-30-COPD-HRRP,706,,1.0254,0.2554,0.2491,180,07/01/2020,06/30/2023
SAMPLE HOSPITAL 1590,101589,MN,READM-30-HIP-KNEE-HRRP,84,,1.015,0.1866,0.1838,16,07/01/2020,06/30/2023
SAMPLE HOSPITAL 1590,101589,MN,READM-30-PN-HRRP,351,,1.0582,0.1474,0.1393,52,07/01/2020,06/30/2023
SAMPLE HOSPITAL 1590,101589,MN,READM-30-COPD-HRRP,137,,1.0282,0.2036,0.198,28,07/01/2020,06/30/2023
SAMPLE HOSPITAL 1591,101590,AL,READM-30-HIP-KNEE-HRRP,71,,0.927,0.2302,0.2483,16,07/01/2020,06/30/2023
SAMPLE HOSPITAL 1591,101590,AL,READM-30-PN-HRRP,227,,1.0235,0.226,0.2208,51,07/01/2020,06/30/2023
SAMPLE HOSPITAL 1591,101590,AL,READM-30-COPD-HRRP,56,,0.919,0.1613,0.1755,9,07/01/2020,06/30/2023
SAMPLE HOSPITAL 1591,101590,AL,READM-30-CABG-HRRP,188,,0.8858,0.2018,0.2278,38,07/01/2020,06/30/2023
SAMPLE HOSPITAL 1591,101590,AL,READM-30-HF-HRRP,169,,1.0533,0.2628,0.2495,44,07/01/2020,06/30/2023
SAMPLE HOSPITAL 1591,101590,AL,READM-30-AMI-HRRP,1103,,1.081,0.2762,0.2555,305,07/01/2020,06/30/2023
SAMPLE HOSPITAL 1592,101591,HI,READM-30-PN-HRRP,596,,1.0233,0.1663,0.1625,99,07/01/2020,06/30/2023
SAMPLE HOSPITAL 1592,101591,HI,READM-30-HIP-KNEE-HRRP,102,,1.0681,0.1523,0.1426,16,07/01/2020,06/30/2023
SAMPLE HOSPITAL 1592,101591,HI,READM-30-COPD-HRRP,108,,1.0691,0.1715,0.1604,19,07/01/2020,06/30/2023
SAMPLE HOSPITAL 1592,101591,HI,READM-30-HF-HRRP,131,,1.0288,0.163,0.1584,21,07/01/2020,06/30/2023
SAMPLE HOSPITAL 1593,101592,LA,READM-30-HF-HRRP,75,,1.0398,0.2505,0.2409,19,07/01/2020,06/30/2023
SAMPLE HOSPITAL 1593,101592,LA,READM-30-PN-HRRP,214,,1.0444,0.1673,0.1602,36,07/01/2020,06/30/2023
SAMPLE HOSPITAL 1593,101592,LA,READM-30-HIP-KNEE-HRRP,712,,0.9529,0.1994,0.2093,142,07/01/2020,06/30/2023
SAMPLE HOSPITAL 1593,101592,LA,READM-30-COPD-HRRP,380,,1.1061,0.1897,0.1715,72,07/01/2020,06/30/2023
SAMPLE HOSPITAL 1594,101593,WY,READM-30-CABG-HRRP,124,,0.9523,0.1721,0.1807,21,07/01/2020,06/30/2023
SAMPLE HOSPITAL 1594,101593,WY,READM-30-COPD-HRRP,890,,1.0596,0.2665,0.2515,237,07/01/2020,06/30/2023
SAMPLE HOSPITAL 1594,101593,WY,READM-30-HF-HRRP,348,,1.1529,0.2895,0.2511,101,07/01/2020,06/30/2023
SAMPLE HOSPITAL 1594,101593,WY,READM-30-HIP-KNEE-HRRP,831,,0.9598,0.1277,0.1331,106,07/01/2020,06/30/2023
SAMPLE HOSPITAL 1594,101593,WY,READM-30-PN-HRRP,155,,1.0133,0.1775,0.1752,28,07/01/2020,06/30/2023
SAMPLE HOSPITAL 1595,101594,NJ,READM-30-AMI-HRRP,345,,0.9213,0.209,0.2268,72,07/01/2020,06/30/2023
SAMPLE HOSPITAL 1595,101594,NJ,READM-30-CABG-HRRP,141,,0.9552,0.2326,0.2435,33,07/01/2020,06/30/2023
SAMPLE HOSPITAL 1595,101594,NJ,READM-30-HF-HRRP,106,,1.1145,0.1859,0.1668,20,07/01/2020,06/30/2023
SAMPLE HOSPITAL 1595,101594,NJ,READM-30-COPD-HRRP,299,,0.9781,0.2178,0.2227,65,07/01/2020,06/30/2023
SAMPLE HOSPITAL 1596,101595,MT,READM-30-HF-HRRP,167,,0.9573,0.2096,0.2189,35,07/01/2020,06/30/2023
SAMPLE HOSPITAL 1596,101595,MT,READM-30-AMI-HRRP,1381,,0.9655,0.126,0.1305,174,07/01/2020,06/30/2023
SAMPLE HOSPITAL 1596,101595,MT,READM-30-PN-HRRP,240,,1.0744,0.1539,0.1432,37,07/01/2020,06/30/2023
SAMPLE HOSPITAL 1597,101596,MD,READM-30-HIP-KNEE-HRRP,524,,1.0227,0.2113,0.2066,111,07/01/2020,06/30/2023
SAMPLE HOSPITAL 1597,101596,MD,READM-30-COPD-HRRP,48,,0.9438,0.1538,0.163,7,07/01/2020,06/30/2023
SAMPLE HOSPITAL 1597,101596,MD,READM-30-CABG-HRRP,227,,1.0156,0.2258,0.2223,51,07/01/2020,06/30/2023
SAMPLE HOSPITAL 1597,101596,MD,READM-30-AMI-HRRP,65,,0.9851,0.2201,0.2234,14,07/01/2020,06/30/2023
SAMPLE HOSPITAL 1597,101596,MD,READM-30-HF-HRRP,321,,0.9286,0.1225,0.1319,39,07/01/2020,06/30/2023
SAMPLE HOSPITAL 1598,101597,DE,READM-30-HIP-KNEE-HRRP,471,,1.0253,0.1864,0.1818,88,07/01/2020,06/30/2023
SAMPLE HOSPITAL 1598,101597,DE,READM-30-COPD-HRRP,217,,0.9699,0.2189,0.2257,48,07/01/2020,06/30/2023
SAMPLE HOSPITAL 1598,101597,DE,READM-30-CABG-HRRP,64,,1.0385,0.1979,0.1906,13,07/01/2020,06/30/2023
SAMPLE HOSPITAL 1598,101597,DE,READM-30-AMI-HRRP,1178,,1.0656,0.2366,0.222,279,07/01/2020,06/30/2023
SAMPLE HOSPITAL 1598,101597,DE,READM-30-PN-HRRP,86,,1.0952,0.1338,0.1222,12,07/01/2020,06/30/2023
SAMPLE HOSPITAL 1598,101597,DE,READM-30-HF-HRRP,1409,,1.0059,0.2394,0.238,337,07/01/2020,06/30/2023
SAMPLE HOSPITAL 1599,101598,MN,READM-30-CABG-HRRP,65,,1.0515,0.1355,0.1289,9,07/01/2020,06/30/2023
SAMPLE HOSPITAL 1599,101598,MN,READM-30-PN-HRRP,125,,1.0534,0.217,0.206,27,07/01/2020,06/30/2023
SAMPLE HOSPITAL 1599,101598,MN,READM-30-COPD-HRRP,81,,1.0984,0.2229,0.2029,18,07/01/2020,06/30/2023
SAMPLE HOSPITAL 1599,101598,MN,READM-30-HF-HRRP,147,,1.0785,0.2424,0.2248,36,07/01/2020,06/30/2023
SAMPLE HOSPITAL 1599,101598,MN,READM-30-HIP-KNEE-HRRP,177,,0.9169,0.1921,0.2095,34,07/01/2020,06/30/2023
SAMPLE HOSPITAL 1600,101599,IN,READM-30-HIP-KNEE-HRRP,31,,0.9182,0.22,0.2396,7,07/01/2020,06/30/2023
SAMPLE HOSPITAL 1600,101599,IN,READM-30-HF-HRRP,117,,1.0425,0.2363,0.2267,28,07/01/2020,06/30/2023
SAMPLE HOSPITAL 1600,101599,IN,READM-30-COPD-HRRP,217,,1.0062,0.1437,0.1428,31,07/01/2020,06/30/2023
SAMPLE HOSPITAL 1600,101599,IN,READM-30-CABG-HRRP,226,,1.0576,0.2668,0.2523,60,07/01/2020,06/30/2023
SAMPLE HOSPITAL 1600,101599,IN,READM-30-PN-HRRP,354,,1.0258,0.2651,0.2584,94,07/01/2020,06/30/2023
SAMPLE HOSPITAL 1600,101599,IN,READM-30-AMI-HRRP,44,,0.9911,0.2465,0.2487,11,07/01/2020,06/30/2023
SAMPLE HOSPITAL 1601,101600,FL,READM-30-HIP-KNEE-HRRP,144,,0.959,0.1746,0.1821,25,07/01/2020,06/30/2023
SAMPLE HOSPITAL 1601,101600,FL,READM-30-CABG-HRRP,317,,0.9858,0.2316,0.2349,73,07/01/2020,06/30/2023
SAMPLE HOSPITAL 1601,101600,FL,READM-30-HF-HRRP,416,,1.0058,0.2264,0.2251,94,07/01/2020,06/30/2023
SAMPLE HOSPITAL 1602,101601,WV,READM-30-HF-HRRP,394,,0.9863,0.2032,0.206,80,07/01/2020,06/30/2023
SAMPLE HOSPITAL 1602,101601,WV,READM-30-AMI-HRRP,68,,0.9769,0.1735,0.1776,12,07/01/2020,06/30/2023
SAMPLE HOSPITAL 1602,101601,WV,READM-30-CABG-HRRP,193,,1.0842,0.1335,0.1231,26,07/01/2020,06/30/2023
SAMPLE HOSPITAL 1602,101601,WV,READM-30-HIP-KNEE-HRRP,47,,1.0003,0.1654,0.1654,8,07/01/2020,06/30/2023
SAMPLE HOSPITAL 1602,101601,WV,READM-30-PN-HRRP,67,,1.0049,0.1241,0.1235,8,07/01/2020,06/30/2023
SAMPLE HOSPITAL 1603,101602,NV,READM-30-HIP-KNEE-HRRP,1530,,0.9752,0.1664,0.1706,255,07/01/2020,06/30/2023
SAMPLE HOSPITAL 1603,101602,NV,READM-30-AMI-HRRP,723,,1.01,0.1793,0.1775,130,07/01/2020,06/30/2023
SAMPLE HOSPITAL 1603,101602,NV,READM-30-CABG-HRRP,149,,0.9861,0.1414,0.1434,21,07/01/2020,06/30/2023
SAMPLE HOSPITAL 1603,101602,NV,READM-30-COPD-HRRP,251,,0.9919,0.2045,0.2062,51,07/01/2020,06/30/2023
SAMPLE HOSPITAL 1603,101602,NV,READM-30-HF-HRRP,182,,0.9217,0.1772,0.1923,32,07/01/2020,06/30/2023
SAMPLE HOSPITAL 1603,101602,NV,READM-30-PN-HRRP,326,,1.0193,0.1406,0.1379,46,07/01/2020,06/30/2023
SAMPLE HOSPITAL 1604,101603,IA,READM-30-AMI-HRRP,552,,1.0624,0.1546,0.1455,85,07/01/2020,06/30/2023
SAMPLE HOSPITAL 1604,101603,IA,READM-30-HF-HRRP,294,,1.0015,0.2576,0.2572,76,07/01/2020,06/30/2023
SAMPLE HOSPITAL 1604,101603,IA,READM-30-COPD-HRRP,331,,1.0361,0.1256,0.1212,42,07/01/2020,06/30/2023
SAMPLE HOSPITAL 1604,101603,IA,READM-30-PN-HRRP,322,,1.0131,0.2481,0.2449,80,07/01/2020,06/30/2023
SAMPLE HOSPITAL 1604,101603,IA,READM-30-HIP-KNEE-HRRP,319,,0.9447,0.1414,0.1497,45,07/01/2020,06/30/2023
SAMPLE HOSPITAL 1604,101603,IA,READM-30-CABG-HRRP,384,,0.9247,0.234,0.2531,90,07/01/2020,06/30/2023
SAMPLE HOSPITAL 1605,101604,MO,READM-30-CABG-HRRP,245,,0.9707,0.2025,0.2086,50,07/01/2020,06/30/2023
SAMPLE HOSPITAL 1605,101604,MO,READM-30-COPD-HRRP,28,,0.8729,0.1892,0.2167,5,07/01/2020,06/30/2023
SAMPLE HOSPITAL 1605,101604,MO,READM-30-PN-HRRP,99,,0.9497,0.1719,0.181,17,07/01/2020,06/30/2023
SAMPLE HOSPITAL 1605,101604,MO,READM-30-HIP-KNEE-HRRP,42,,0.933,0.1225,0.1313,5,07/01/2020,06/30/2023
SAMPLE HOSPITAL 1605,101604,MO,READM-30-HF-HRRP,213,,0.8662,0.2083,0.2405,44,07/01/2020,06/30/2023
SAMPLE HOSPITAL 1606,101605,AR,READM-30-PN-HRRP,183,,1.0846,0.1899,0.1751,35,07/01/2020,06/30/2023
SAMPLE HOSPITAL 1606,101605,AR,READM-30-CABG-HRRP,152,,1.0541,0.2018,0.1914,31,07/01/2020,06/30/2023
SAMPLE HOSPITAL 1606,101605,AR,READM-30-HF-HRRP,123,,0.9944,0.1236,0.1243,15,07/01/2020,06/30/2023
SAMPLE HOSPITAL 1606,101605,AR,READM-30-HIP-KNEE-HRRP,131,,1.178,0.1739,0.1476,23,07/01/2020,06/30/2023
SAMPLE HOSPITAL 1606,101605,AR,READM-30-COPD-HRRP,40,,1.1583,0.2637,0.2277,11,07/01/2020,06/30/2023
SAMPLE HOSPITAL 1606,101605,AR,READM-30-AMI-HRRP,156,,1.0484,0.1537,0.1466,24,07/01/2020,06/30/2023
SAMPLE HOSPITAL 1607,101606,NV,READM-30-AMI-HRRP,204,,0.9577,0.1189,0.1241,24,07/01/2020,06/30/2023
SAMPLE HOSPITAL 1607,101606,NV,READM-30-COPD-HRRP,481,,1.0187,0.1436,0.141,69,07/01/2020,06/30/2023
SAMPLE HOSPITAL 1607,101606,NV,READM-30-CABG-HRRP,133,,0.9768,0.1507,0.1543,20,07/01/2020,06/30/2023
SAMPLE HOSPITAL 1607,101606,NV,READM-30-HF-HRRP,269,,1.0014,0.1933,0.193,52,07/01/2020,06/30/2023
SAMPLE HOSPITAL 1607,101606,NV,READM-30-PN-HRRP,53,,1.0512,0.2268,0.2158,12,07/01/2020,06/30/2023
SAMPLE HOSPITAL 1607,101606,NV,READM-30-HIP-KNEE-HRRP,253,,0.9894,0.2215,0.2239,56,07/01/2020,06/30/2023
SAMPLE HOSPITAL 1610,101609,OR,READM-30-HIP-KNEE-HRRP,60,,1.0163,0.2375,0.2337,14,07/01/2020,06/30/2023
SAMPLE HOSPITAL 1610,101609,OR,READM-30-PN-HRRP,130,,0.9886,0.1864,0.1886,24,07/01/2020,06/30/2023
SAMPLE HOSPITAL 1610,101609,OR,READM-30-CABG-HRRP,1492,,0.9248,0.1125,0.1216,168,07/01/2020,06/30/2023
SAMPLE HOSPITAL 1610,101609,OR,READM-30-COPD-HRRP,182,,0.9599,0.2457,0.256,45,07/01/2020,06/30/2023
SAMPLE HOSPITAL 1611,101610,KY,READM-30-HF-HRRP,64,,1.0467,0.1808,0.1727,12,07/01/2020,06/30/2023
SAMPLE HOSPITAL 1611,101610,KY,READM-30-AMI-HRRP,235,,0.976,0.1425,0.146,33,07/01/2020,06/30/2023
SAMPLE HOSPITAL 1611,101610,KY,READM-30-PN-HRRP,49,,0.9261,0.2272,0.2453,11,07/01/2020,06/30/2023
SAMPLE HOSPITAL 1612,101611,MI,READM-30-AMI-HRRP,271,,1.0485,0.1324,0.1263,36,07/01/2020,06/30/2023
SAMPLE HOSPITAL 1612,101611,MI,READM-30-HIP-KNEE-HRRP,202,,1.0206,0.1535,0.1504,31,07/01/2020,06/30/2023
SAMPLE HOSPITAL 1612,101611,MI,READM-30-CABG-HRRP,351,,1.0493,0.2005,0.1911,70,07/01/2020,06/30/2023
SAMPLE HOSPITAL 1612,101611,MI,READM-30-HF-HRRP,43,,0.9818,0.1513,0.1541,7,07/01/2020,06/30/2023
SAMPLE HOSPITAL 1612,101611,MI,READM-30-COPD-HRRP,329,,1.0752,0.2654,0.2468,87,07/01/2020,06/30/2023
SAMPLE HOSPITAL 1613,101612,MS,READM-30-HF-HRRP,427,,0.9544,0.1723,0.1805,74,07/01/2020,06/30/2023
SAMPLE HOSPITAL 1613,101612,MS,READM-30-PN-HRRP,56,,1.0348,0.1767,0.1708,10,07/01/2020,06/30/2023
SAMPLE HOSPITAL 1613,101612,MS,READM-30-COPD-HRRP,1123,,1.0534,0.2444,0.232,274,07/01/2020,06/30/2023
SAMPLE HOSPITAL 1613,101612,MS,READM-30-AMI-HRRP,1290,,1.1009,0.2453,0.2228,316,07/01/2020,06/30/2023
SAMPLE HOSPITAL 1613,101612,MS,READM-30-CABG-HRRP,169,,0.9746,0.1915,0.1965,32,07/01/2020,06/30/2023
SAMPLE HOSPITAL 1613,101612,MS,READM-30-HIP-KNEE-HRRP,125,,0.9887,0.2224,0.2249,28,07/01/2020,06/30/2023
SAMPLE HOSPITAL 1614,101613,AR,READM-30-HF-HRRP,101,,1.0553,0.1587,0.1504,16,07/01/2020,06/30/2023
SAMPLE HOSPITAL 1614,101613,AR,READM-30-COPD-HRRP,Too Few to Report,1,Too Few to Report,,,,07/01/2020,06/30/2023
SAMPLE HOSPITAL 1614,101613,AR,READM-30-HIP-KNEE-HRRP,103,,1.0517,0.2644,0.2514,27,07/01/2020,06/30/2023
SAMPLE HOSPITAL 1614,101613,AR,READM-30-AMI-HRRP,197,,1.044,0.2218,0.2125,44,07/01/2020,06/30/2023
SAMPLE HOSPITAL 1614,101613,AR,READM-30-PN-HRRP,86,,1.013,0.1691,0.1669,15,07/01/2020,06/30/2023
SAMPLE HOSPITAL 1614,101613,AR,READM-30-CABG-HRRP,670,,1.0204,0.1258,0.1233,84,07/01/2020,06/30/2023
SAMPLE HOSPITAL 1615,101614,CA,READM-30-PN-HRRP,158,,0.9419,0.2088,0.2217,33,07/01/2020,06/30/2023
SAMPLE HOSPITAL 1615,101614,CA,READM-30-HIP-KNEE-HRRP,202,,0.9124,0.2311,0.2533,47,07/01/2020,06/30/2023
SAMPLE HOSPITAL 1615,101614,CA,READM-30-CABG-HRRP,338,,1.0848,0.1421,0.131,48,07/01/2020,06/30/2023
SAMPLE HOSPITAL 1615,101614,CA,READM-30-AMI-HRRP,95,,1.0291,0.2489,0.2419,24,07/01/2020,06/30/2023
SAMPLE HOSPITAL 1616,101615,NH,READM-30-PN-HRRP,92,,1.1407,0.2904,0.2546,27,07/01/2020,06/30/2023
SAMPLE HOSPITAL 1616,101615,NH,READM-30-HIP-KNEE-HRRP,515,,1.1228,0.1657,0.1476,85,07/01/2020,06/30/2023
SAMPLE HOSPITAL 1616,101615,NH,READM-30-HF-HRRP,79,,0.9814,0.1471,0.1499,12,07/01/2020,06/30/2023
SAMPLE HOSPITAL 1616,101615,NH,READM-30-CABG-HRRP,234,,1.0,0.1348,0.1348,32,07/01/2020,06/30/2023
SAMPLE HOSPITAL 1617,101616,HI,READM-30-AMI-HRRP,46,,1.0524,0.1447,0.1375,7,07/01/2020,06/30/2023
SAMPLE HOSPITAL 1617,101616,HI,READM-30-COPD-HRRP,183,,0.9708,0.2161,0.2226,40,07/01/2020,06/30/2023
SAMPLE HOSPITAL 1617,101616,HI,READM-30-HIP-KNEE-HRRP,238,,1.0305,0.1983,0.1924,47,07/01/2020,06/30/2023
SAMPLE HOSPITAL 1618,101617,CA,READM-30-AMI-HRRP,127,,0.9821,0.1219,0.1241,15,07/01/2020,06/30/2023
SAMPLE HOSPITAL 1618,101617,CA,READM-30-HIP-KNEE-HRRP,101,,1.0974,0.2839,0.2587,29,07/01/2020,06/30/2023
SAMPLE HOSPITAL 1618,101617,CA,READM-30-CABG-HRRP,76,,0.9507,0.1741,0.1831,13,07/01/2020,06/30/2023
SAMPLE HOSPITAL 1618,101617,CA,READM-30-PN-HRRP,447,,1.0551,0.2292,0.2172,102,07/01/2020,06/30/2023
SAMPLE HOSPITAL 1618,101617,CA,READM-30-COPD-HRRP,152,,0.9454,0.1137,0.1203,17,07/01/2020,06/30/2023
SAMPLE HOSPITAL 1619,101618,MA,READM-30-AMI-HRRP,130,,0.9072,0.173,0.1907,22,07/01/2020,06/30/2023
SAMPLE HOSPITAL 1619,101618,MA,READM-30-HF-HRRP,354,,0.8966,0.2152,0.24,76,07/01/2020,06/30/2023
SAMPLE HOSPITAL 1619,101618,MA,READM-30-CABG-HRRP,205,,0.9341,0.1344,0.1439,28,07/01/2020,06/30/2023
SAMPLE HOSPITAL 1620,101619,NC,READM-30-CABG-HRRP,390,,0.9983,0.2394,0.2398,93,07/01/2020,06/30/2023
SAMPLE HOSPITAL 1620,101619,NC,READM-30-HF-HRRP,57,,1.1329,0.18,0.1589,10,07/01/2020,06/30/2023
SAMPLE HOSPITAL 1620,101619,NC,READM-30-AMI-HRRP,164,,1.1106,0.2709,0.2439,44,07/01/2020,06/30/2023
SAMPLE HOSPITAL 1620,101619,NC,READM-30-PN-HRRP,171,,1.0018,0.2154,0.215,37,07/01/2020,06/30/2023
SAMPLE HOSPITAL 1620,101619,NC,READM-30-HIP-KNEE-HRRP,350,,1.0768,0.2301,0.2137,81,07/01/2020,06/30/2023
SAMPLE HOSPITAL 1621,101620,LA,READM-30-COPD-HRRP,233,,1.0229,0.1664,0.1627,39,07/01/2020,06/30/2023
SAMPLE HOSPITAL 1621,101620,LA,READM-30-HIP-KNEE-HRRP,92,,0.9593,0.1305,0.136,12,07/01/2020,06/30/2023
SAMPLE HOSPITAL 1621,101620,LA,READM-30-CABG-HRRP,522,,0.9626,0.1611,0.1674,84,07/01/2020,06/30/2023
SAMPLE HOSPITAL 1621,101620,LA,READM-30-PN-HRRP,441,,1.1042,0.1348,0.1221,59,07/01/2020,06/30/2023
SAMPLE HOSPITAL 1621,101620,LA,READM-30-AMI-HRRP,71,,0.9696,0.1676,0.1729,12,07/01/2020,06/30/2023
SAMPLE HOSPITAL 1621,101620,LA,READM-30-HF-HRRP,67,,0.9776,0.233,0.2383,16,07/01/2020,06/30/2023
SAMPLE HOSPITAL 1622,101621,NH,READM-30-AMI-HRRP,77,,0.9787,0.2303,0.2353,18,07/01/2020,06/30/2023
SAMPLE HOSPITAL 1622,101621,NH,READM-30-PN-HRRP,351,,0.912,0.166,0.182,58,07/01/2020,06/30/2023
SAMPLE HOSPITAL 1622,101621,NH,READM-30-HF-HRRP,328,,0.8537,0.1174,0.1375,39,07/01/2020,06/30/2023
SAMPLE HOSPITAL 1622,101621,NH,READM-30-HIP-KNEE-HRRP,185,,0.8595,0.2149,0.25,40,07/01/2020,06/30/2023
SAMPLE HOSPITAL 1622,101621,NH,READM-30-COPD-HRRP,55,,0.9774,0.1208,0.1236,7,07/01/2020,06/30/2023
SAMPLE HOSPITAL 1622,101621,NH,READM-30-CABG-HRRP,226,,0.9785,0.1227,0.1254,28,07/01/2020,06/30/2023
SAMPLE HOSPITAL 1623,101622,TN,READM-30-HF-HRRP,171,,0.9121,0.2003,0.2196,34,07/01/2020,06/30/2023
SAMPLE HOSPITAL 1623,101622,TN,READM-30-CABG-HRRP,51,,1.0445,0.1378,0.1319,7,07/01/2020,06/30/2023
SAMPLE HOSPITAL 1623,101622,TN,READM-30-PN-HRRP,70,,1.1,0.238,0.2164,17,07/01/2020,06/30/2023
SAMPLE HOSPITAL 1623,101622,TN,READM-30-COPD-HRRP,58,,1.0545,0.1414,0.1341,8,07/01/2020,06/30/2023
SAMPLE HOSPITAL 1623,101622,TN,READM-30-HIP-KNEE-HRRP,370,,1.023,0.1326,0.1296,49,07/01/2020,06/30/2023
SAMPLE HOSPITAL 1624,101623,PA,READM-30-HIP-KNEE-HRRP,455,,1.004,0.2369,0.236,108,07/01/2020,06/30/2023
SAMPLE HOSPITAL 1624,101623,PA,READM-30-PN-HRRP,127,,0.9408,0.1375,0.1461,17,07/01/2020,06/30/2023
SAMPLE HOSPITAL 1624,101623,PA,READM-30-HF-HRRP,160,,0.9402,0.2256,0.2399,36,07/01/2020,06/30/2023
SAMPLE HOSPITAL 1625,101624,PA,READM-30-AMI-HRRP,363,,0.9281,0.2264,0.2439,82,07/01/2020,06/30/2023
SAMPLE HOSPITAL 1625,101624,PA,READM-30-PN-HRRP,295,,0.9594,0.2358,0.2458,70,07/01/2020,06/30/2023
SAMPLE HOSPITAL 1625,101624,PA,READM-30-COPD-HRRP,176,,1.0904,0.1733,0.1589,31,07/01/2020,06/30/2023
SAMPLE HOSPITAL 1625,101624,PA,READM-30-HF-HRRP,265,,1.0721,0.273,0.2546,72,07/01/2020,06/30/2023
SAMPLE HOSPITAL 1626,101625,VA,READM-30-COPD-HRRP,164,,1.0742,0.2752,0.2562,45,07/01/2020,06/30/2023
SAMPLE HOSPITAL 1626,101625,VA,READM-30-HF-HRRP,263,,0.9819,0.144,0.1467,38,07/01/2020,06/30/2023
SAMPLE HOSPITAL 1626,101625,VA,READM-30-AMI-HRRP,63,,1.1329,0.2396,0.2115,15,07/01/2020,06/30/2023
SAMPLE HOSPITAL 1626,101625,VA,READM-30-PN-HRRP,121,,1.0903,0.2588,0.2374,31,07/01/2020,06/30/2023
SAMPLE HOSPITAL 1626,101625,VA,READM-30-HIP-KNEE-HRRP,218,,0.9454,0.15,0.1587,33,07/01/2020,06/30/2023
SAMPLE HOSPITAL 1626,101625,VA,READM-30-CABG-HRRP,59,,1.0535,0.1897,0.1801,11,07/01/2020,06/30/2023
SAMPLE HOSPITAL 1627,101626,KS,READM-30-HF-HRRP,52,,1.096,0.2087,0.1904,11,07/01/2020,06/30/2023
SAMPLE HOSPITAL 1627,101626,KS,READM-30-CABG-HRRP,101,,1.0597,0.1613,0.1522,16,07/01/2020,06/30/2023
SAMPLE HOSPITAL 1627,101626,KS,READM-30-HIP-KNEE-HRRP,119,,1.1306,0.1603,0.1418,19,07/01/2020,06/30/2023
SAMPLE HOSPITAL 1627,101626,KS,READM-30-AMI-HRRP,567,,1.1241,0.2126,0.1891,121,07/01/2020,06/30/2023
SAMPLE HOSPITAL 1627,101626,KS,READM-30-PN-HRRP,694,,1.0466,0.2604,0.2488,181,07/01/2020,06/30/2023
SAMPLE HOSPITAL 1628,101627,ID,READM-30-AMI-HRRP,127,,1.0199,0.1948,0.191,25,07/01/2020,06/30/2023
SAMPLE HOSPITAL 1628,101627,ID,READM-30-CABG-HRRP,229,,0.9744,0.1229,0.1261,28,07/01/2020,06/30/2023
SAMPLE HOSPITAL 1628,101627,ID,READM-30-HF-HRRP,126,,1.0652,0.1955,0.1835,25,07/01/2020,06/30/2023
SAMPLE HOSPITAL 1628,101627,ID,READM-30-COPD-HRRP,592,,0.8785,0.1121,0.1276,66,07/01/2020,06/30/2023
SAMPLE HOSPITAL 1628,101627,ID,READM-30-PN-HRRP,Too Few to Report,1,Too Few to Report,,,,07/01/2020,06/30/2023
SAMPLE HOSPITAL 1628,101627,ID,READM-30-HIP-KNEE-HRRP,162,,0.928,0.2173,0.2342,35,07/01/2020,06/30/2023
SAMPLE HOSPITAL 1629,101628,AL,READM-30-PN-HRRP,183,,0.9886,0.1759,0.1779,32,07/01/2020,06/30/2023
SAMPLE HOSPITAL 1629,101628,AL,READM-30-HF-HRRP,413,,1.0752,0.2211,0.2056,91,07/01/2020,06/30/2023
SAMPLE HOSPITAL 1629,101628,AL,READM-30-HIP-KNEE-HRRP,133,,1.0789,0.1619,0.1501,22,07/01/2020,06/30/2023
SAMPLE HOSPITAL 1629,101628,AL,READM-30-CABG-HRRP,218,,1.0026,0.2044,0.2039,45,07/01/2020,06/30/2023
SAMPLE HOSPITAL 1630,101629,VA,READM-30-HIP-KNEE-HRRP,403,,0.9605,0.2308,0.2403,93,07/01/2020,06/30/2023
SAMPLE HOSPITAL 1630,101629,VA,READM-30-PN-HRRP,140,,0.9895,0.2157,0.218,30,07/01/2020,06/30/2023
SAMPLE HOSPITAL 1630,101629,VA,READM-30-AMI-HRRP,155,,1.0076,0.1632,0.162,25,07/01/2020,06/30/2023
SAMPLE HOSPITAL 1631,101630,OK,READM-30-HF-HRRP,76,,0.9833,0.2157,0.2194,16,07/01/2020,06/30/2023
SAMPLE HOSPITAL 1631,101630,OK,READM-30-AMI-HRRP,48,,1.004,0.1922,0.1914,9,07/01/2020,06/30/2023
SAMPLE HOSPITAL 1631,101630,OK,READM-30-COPD-HRRP,31,,1.0472,0.2525,0.2411,8,07/01/2020,06/30/2023
SAMPLE HOSPITAL 1632,101631,IL,READM-30-AMI-HRRP,97,,0.9122,0.1762,0.1932,17,07/01/2020,06/30/2023
SAMPLE HOSPITAL 1632,101631,IL,READM-30-COPD-HRRP,47,,1.0926,0.269,0.2462,13,07/01/2020,06/30/2023
SAMPLE HOSPITAL 1632,101631,IL,READM-30-HIP-KNEE-HRRP,260,,0.9679,0.1483,0.1532,39,07/01/2020,06/30/2023
SAMPLE HOSPITAL 1633,101632,WI,READM-30-PN-HRRP,60,,1.1043,0.2585,0.2341,16,07/01/2020,06/30/2023
SAMPLE HOSPITAL 1633,101632,WI,READM-30-AMI-HRRP,310,,1.0423,0.2516,0.2414,78,07/01/2020,06/30/2023
SAMPLE HOSPITAL 1633,101632,WI,READM-30-HF-HRRP,206,,1.0495,0.2628,0.2504,54,07/01/2020,06/30/2023
SAMPLE HOSPITAL 1633,101632,WI,READM-30-HIP-KNEE-HRRP,92,,0.9237,0.1751,0.1896,16,07/01/2020,06/30/2023
SAMPLE HOSPITAL 1633,101632,WI,READM-30-CABG-HRRP,1012,,1.0292,0.1943,0.1888,197,07/01/2020,06/30/2023
SAMPLE HOSPITAL 1633,101632,WI,READM-30-COPD-HRRP,124,,1.0958,0.1453,0.1326,18,07/01/2020,06/30/2023
SAMPLE HOSPITAL 1634,101633,CA,READM-30-PN-HRRP,2044,,1.0787,0.1797,0.1666,367,07/01/2020,06/30/2023
SAMPLE HOSPITAL 1634,101633,CA,READM-30-CABG-HRRP,201,,0.9732,0.2442,0.2509,49,07/01/2020,06/30/2023
SAMPLE HOSPITAL 1634,101633,CA,READM-30-COPD-HRRP,89,,0.9321,0.197,0.2114,18,07/01/2020,06/30/2023
SAMPLE HOSPITAL 1635,101634,MS,READM-30-CABG-HRRP,442,,1.0122,0.2367,0.2338,105,07/01/2020,06/30/2023
SAMPLE HOSPITAL 1635,101634,MS,READM-30-AMI-HRRP,73,,0.8241,0.1307,0.1586,10,07/01/2020,06/30/2023
SAMPLE HOSPITAL 1635,101634,MS,READM-30-COPD-HRRP,361,,0.9906,0.1345,0.1358,49,07/01/2020,06/30/2023
SAMPLE HOSPITAL 1635,101634,MS,READM-30-PN-HRRP,265,,0.8891,0.1645,0.185,44,07/01/2020,06/30/2023
SAMPLE HOSPITAL 1635,101634,MS,READM-30-HIP-KNEE-HRRP,259,,0.9605,0.1982,0.2064,51,07/01/2020,06/30/2023
SAMPLE HOSPITAL 1636,101635,OH,READM-30-PN-HRRP,540,,0.974,0.2294,0.2355,124,07/01/2020,06/30/2023
SAMPLE HOSPITAL 1636,101635,OH,READM-30-AMI-HRRP,749,,1.0914,0.2481,0.2273,186,07/01/2020,06/30/2023
SAMPLE HOSPITAL 1636,101635,OH,READM-30-HF-HRRP,274,,1.0569,0.1665,0.1575,46,07/01/2020,06/30/2023
SAMPLE HOSPITAL 1636,101635,OH,READM-30-HIP-KNEE-HRRP,633,,1.031,0.2376,0.2305,150,07/01/2020,06/30/2023
SAMPLE HOSPITAL 1636,101635,OH,READM-30-CABG-HRRP,125,,0.987,0.2546,0.258,32,07/01/2020,06/30/2023
SAMPLE HOSPITAL 1637,101636,NV,READM-30-PN-HRRP,77,,0.9362,0.1202,0.1284,9,07/01/2020,06/30/2023
SAMPLE HOSPITAL 1637,101636,NV,READM-30-COPD-HRRP,798,,1.0088,0.1897,0.188,151,07/01/2020,06/30/2023
SAMPLE HOSPITAL 1637,101636,NV,READM-30-AMI-HRRP,333,,1.0711,0.2426,0.2265,81,07/01/2020,06/30/2023
SAMPLE HOSPITAL 1638,101637,RI,READM-30-AMI-HRRP,423,,1.0005,0.2162,0.2161,91,07/01/2020,06/30/2023
SAMPLE HOSPITAL 1638,101637,RI,READM-30-COPD-HRRP,230,,1.007,0.1943,0.1929,45,07/01/2020,06/30/2023
SAMPLE HOSPITAL 1638,101637,RI,READM-30-PN-HRRP,234,,0.9853,0.2192,0.2225,51,07/01/2020,06/30/2023
SAMPLE HOSPITAL 1638,101637,RI,READM-30-CABG-HRRP,366,,0.9971,0.1249,0.1253,46,07/01/2020,06/30/2023
SAMPLE HOSPITAL 1638,101637,RI,READM-30-HIP-KNEE-HRRP,38,,0.8642,0.1093,0.1265,4,07/01/2020,06/30/2023
SAMPLE HOSPITAL 1639,101638,SC,READM-30-AMI-HRRP,296,,0.9819,0.1385,0.1411,41,07/01/2020,06/30/2023
SAMPLE HOSPITAL 1639,101638,SC,READM-30-COPD-HRRP,291,,0.9883,0.1923,0.1946,56,07/01/2020,06/30/2023
SAMPLE HOSPITAL 1639,101638,SC,READM-30-CABG-HRRP,608,,1.002,0.1217,0.1215,74,07/01/2020,06/30/2023
SAMPLE HOSPITAL 1639,101638,SC,READM-30-PN-HRRP,523,,0.9549,0.2036,0.2132,106,07/01/2020,06/30/2023
SAMPLE HOSPITAL 1639,101638,SC,READM-30-HIP-KNEE-HRRP,278,,0.8968,0.2099,0.234,58,07/01/2020,06/30/2023
SAMPLE HOSPITAL 1639,101638,SC,READM-30-HF-HRRP,177,,0.9209,0.2161,0.2347,38,07/01/2020,06/30/2023
SAMPLE HOSPITAL 1640,101639,FL,READM-30-COPD-HRRP,32,,0.9314,0.1675,0.1798,5,07/01/2020,06/30/2023
SAMPLE HOSPITAL 1640,101639,FL,READM-30-HF-HRRP,262,,1.0337,0.2586,0.2502,68,07/01/2020,06/30/2023
SAMPLE HOSPITAL 1640,101639,FL,READM-30-CABG-HRRP,346,,0.9893,0.2391,0.2417,83,07/01/2020,06/30/2023
SAMPLE HOSPITAL 1640,101639,FL,READM-30-AMI-HRRP,220,,0.9517,0.1866,0.1961,41,07/01/2020,06/30/2023
SAMPLE HOSPITAL 1640,101639,FL,READM-30-HIP-KNEE-HRRP,380,,1.0364,0.2404,0.232,91,07/01/2020,06/30/2023
SAMPLE HOSPITAL 1641,101640,FL,READM-30-HIP-KNEE-HRRP,82,,1.0008,0.2446,0.2444,20,07/01/2020,06/30/2023
SAMPLE HOSPITAL 1641,101640,FL,READM-30-CABG-HRRP,174,,0.9691,0.143,0.1476,25,07/01/2020,06/30/2023
SAMPLE HOSPITAL 1641,101640,FL,READM-30-COPD-HRRP,80,,0.9797,0.1567,0.1599,13,07/01/2020,06/30/2023
SAMPLE HOSPITAL 1642,101641,VA,READM-30-CABG-HRRP,34,,1.0004,0.1811,0.181,6,07/01/2020,06/30/2023
SAMPLE HOSPITAL 1642,101641,VA,READM-30-COPD-HRRP,112,,1.1073,0.2093,0.189,23,07/01/2020,06/30/2023
SAMPLE HOSPITAL 1642,101641,VA,READM-30-HF-HRRP,270,,1.0146,0.257,0.2533,69,07/01/2020,06/30/2023
SAMPLE HOSPITAL 1643,101642,LA,READM-30-AMI-HRRP,318,,0.9964,0.1507,0.1512,48,07/01/2020,06/30/2023
SAMPLE HOSPITAL 1643,101642,LA,READM-30-HF-HRRP,38,,0.9692,0.1832,0.189,7,07/01/2020,06/30/2023
SAMPLE HOSPITAL 1643,101642,LA,READM-30-HIP-KNEE-HRRP,83,,1.0285,0.2614,0.2542,22,07/01/2020,06/30/2023
SAMPLE HOSPITAL 1643,101642,LA,READM-30-CABG-HRRP,604,,1.0421,0.2287,0.2195,138,07/01/2020,06/30/2023
SAMPLE HOSPITAL 1643,101642,LA,READM-30-COPD-HRRP,180,,1.0754,0.2595,0.2413,47,07/01/2020,06/30/2023
SAMPLE HOSPITAL 1643,101642,LA,READM-30-PN-HRRP,199,,1.0614,0.2714,0.2557,54,07/01/2020,06/30/2023
SAMPLE HOSPITAL 1644,101643,MI,READM-30-HF-HRRP,457,,0.9896,0.234,0.2365,107,07/01/2020,06/30/2023
SAMPLE HOSPITAL 1644,101643,MI,READM-30-HIP-KNEE-HRRP,268,,1.1008,0.2126,0.1931,57,07/01/2020,06/30/2023
SAMPLE HOSPITAL 1644,101643,MI,READM-30-PN-HRRP,317,,0.934,0.1932,0.2069,61,07/01/2020,06/30/2023
SAMPLE HOSPITAL 1644,101643,MI,READM-30-COPD-HRRP,157,,0.9051,0.1584,0.175,25,07/01/2020,06/30/2023
SAMPLE HOSPITAL 1644,101643,MI,READM-30-AMI-HRRP,138,,0.9852,0.2294,0.2328,32,07/01/2020,06/30/2023
SAMPLE HOSPITAL 1644,101643,MI,READM-30-CABG-HRRP,88,,0.9499,0.1246,0.1312,11,07/01/2020,06/30/2023
SAMPLE HOSPITAL 1645,101644,OK,READM-30-HF-HRRP,521,,1.0906,0.2132,0.1955,111,07/01/2020,06/30/2023
SAMPLE HOSPITAL 1645,101644,OK,READM-30-CABG-HRRP,98,,1.1018,0.1436,0.1303,14,07/01/2020,06/30/2023
SAMPLE HOSPITAL 1645,101644,OK,READM-30-HIP-KNEE-HRRP,139,,0.8878,0.1664,0.1874,23,07/01/2020,06/30/2023
SAMPLE HOSPITAL 1646,101645,FL,READM-30-AMI-HRRP,50,,0.904,0.1766,0.1954,9,07/01/2020,06/30/2023
SAMPLE HOSPITAL 1646,101645,FL,READM-30-CABG-HRRP,195,,1.063,0.1694,0.1594,33,07/01/2020,06/30/2023
SAMPLE HOSPITAL 1646,101645,FL,READM-30-PN-HRRP,426,,0.9239,0.2207,0.2389,94,07/01/2020,06/30/2023
SAMPLE HOSPITAL 1646,101645,FL,READM-30-HIP-KNEE-HRRP,264,,1.1346,0.1738,0.1532,46,07/01/2020,06/30/2023
SAMPLE HOSPITAL 1647,101646,IA,READM-30-COPD-HRRP,266,,0.9874,0.1751,0.1773,47,07/01/2020,06/30/2023
SAMPLE HOSPITAL 1647,101646,IA,READM-30-HIP-KNEE-HRRP,213,,0.9522,0.2164,0.2273,46,07/01/2020,06/30/2023
SAMPLE HOSPITAL 1647,101646,IA,READM-30-CABG-HRRP,Too Few to Report,1,Too Few to Report,,,,07/01/2020,06/30/2023
SAMPLE HOSPITAL 1648,101647,NC,READM-30-COPD-HRRP,330,,1.0433,0.1826,0.175,60,07/01/2020,06/30/2023
SAMPLE HOSPITAL 1648,101647,NC,READM-30-HF-HRRP,211,,1.0478,0.2047,0.1954,43,07/01/2020,06/30/2023
SAMPLE HOSPITAL 1648,101647,NC,READM-30-CABG-HRRP,211,,0.904,0.1709,0.189,36,07/01/2020,06/30/2023
SAMPLE HOSPITAL 1648,101647,NC,READM-30-AMI-HRRP,111,,1.011,0.2626,0.2597,29,07/01/2020,06/30/2023
SAMPLE HOSPITAL 1648,101647,NC,READM-30-HIP-KNEE-HRRP,101,,0.9071,0.1264,0.1393,13,07/01/2020,06/30/2023
SAMPLE HOSPITAL 1649,101648,HI,READM-30-HF-HRRP,528,,0.8603,0.188,0.2185,99,07/01/2020,06/30/2023
SAMPLE HOSPITAL 1649,101648,HI,READM-30-HIP-KNEE-HRRP,82,,1.0043,0.1835,0.1827,15,07/01/2020,06/30/2023
SAMPLE HOSPITAL 1649,101648,HI,READM-30-COPD-HRRP,57,,0.9538,0.1269,0.133,7,07/01/2020,06/30/2023
SAMPLE HOSPITAL 1649,101648,HI,READM-30-PN-HRRP,124,,1.1258,0.2447,0.2174,30,07/01/2020,06/30/2023
SAMPLE HOSPITAL 1649,101648,HI,READM-30-CABG-HRRP,44,,1.0992,0.2707,0.2463,12,07/01/2020,06/30/2023
SAMPLE HOSPITAL 1650,101649,AL,READM-30-COPD-HRRP,824,,0.9339,0.2323,0.2487,191,07/01/2020,06/30/2023
SAMPLE HOSPITAL 1650,101649,AL,READM-30-CABG-HRRP,1116,,1.0547,0.268,0.2541,299,07/01/2020,06/30/2023
SAMPLE HOSPITAL 1650,101649,AL,READM-30-PN-HRRP,159,,0.9934,0.1482,0.1492,24,07/01/2020,06/30/2023
SAMPLE HOSPITAL 1651,101650,AL,READM-30-HIP-KNEE-HRRP,427,,0.9479,0.1385,0.1461,59,07/01/2020,06/30/2023
SAMPLE HOSPITAL 1651,101650,AL,READM-30-CABG-HRRP,428,,0.9775,0.1903,0.1947,81,07/01/2020,06/30/2023
SAMPLE HOSPITAL 1651,101650,AL,READM-30-HF-HRRP,Too Few to Report,1,Too Few to Report,,,,07/01/2020,06/30/2023
SAMPLE HOSPITAL 1652,101651,OR,READM-30-PN-HRRP,100,,0.915,0.165,0.1803,16,07/01/2020,06/30/2023
SAMPLE HOSPITAL 1652,101651,OR,READM-30-AMI-HRRP,189,,1.0921,0.2614,0.2394,49,07/01/2020,06/30/2023
SAMPLE HOSPITAL 1652,101651,OR,READM-30-COPD-HRRP,1624,,1.0498,0.1983,0.1889,322,07/01/2020,06/30/2023
SAMPLE HOSPITAL 1652,101651,OR,READM-30-HF-HRRP,68,,1.0267,0.163,0.1588,11,07/01/2020,06/30/2023
SAMPLE HOSPITAL 1652,101651,OR,READM-30-HIP-KNEE-HRRP,55,,1.0365,0.155,0.1495,9,07/01/2020,06/30/2023
SAMPLE HOSPITAL 1652,101651,OR,READM-30-CABG-HRRP,495,,1.0373,0.1466,0.1413,73,07/01/2020,06/30/2023
SAMPLE HOSPITAL 1653,101652,KY,READM-30-HIP-KNEE-HRRP,360,,1.035,0.1277,0.1234,46,07/01/2020,06/30/2023
SAMPLE HOSPITAL 1653,101652,KY,READM-30-CABG-HRRP,75,,0.937,0.1566,0.1671,12,07/01/2020,06/30/2023
SAMPLE HOSPITAL 1653,101652,KY,READM-30-PN-HRRP,196,,0.971,0.2464,0.2538,48,07/01/2020,06/30/2023
SAMPLE HOSPITAL 1653,101652,KY,READM-30-AMI-HRRP,342,,0.9278,0.1924,0.2074,66,07/01/2020,06/30/2023
SAMPLE HOSPITAL 1653,101652,KY,READM-30-COPD-HRRP,548,,0.8963,0.2175,0.2427,119,07/01/2020,06/30/2023
SAMPLE HOSPITAL 1654,101653,OR,READM-30-CABG-HRRP,68,,1.0127,0.2358,0.2328,16,07/01/2020,06/30/2023
SAMPLE HOSPITAL 1654,101653,OR,READM-30-HF-HRRP,256,,1.103,0.2602,0.2359,67,07/01/2020,06/30/2023
SAMPLE HOSPITAL 1654,101653,OR,READM-30-PN-HRRP,486,,0.9694,0.1247,0.1286,61,07/01/2020,06/30/2023
SAMPLE HOSPITAL 1654,101653,OR,READM-30-HIP-KNEE-HRRP,336,,0.9373,0.1943,0.2073,65,07/01/2020,06/30/2023
SAMPLE HOSPITAL 1655,101654,NM,READM-30-CABG-HRRP,163,,1.0427,0.2052,0.1968,33,07/01/2020,06/30/2023
SAMPLE HOSPITAL 1655,101654,NM,READM-30-HIP-KNEE-HRRP,133,,1.0791,0.2198,0.2037,29,07/01/2020,06/30/2023
SAMPLE HOSPITAL 1655,101654,NM,READM-30-HF-HRRP,414,,0.9918,0.2338,0.2357,97,07/01/2020,06/30/2023
SAMPLE HOSPITAL 1655,101654,NM,READM-30-COPD-HRRP,192,,1.0338,0.14,0.1354,27,07/01/2020,06/30/2023
SAMPLE HOSPITAL 1655,101654,NM,READM-30-PN-HRRP,154,,1.0192,0.261,0.2561,40,07/01/2020,06/30/2023
SAMPLE HOSPITAL 1656,101655,IN,READM-30-COPD-HRRP,1126,,0.9415,0.1267,0.1346,143,07/01/2020,06/30/2023
SAMPLE HOSPITAL 1656,101655,IN,READM-30-CABG-HRRP,94,,0.9406,0.1939,0.2061,18,07/01/2020,06/30/2023
SAMPLE HOSPITAL 1656,101655,IN,READM-30-PN-HRRP,228,,0.9201,0.1588,0.1726,36,07/01/2020,06/30/2023
SAMPLE HOSPITAL 1656,101655,IN,READM-30-HIP-KNEE-HRRP,72,,0.9322,0.2021,0.2168,15,07/01/2020,06/30/2023
SAMPLE HOSPITAL 1656,101655,IN,READM-30-HF-HRRP,156,,0.9969,0.1684,0.1689,26,07/01/2020,06/30/2023
SAMPLE HOSPITAL 1657,101656,IA,READM-30-AMI-HRRP,563,,1.0082,0.2578,0.2557,145,07/01/2020,06/30/2023
SAMPLE HOSPITAL 1657,101656,IA,READM-30-CABG-HRRP,89,,0.9599,0.1951,0.2032,17,07/01/2020,06/30/2023
SAMPLE HOSPITAL 1657,101656,IA,READM-30-PN-HRRP,211,,1.0443,0.2552,0.2444,54,07/01/2020,06/30/2023
SAMPLE HOSPITAL 1657,101656,IA,READM-30-HIP-KNEE-HRRP,264,,1.0239,0.1922,0.1877,51,07/01/2020,06/30/2023
SAMPLE HOSPITAL 1657,101656,IA,READM-30-HF-HRRP,77,,0.9477,0.1174,0.1239,9,07/01/2020,06/30/2023
SAMPLE HOSPITAL 1657,101656,IA,READM-30-COPD-HRRP,143,,0.9852,0.246,0.2497,35,07/01/2020,06/30/2023
SAMPLE HOSPITAL 1658,101657,MI,READM-30-HF-HRRP,216,,0.9965,0.2481,0.249,54,07/01/2020,06/30/2023
SAMPLE HOSPITAL 1658,101657,MI,READM-30-CABG-HRRP,65,,0.9778,0.147,0.1503,10,07/01/2020,06/30/2023
SAMPLE HOSPITAL 1658,101657,MI,READM-30-HIP-KNEE-HRRP,440,,0.9717,0.1905,0.196,84,07/01/2020,06/30/2023
SAMPLE HOSPITAL 1658,101657,MI,READM-30-AMI-HRRP,405,,0.9944,0.1778,0.1788,72,07/01/2020,06/30/2023
SAMPLE HOSPITAL 1658,101657,MI,READM-30-COPD-HRRP,177,,0.9371,0.1186,0.1266,21,07/01/2020,06/30/2023
SAMPLE HOSPITAL 1658,101657,MI,READM-30-PN-HRRP,267,,0.9931,0.144,0.145,38,07/01/2020,06/30/2023
SAMPLE HOSPITAL 1659,101658,VA,READM-30-HF-HRRP,147,,0.9775,0.202,0.2066,30,07/01/2020,06/30/2023
SAMPLE HOSPITAL 1659,101658,VA,READM-30-COPD-HRRP,134,,1.0747,0.1526,0.142,20,07/01/2020,06/30/2023
SAMPLE HOSPITAL 1659,101658,VA,READM-30-AMI-HRRP,198,,0.9971,0.256,0.2567,51,07/01/2020,06/30/2023
SAMPLE HOSPITAL 1660,101659,OH,READM-30-CABG-HRRP,90,,1.0537,0.1283,0.1218,12,07/01/2020,06/30/2023
SAMPLE HOSPITAL 1660,101659,OH,READM-30-COPD-HRRP,Too Few to Report,1,Too Few to Report,,,,07/01/2020,06/30/2023
SAMPLE HOSPITAL 1660,101659,OH,READM-30-PN-HRRP,215,,1.1752,0.2185,0.1859,47,07/01/2020,06/30/2023
SAMPLE HOSPITAL 1660,101659,OH,READM-30-HIP-KNEE-HRRP,175,,1.1163,0.249,0.2231,44,07/01/2020,06/30/2023
SAMPLE HOSPITAL 1660,101659,OH,READM-30-HF-HRRP,582,,0.9584,0.1431,0.1493,83,07/01/2020,06/30/2023
SAMPLE HOSPITAL 1661,101660,MN,READM-30-COPD-HRRP,166,,1.0144,0.1567,0.1545,26,07/01/2020,06/30/2023
SAMPLE HOSPITAL 1661,101660,MN,READM-30-CABG-HRRP,424,,0.9654,0.2084,0.2159,88,07/01/2020,06/30/2023
SAMPLE HOSPITAL 1661,101660,MN,READM-30-HIP-KNEE-HRRP,99,,0.91,0.1319,0.1449,13,07/01/2020,06/30/2023
SAMPLE HOSPITAL 1661,101660,MN,READM-30-HF-HRRP,309,,0.92,0.1262,0.1372,39,07/01/2020,06/30/2023
SAMPLE HOSPITAL 1661,101660,MN,READM-30-PN-HRRP,58,,1.0583,0.2639,0.2494,15,07/01/2020,06/30/2023
SAMPLE HOSPITAL 1662,101661,CT,READM-30-CABG-HRRP,475,,1.0335,0.1519,0.147,72,07/01/2020,06/30/2023
SAMPLE HOSPITAL 1662,101661,CT,READM-30-HF-HRRP,137,,1.1358,0.2549,0.2244,35,07/01/2020,06/30/2023
SAMPLE HOSPITAL 1662,101661,CT,READM-30-AMI-HRRP,513,,0.9931,0.2388,0.2405,123,07/01/2020,06/30/2023
SAMPLE HOSPITAL 1662,101661,CT,READM-30-COPD-HRRP,835,,1.067,0.2425,0.2273,202,07/01/2020,06/30/2023
SAMPLE HOSPITAL 1662,101661,CT,READM-30-PN-HRRP,281,,1.1152,0.2807,0.2517,79,07/01/2020,06/30/2023
SAMPLE HOSPITAL 1662,101661,CT,READM-30-HIP-KNEE-HRRP,44,,0.9279,0.2115,0.2279,9,07/01/2020,06/30/2023
SAMPLE HOSPITAL 1663,101662,CT,READM-30-HF-HRRP,50,,0.9431,0.2176,0.2307,11,07/01/2020,06/30/2023
SAMPLE HOSPITAL 1663,101662,CT,READM-30-HIP-KNEE-HRRP,322,,0.8519,0.1096,0.1286,35,07/01/2020,06/30/2023
SAMPLE HOSPITAL 1663,101662,CT,READM-30-AMI-HRRP,285,,0.9479,0.1625,0.1714,46,07/01/2020,06/30/2023
SAMPLE HOSPITAL 1664,101663,AR,READM-30-COPD-HRRP,189,,0.9997,0.2264,0.2265,43,07/01/2020,06/30/2023
SAMPLE HOSPITAL 1664,101663,AR,READM-30-CABG-HRRP,118,,1.0316,0.2143,0.2077,25,07/01/2020,06/30/2023
SAMPLE HOSPITAL 1664,101663,AR,READM-30-HF-HRRP,157,,0.8689,0.1097,0.1262,17,07/01/2020,06/30/2023
SAMPLE HOSPITAL 1664,101663,AR,READM-30-HIP-KNEE-HRRP,59,,0.952,0.237,0.249,14,07/01/2020,06/30/2023
SAMPLE HOSPITAL 1664,101663,AR,READM-30-AMI-HRRP,487,,0.9696,0.2035,0.2099,99,07/01/2020,06/30/2023
SAMPLE HOSPITAL 1664,101663,AR,READM-30-PN-HRRP,423,,1.0564,0.1482,0.1403,63,07/01/2020,06/30/2023
SAMPLE HOSPITAL 1665,101664,VT,READM-30-AMI-HRRP,237,,1.0915,0.2298,0.2105,54,07/01/2020,06/30/2023
SAMPLE HOSPITAL 1665,101664,VT,READM-30-HIP-KNEE-HRRP,133,,0.9535,0.12,0.1258,16,07/01/2020,06/30/2023
SAMPLE HOSPITAL 1665,101664,VT,READM-30-COPD-HRRP,347,,0.9818,0.2039,0.2077,71,07/01/2020,06/30/2023
SAMPLE HOSPITAL 1665,101664,VT,READM-30-CABG-HRRP,120,,1.0727,0.2491,0.2322,30,07/01/2020,06/30/2023
SAMPLE HOSPITAL 1665,101664,VT,READM-30-PN-HRRP,42,,1.1224,0.2131,0.1899,9,07/01/2020,06/30/2023
SAMPLE HOSPITAL 1666,101665,CO,READM-30-HF-HRRP,52,,1.0102,0.201,0.199,10,07/01/2020,06/30/2023
SAMPLE HOSPITAL 1666,101665,CO,READM-30-HIP-KNEE-HRRP,99,,1.0211,0.1513,0.1482,15,07/01/2020,06/30/2023
SAMPLE HOSPITAL 1666,101665,CO,READM-30-CABG-HRRP,169,,0.9953,0.2257,0.2268,38,07/01/2020,06/30/2023
SAMPLE HOSPITAL 1666,101665,CO,READM-30-COPD-HRRP,460,,0.974,0.2171,0.2229,100,07/01/2020,06/30/2023
SAMPLE HOSPITAL 1666,101665,CO,READM-30-AMI-HRRP,88,,0.9619,0.1649,0.1714,15,07/01/2020,06/30/2023
SAMPLE HOSPITAL 1667,101666,NH,READM-30-CABG-HRRP,466,,0.9892,0.1591,0.1608,74,07/01/2020,06/30/2023
SAMPLE HOSPITAL 1667,101666,NH,READM-30-PN-HRRP,80,,0.9022,0.1167,0.1294,9,07/01/2020,06/30/2023
SAMPLE HOSPITAL 1667,101666,NH,READM-30-AMI-HRRP,229,,0.9543,0.1252,0.1312,29,07/01/2020,06/30/2023
SAMPLE HOSPITAL 1667,101666,NH,READM-30-HF-HRRP,485,,0.8927,0.1997,0.2237,97,07/01/2020,06/30/2023
SAMPLE HOSPITAL 1667,101666,NH,READM-30-HIP-KNEE-HRRP,1703,,0.8891,0.1439,0.1619,245,07/01/2020,06/30/2023
SAMPLE HOSPITAL 1667,101666,NH,READM-30-COPD-HRRP,918,,1.0106,0.1597,0.158,147,07/01/2020,06/30/2023
SAMPLE HOSPITAL 1668,101667,RI,READM-30-HIP-KNEE-HRRP,117,,1.0676,0.1941,0.1818,23,07/01/2020,06/30/2023
SAMPLE HOSPITAL 1668,101667,RI,READM-30-PN-HRRP,445,,0.9251,0.1266,0.1369,56,07/01/2020,06/30/2023
SAMPLE HOSPITAL 1668,101667,RI,READM-30-AMI-HRRP,568,,1.0435,0.2479,0.2376,141,07/01/2020,06/30/2023
SAMPLE HOSPITAL 1668,101667,RI,READM-30-CABG-HRRP,76,,0.9634,0.1213,0.1259,9,07/01/2020,06/30/2023
SAMPLE HOSPITAL 1668,101667,RI,READM-30-HF-HRRP,95,,0.9846,0.2374,0.2411,23,07/01/2020,06/30/2023
SAMPLE HOSPITAL 1669,101668,AR,READM-30-CABG-HRRP,41,,1.0889,0.1679,0.1542,7,07/01/2020,06/30/2023
SAMPLE HOSPITAL 1669,101668,AR,READM-30-PN-HRRP,73,,0.9953,0.1618,0.1626,12,07/01/2020,06/30/2023
SAMPLE HOSPITAL 1669,101668,AR,READM-30-COPD-HRRP,218,,0.9112,0.1549,0.17,34,07/01/2020,06/30/2023
SAMPLE HOSPITAL 1670,101669,CA,READM-30-PN-HRRP,165,,1.1013,0.2411,0.2189,40,07/01/2020,06/30/2023
SAMPLE HOSPITAL 1670,101669,CA,READM-30-HIP-KNEE-HRRP,81,,0.9572,0.1754,0.1832,14,07/01/2020,06/30/2023
SAMPLE HOSPITAL 1670,101669,CA,READM-30-HF-HRRP,42,,1.0544,0.2411,0.2287,10,07/01/2020,06/30/2023
SAMPLE HOSPITAL 1670,101669,CA,READM-30-AMI-HRRP,816,,1.0125,0.1525,0.1506,124,07/01/2020,06/30/2023
SAMPLE HOSPITAL 1670,101669,CA,READM-30-COPD-HRRP,133,,0.9604,0.1564,0.1629,21,07/01/2020,06/30/2023
SAMPLE HOSPITAL 1670,101669,CA,READM-30-CABG-HRRP,264,,0.9645,0.1454,0.1508,38,07/01/2020,06/30/2023
SAMPLE HOSPITAL 1671,101670,OH,READM-30-HF-HRRP,630,,0.9513,0.1218,0.128,77,07/01/2020,06/30/2023
SAMPLE HOSPITAL 1671,101670,OH,READM-30-HIP-KNEE-HRRP,161,,1.0531,0.1309,0.1243,21,07/01/2020,06/30/2023
SAMPLE HOSPITAL 1671,101670,OH,READM-30-COPD-HRRP,314,,1.0703,0.1303,0.1217,41,07/01/2020,06/30/2023
SAMPLE HOSPITAL 1671,101670,OH,READM-30-AMI-HRRP,243,,1.0295,0.2546,0.2473,62,07/01/2020,06/30/2023
SAMPLE HOSPITAL 1671,101670,OH,READM-30-PN-HRRP,29,,0.961,0.1756,0.1827,5,07/01/2020,06/30/2023
SAMPLE HOSPITAL 1671,101670,OH,READM-30-CABG-HRRP,86,,0.9401,0.1464,0.1557,13,07/01/2020,06/30/2023
SAMPLE HOSPITAL 1672,101671,OR,READM-30-AMI-HRRP,1707,,1.0747,0.2265,0.2108,387,07/01/2020,06/30/2023
SAMPLE HOSPITAL 1672,101671,OR,READM-30-COPD-HRRP,67,,1.1305,0.2258,0.1997,15,07/01/2020,06/30/2023
SAMPLE HOSPITAL 1672,101671,OR,READM-30-PN-HRRP,836,,1.082,0.1597,0.1476,134,07/01/2020,06/30/2023
SAMPLE HOSPITAL 1673,101672,NM,READM-30-AMI-HRRP,29,,1.0876,0.1469,0.1351,4,07/01/2020,06/30/2023
SAMPLE HOSPITAL 1673,101672,NM,READM-30-COPD-HRRP,44,,1.0654,0.1803,0.1692,8,07/01/2020,06/30/2023
SAMPLE HOSPITAL 1673,101672,NM,READM-30-HF-HRRP,118,,1.1042,0.1522,0.1378,18,07/01/2020,06/30/2023
SAMPLE HOSPITAL 1673,101672,NM,READM-30-CABG-HRRP,530,,1.0532,0.2694,0.2558,143,07/01/2020,06/30/2023
SAMPLE HOSPITAL 1674,101673,OR,READM-30-HIP-KNEE-HRRP,153,,1.0196,0.2613,0.2563,40,07/01/2020,06/30/2023
SAMPLE HOSPITAL 1674,101673,OR,READM-30-AMI-HRRP,952,,1.0759,0.2065,0.1919,197,07/01/2020,06/30/2023
SAMPLE HOSPITAL 1674,101673,OR,READM-30-COPD-HRRP,54,,1.12,0.2595,0.2317,14,07/01/2020,06/30/2023
SAMPLE HOSPITAL 1674,101673,OR,READM-30-CABG-HRRP,98,,1.061,0.195,0.1838,19,07/01/2020,06/30/2023
SAMPLE HOSPITAL 1674,101673,OR,READM-30-PN-HRRP,298,,0.9081,0.1619,0.1783,48,07/01/2020,06/30/2023
SAMPLE HOSPITAL 1674,101673,OR,READM-30-HF-HRRP,307,,1.0213,0.2389,0.2339,73,07/01/2020,06/30/2023
SAMPLE HOSPITAL 1675,101674,MO,READM-30-PN-HRRP,250,,0.8963,0.1626,0.1814,41,07/01/2020,06/30/2023
SAMPLE HOSPITAL 1675,101674,MO,READM-30-HF-HRRP,344,,0.9148,0.2057,0.2249,71,07/01/2020,06/30/2023
SAMPLE HOSPITAL 1675,101674,MO,READM-30-COPD-HRRP,41,,1.0239,0.1422,0.1389,6,07/01/2020,06/30/2023
SAMPLE HOSPITAL 1676,101675,KY,READM-30-PN-HRRP,585,,1.016,0.1407,0.1385,82,07/01/2020,06/30/2023
SAMPLE HOSPITAL 1676,101675,KY,READM-30-HF-HRRP,797,,0.9263,0.1728,0.1865,138,07/01/2020,06/30/2023
SAMPLE HOSPITAL 1676,101675,KY,READM-30-CABG-HRRP,98,,1.0596,0.1398,0.1319,14,07/01/2020,06/30/2023
SAMPLE HOSPITAL 1677,101676,IA,READM-30-HF-HRRP,517,,0.9641,0.2363,0.2451,122,07/01/2020,06/30/2023
SAMPLE HOSPITAL 1677,101676,IA,READM-30-CABG-HRRP,70,,0.8039,0.2018,0.251,14,07/01/2020,06/30/2023
SAMPLE HOSPITAL 1677,101676,IA,READM-30-AMI-HRRP,192,,0.8443,0.1603,0.1899,31,07/01/2020,06/30/2023
SAMPLE HOSPITAL 1678,101677,NC,READM-30-PN-HRRP,1056,,0.989,0.2562,0.2591,271,07/01/2020,06/30/2023
SAMPLE HOSPITAL 1678,101677,NC,READM-30-AMI-HRRP,120,,1.077,0.1941,0.1802,23,07/01/2020,06/30/2023
SAMPLE HOSPITAL 1678,101677,NC,READM-30-CABG-HRRP,670,,1.0493,0.2086,0.1988,140,07/01/2020,06/30/2023
SAMPLE HOSPITAL 1678,101677,NC,READM-30-HIP-KNEE-HRRP,196,,1.033,0.2545,0.2464,50,07/01/2020,06/30/2023
SAMPLE HOSPITAL 1678,101677,NC,READM-30-COPD-HRRP,108,,1.0115,0.2558,0.2529,28,07/01/2020,06/30/2023
SAMPLE HOSPITAL 1678,101677,NC,READM-30-HF-HRRP,38,,1.0466,0.1973,0.1885,7,07/01/2020,06/30/2023
SAMPLE HOSPITAL 1679,101678,NJ,READM-30-HIP-KNEE-HRRP,137,,0.9932,0.2085,0.2099,29,07/01/2020,06/30/2023
SAMPLE HOSPITAL 1679,101678,NJ,READM-30-CABG-HRRP,118,,0.9442,0.2058,0.218,24,07/01/2020,06/30/2023
SAMPLE HOSPITAL 1679,101678,NJ,READM-30-HF-HRRP,264,,1.1165,0.1801,0.1613,48,07/01/2020,06/30/2023
SAMPLE HOSPITAL 1679,101678,NJ,READM-30-AMI-HRRP,124,,1.0399,0.1474,0.1417,18,07/01/2020,06/30/2023
SAMPLE HOSPITAL 1679,101678,NJ,READM-30-PN-HRRP,426,,0.9227,0.124,0.1344,53,07/01/2020,06/30/2023
SAMPLE HOSPITAL 1679,101678,NJ,READM-30-COPD-HRRP,71,,1.089,0.2328,0.2138,17,07/01/2020,06/30/2023
SAMPLE HOSPITAL 1680,101679,MD,READM-30-AMI-HRRP,64,,1.0161,0.1356,0.1335,9,07/01/2020,06/30/2023
SAMPLE HOSPITAL 1680,101679,MD,READM-30-CABG-HRRP,614,,0.987,0.1931,0.1956,119,07/01/2020,06/30/2023
SAMPLE HOSPITAL 1680,101679,MD,READM-30-PN-HRRP,173,,0.9961,0.2116,0.2124,37,07/01/2020,06/30/2023
SAMPLE HOSPITAL 1681,101680,MN,READM-30-CABG-HRRP,427,,0.9245,0.1946,0.2105,83,07/01/2020,06/30/2023
SAMPLE HOSPITAL 1681,101680,MN,READM-30-COPD-HRRP,342,,1.0522,0.1291,0.1227,44,07/01/2020,06/30/2023
SAMPLE HOSPITAL 1681,101680,MN,READM-30-HF-HRRP,400,,0.9873,0.1433,0.1451,57,07/01/2020,06/30/2023
SAMPLE HOSPITAL 1681,101680,MN,READM-30-HIP-KNEE-HRRP,915,,0.9957,0.2443,0.2454,224,07/01/2020,06/30/2023
SAMPLE HOSPITAL 1682,101681,DE,READM-30-PN-HRRP,209,,0.9365,0.1893,0.2021,40,07/01/2020,06/30/2023
SAMPLE HOSPITAL 1682,101681,DE,READM-30-HF-HRRP,229,,0.9731,0.1835,0.1886,42,07/01/2020,06/30/2023
SAMPLE HOSPITAL 1682,101681,DE,READM-30-CABG-HRRP,62,,1.0151,0.1967,0.1938,12,07/01/2020,06/30/2023
SAMPLE HOSPITAL 1682,101681,DE,READM-30-AMI-HRRP,105,,0.9646,0.2307,0.2392,24,07/01/2020,06/30/2023
SAMPLE HOSPITAL 1682,101681,DE,READM-30-COPD-HRRP,66,,0.9889,0.149,0.1507,10,07/01/2020,06/30/2023
SAMPLE HOSPITAL 1683,101682,CA,READM-30-HF-HRRP,230,,1.0575,0.2113,0.1998,49,07/01/2020,06/30/2023
SAMPLE HOSPITAL 1683,101682,CA,READM-30-AMI-HRRP,606,,1.1314,0.1656,0.1464,100,07/01/2020,06/30/2023
SAMPLE HOSPITAL 1683,101682,CA,READM-30-HIP-KNEE-HRRP,127,,1.071,0.2145,0.2003,27,07/01/2020,06/30/2023
SAMPLE HOSPITAL 1684,101683,NV,READM-30-HIP-KNEE-HRRP,536,,1.009,0.1987,0.1969,107,07/01/2020,06/30/2023
SAMPLE HOSPITAL 1684,101683,NV,READM-30-AMI-HRRP,119,,0.9735,0.2251,0.2312,27,07/01/2020,06/30/2023
SAMPLE HOSPITAL 1684,101683,NV,READM-30-HF-HRRP,970,,0.9696,0.2132,0.2199,207,07/01/2020,06/30/2023
SAMPLE HOSPITAL 1684,101683,NV,READM-30-PN-HRRP,104,,1.0829,0.259,0.2392,27,07/01/2020,06/30/2023
SAMPLE HOSPITAL 1684,101683,NV,READM-30-CABG-HRRP,115,,0.9767,0.1508,0.1544,17,07/01/2020,06/30/2023
SAMPLE HOSPITAL 1685,101684,VT,READM-30-CABG-HRRP,92,,0.9395,0.133,0.1416,12,07/01/2020,06/30/2023
SAMPLE HOSPITAL 1685,101684,VT,READM-30-PN-HRRP,250,,0.9563,0.147,0.1537,37,07/01/2020,06/30/2023
SAMPLE HOSPITAL 1685,101684,VT,READM-30-COPD-HRRP,55,,1.0248,0.2369,0.2312,13,07/01/2020,06/30/2023
SAMPLE HOSPITAL 1685,101684,VT,READM-30-HF-HRRP,168,,0.9966,0.1783,0.1789,30,07/01/2020,06/30/2023
SAMPLE HOSPITAL 1685,101684,VT,READM-30-HIP-KNEE-HRRP,202,,0.9237,0.2107,0.2281,43,07/01/2020,06/30/2023
SAMPLE HOSPITAL 1685,101684,VT,READM-30-AMI-HRRP,445,,1.0763,0.1755,0.1631,78,07/01/2020,06/30/2023
SAMPLE HOSPITAL 1686,101685,OH,READM-30-CABG-HRRP,170,,1.0366,0.1388,0.1339,24,07/01/2020,06/30/2023
SAMPLE HOSPITAL 1686,101685,OH,READM-30-PN-HRRP,61,,0.9415,0.1201,0.1276,7,07/01/2020,06/30/2023
SAMPLE HOSPITAL 1686,101685,OH,READM-30-HF-HRRP,1093,,0.9276,0.1441,0.1554,158,07/01/2020,06/30/2023
SAMPLE HOSPITAL 1687,101686,TX,READM-30-PN-HRRP,131,,0.8414,0.2127,0.2528,28,07/01/2020,06/30/2023
SAMPLE HOSPITAL 1687,101686,TX,READM-30-COPD-HRRP,254,,1.0171,0.1704,0.1675,43,07/01/2020,06/30/2023
SAMPLE HOSPITAL 1687,101686,TX,READM-30-AMI-HRRP,183,,0.9864,0.1728,0.1752,32,07/01/2020,06/30/2023
SAMPLE HOSPITAL 1687,101686,TX,READM-30-CABG-HRRP,558,,1.0151,0.2163,0.2131,121,07/01/2020,06/30/2023
SAMPLE HOSPITAL 1688,101687,OH,READM-30-COPD-HRRP,217,,0.9913,0.2044,0.2062,44,07/01/2020,06/30/2023
SAMPLE HOSPITAL 1688,101687,OH,READM-30-HF-HRRP,308,,0.877,0.1466,0.1672,45,07/01/2020,06/30/2023
SAMPLE HOSPITAL 1688,101687,OH,READM-30-AMI-HRRP,116,,1.0632,0.1498,0.1409,17,07/01/2020,06/30/2023
SAMPLE HOSPITAL 1688,101687,OH,READM-30-CABG-HRRP,157,,0.9614,0.1602,0.1666,25,07/01/2020,06/30/2023
SAMPLE HOSPITAL 1688,101687,OH,READM-30-PN-HRRP,522,,1.0297,0.2592,0.2517,135,07/01/2020,06/30/2023
SAMPLE HOSPITAL 1688,101687,OH,READM-30-HIP-KNEE-HRRP,130,,0.9857,0.158,0.1603,21,07/01/2020,06/30/2023
SAMPLE HOSPITAL 1689,101688,CA,READM-30-COPD-HRRP,457,,0.9393,0.1611,0.1715,74,07/01/2020,06/30/2023
SAMPLE HOSPITAL 1689,101688,CA,READM-30-HIP-KNEE-HRRP,65,,1.0839,0.2676,0.2469,17,07/01/2020,06/30/2023
SAMPLE HOSPITAL 1689,101688,CA,READM-30-CABG-HRRP,144,,0.9567,0.166,0.1735,24,07/01/2020,06/30/2023
SAMPLE HOSPITAL 1689,101688,CA,READM-30-AMI-HRRP,43,,1.0451,0.2674,0.2559,11,07/01/2020,06/30/2023
SAMPLE HOSPITAL 1689,101688,CA,READM-30-PN-HRRP,160,,1.0504,0.1666,0.1586,27,07/01/2020,06/30/2023
SAMPLE HOSPITAL 1690,101689,FL,READM-30-HF-HRRP,Too Few to Report,1,Too Few to Report,,,,07/01/2020,06/30/2023
SAMPLE HOSPITAL 1690,101689,FL,READM-30-PN-HRRP,430,,1.0053,0.1223,0.1217,53,07/01/2020,06/30/2023
SAMPLE HOSPITAL 1690,101689,FL,READM-30-COPD-HRRP,407,,0.9983,0.2573,0.2577,105,07/01/2020,06/30/2023
SAMPLE HOSPITAL 1690,101689,FL,READM-30-HIP-KNEE-HRRP,142,,0.8655,0.1284,0.1484,18,07/01/2020,06/30/2023
SAMPLE HOSPITAL 1690,101689,FL,READM-30-AMI-HRRP,607,,0.9959,0.2006,0.2014,122,07/01/2020,06/30/2023
SAMPLE HOSPITAL 1691,101690,VT,READM-30-CABG-HRRP,304,,0.9162,0.1998,0.2181,61,07/01/2020,06/30/2023
SAMPLE HOSPITAL 1691,101690,VT,READM-30-PN-HRRP,51,,0.8985,0.1579,0.1757,8,07/01/2020,06/30/2023
SAMPLE HOSPITAL 1691,101690,VT,READM-30-AMI-HRRP,110,,0.922,0.2045,0.2218,22,07/01/2020,06/30/2023
SAMPLE HOSPITAL 1691,101690,VT,READM-30-COPD-HRRP,701,,1.0017,0.1565,0.1562,110,07/01/2020,06/30/2023
SAMPLE HOSPITAL 1691,101690,VT,READM-30-HF-HRRP,147,,1.0105,0.1859,0.184,27,07/01/2020,06/30/2023
SAMPLE HOSPITAL 1691,101690,VT,READM-30-HIP-KNEE-HRRP,34,,1.0201,0.2087,0.2046,7,07/01/2020,06/30/2023
SAMPLE HOSPITAL 1692,101691,MN,READM-30-AMI-HRRP,133,,0.9269,0.2099,0.2264,28,07/01/2020,06/30/2023
SAMPLE HOSPITAL 1692,101691,MN,READM-30-HIP-KNEE-HRRP,394,,1.0014,0.1246,0.1244,49,07/01/2020,06/30/2023
SAMPLE HOSPITAL 1692,101691,MN,READM-30-CABG-HRRP,121,,0.9863,0.1603,0.1625,19,07/01/2020,06/30/2023
SAMPLE HOSPITAL 1692,101691,MN,READM-30-HF-HRRP,97,,0.9809,0.1726,0.176,17,07/01/2020,06/30/2023
SAMPLE HOSPITAL 1693,101692,UT,READM-30-HIP-KNEE-HRRP,46,,1.0373,0.2119,0.2043,10,07/01/2020,06/30/2023
SAMPLE HOSPITAL 1693,101692,UT,READM-30-AMI-HRRP,268,,1.0581,0.2646,0.2501,71,07/01/2020,06/30/2023
SAMPLE HOSPITAL 1693,101692,UT,READM-30-COPD-HRRP,130,,1.1417,0.1645,0.1441,21,07/01/2020,06/30/2023
SAMPLE HOSPITAL 1693,101692,UT,READM-30-PN-HRRP,Too Few to Report,1,Too Few to Report,,,,07/01/2020,06/30/2023
SAMPLE HOSPITAL 1693,101692,UT,READM-30-CABG-HRRP,243,,1.0951,0.282,0.2575,69,07/01/2020,06/30/2023
SAMPLE HOSPITAL 1693,101692,UT,READM-30-HF-HRRP,170,,0.9409,0.1283,0.1364,22,07/01/2020,06/30/2023
SAMPLE HOSPITAL 1694,101693,PA,READM-30-CABG-HRRP,809,,0.9315,0.241,0.2587,195,07/01/2020,06/30/2023
SAMPLE HOSPITAL 1694,101693,PA,READM-30-AMI-HRRP,193,,0.9231,0.1783,0.1932,34,07/01/2020,06/30/2023
SAMPLE HOSPITAL 1694,101693,PA,READM-30-HIP-KNEE-HRRP,72,,1.0194,0.2491,0.2444,18,07/01/2020,06/30/2023
SAMPLE HOSPITAL 1695,101694,CA,READM-30-HIP-KNEE-HRRP,183,,0.8981,0.1169,0.1302,21,07/01/2020,06/30/2023
SAMPLE HOSPITAL 1695,101694,CA,READM-30-HF-HRRP,51,,0.9204,0.1625,0.1765,8,07/01/2020,06/30/2023
SAMPLE HOSPITAL 1695,101694,CA,READM-30-PN-HRRP,380,,1.0617,0.2074,0.1953,79,07/01/2020,06/30/2023
SAMPLE HOSPITAL 1696,101695,OK,READM-30-COPD-HRRP,207,,1.0142,0.1891,0.1865,39,07/01/2020,06/30/2023
SAMPLE HOSPITAL 1696,101695,OK,READM-30-HIP-KNEE-HRRP,40,,1.0177,0.1285,0.1263,5,07/01/2020,06/30/2023
SAMPLE HOSPITAL 1696,101695,OK,READM-30-HF-HRRP,101,,1.0173,0.1433,0.1409,14,07/01/2020,06/30/2023
SAMPLE HOSPITAL 1697,101696,MO,READM-30-CABG-HRRP,157,,0.9549,0.1604,0.168,25,07/01/2020,06/30/2023
SAMPLE HOSPITAL 1697,101696,MO,READM-30-AMI-HRRP,942,,0.9867,0.2069,0.2097,195,07/01/2020,06/30/2023
SAMPLE HOSPITAL 1697,101696,MO,READM-30-PN-HRRP,196,,0.9273,0.1918,0.2068,38,07/01/2020,06/30/2023
SAMPLE HOSPITAL 1697,101696,MO,READM-30-HIP-KNEE-HRRP,178,,0.9013,0.1791,0.1987,32,07/01/2020,06/30/2023
SAMPLE HOSPITAL 1697,101696,MO,READM-30-HF-HRRP,318,,0.9349,0.1264,0.1352,40,07/01/2020,06/30/2023
SAMPLE HOSPITAL 1697,101696,MO,READM-30-COPD-HRRP,128,,0.9329,0.226,0.2423,29,07/01/2020,06/30/2023
SAMPLE HOSPITAL 1698,101697,MD,READM-30-HIP-KNEE-HRRP,201,,0.8974,0.1697,0.1891,34,07/01/2020,06/30/2023
SAMPLE HOSPITAL 1698,101697,MD,READM-30-AMI-HRRP,124,,0.9533,0.1478,0.155,18,07/01/2020,06/30/2023
SAMPLE HOSPITAL 1698,101697,MD,READM-30-COPD-HRRP,Too Few to Report,1,Too Few to Report,,,,07/01/2020,06/30/2023
SAMPLE HOSPITAL 1698,101697,MD,READM-30-CABG-HRRP,249,,1.0287,0.2342,0.2277,58,07/01/2020,06/30/2023
SAMPLE HOSPITAL 1698,101697,MD,READM-30-HF-HRRP,97,,0.9931,0.1949,0.1963,19,07/01/2020,06/30/2023
SAMPLE HOSPITAL 1698,101697,MD,READM-30-PN-HRRP,139,,0.8993,0.1736,0.193,24,07/01/2020,06/30/2023
SAMPLE HOSPITAL 1699,101698,OR,READM-30-PN-HRRP,319,,1.0778,0.245,0.2273,78,07/01/2020,06/30/2023
SAMPLE HOSPITAL 1699,101698,OR,READM-30-CABG-HRRP,344,,1.026,0.1451,0.1414,50,07/01/2020,06/30/2023
SAMPLE HOSPITAL 1699,101698,OR,READM-30-HIP-KNEE-HRRP,147,,1.0875,0.239,0.2198,35,07/01/2020,06/30/2023
SAMPLE HOSPITAL 1700,101699,CO,READM-30-PN-HRRP,816,,0.9493,0.1201,0.1265,98,07/01/2020,06/30/2023
SAMPLE HOSPITAL 1700,101699,CO,READM-30-COPD-HRRP,303,,1.0761,0.1733,0.161,53,07/01/2020,06/30/2023
SAMPLE HOSPITAL 1700,101699,CO,READM-30-AMI-HRRP,366,,1.0147,0.1613,0.159,59,07/01/2020,06/30/2023
SAMPLE HOSPITAL 1700,101699,CO,READM-30-HF-HRRP,73,,1.0156,0.248,0.2442,18,07/01/2020,06/30/2023
SAMPLE HOSPITAL 1701,101700,LA,READM-30-AMI-HRRP,40,,0.9773,0.2352,0.2407,9,07/01/2020,06/30/2023
SAMPLE HOSPITAL 1701,101700,LA,READM-30-PN-HRRP,937,,0.8343,0.2105,0.2523,197,07/01/2020,06/30/2023
SAMPLE HOSPITAL 1701,101700,LA,READM-30-COPD-HRRP,41,,1.0959,0.2173,0.1983,9,07/01/2020,06/30/2023
SAMPLE HOSPITAL 1701,101700,LA,READM-30-HF-HRRP,85,,0.9864,0.2419,0.2452,21,07/01/2020,06/30/2023
SAMPLE HOSPITAL 1701,101700,LA,READM-30-HIP-KNEE-HRRP,210,,1.0655,0.2326,0.2183,49,07/01/2020,06/30/2023
SAMPLE HOSPITAL 1702,101701,WV,READM-30-HIP-KNEE-HRRP,100,,0.918,0.1284,0.1399,13,07/01/2020,06/30/2023
SAMPLE HOSPITAL 1702,101701,WV,READM-30-HF-HRRP,154,,0.9057,0.1914,0.2113,29,07/01/2020,06/30/2023
SAMPLE HOSPITAL 1702,101701,WV,READM-30-CABG-HRRP,183,,0.9566,0.1589,0.1661,29,07/01/2020,06/30/2023
SAMPLE HOSPITAL 1702,101701,WV,READM-30-COPD-HRRP,1262,,0.9703,0.1676,0.1727,212,07/01/2020,06/30/2023
SAMPLE HOSPITAL 1702,101701,WV,READM-30-AMI-HRRP,Too Few to Report,1,Too Few to Report,,,,07/01/2020,06/30/2023
SAMPLE HOSPITAL 1703,101702,KY,READM-30-HIP-KNEE-HRRP,171,,0.9927,0.1987,0.2002,34,07/01/2020,06/30/2023
SAMPLE HOSPITAL 1703,101702,KY,READM-30-AMI-HRRP,1021,,0.9224,0.2066,0.224,211,07/01/2020,06/30/2023
SAMPLE HOSPITAL 1703,101702,KY,READM-30-PN-HRRP,57,,1.0421,0.1758,0.1687,10,07/01/2020,06/30/2023
SAMPLE HOSPITAL 1704,101703,TX,READM-30-COPD-HRRP,361,,1.0043,0.2342,0.2332,85,07/01/2020,06/30/2023
SAMPLE HOSPITAL 1704,101703,TX,READM-30-AMI-HRRP,65,,1.0346,0.2477,0.2394,16,07/01/2020,06/30/2023
SAMPLE HOSPITAL 1704,101703,TX,READM-30-CABG-HRRP,488,,1.0385,0.1343,0.1293,66,07/01/2020,06/30/2023
SAMPLE HOSPITAL 1704,101703,TX,READM-30-HIP-KNEE-HRRP,49,,0.9658,0.2098,0.2172,10,07/01/2020,06/30/2023
SAMPLE HOSPITAL 1704,101703,TX,READM-30-PN-HRRP,496,,0.9585,0.1487,0.1551,74,07/01/2020,06/30/2023
SAMPLE HOSPITAL 1704,101703,TX,READM-30-HF-HRRP,290,,0.9625,0.2375,0.2468,69,07/01/2020,06/30/2023
SAMPLE HOSPITAL 1705,101704,CA,READM-30-COPD-HRRP,246,,1.0277,0.2497,0.243,61,07/01/2020,06/30/2023
SAMPLE HOSPITAL 1705,101704,CA,READM-30-PN-HRRP,174,,1.0405,0.2164,0.208,38,07/01/2020,06/30/2023
SAMPLE HOSPITAL 1705,101704,CA,READM-30-HF-HRRP,204,,1.0471,0.1844,0.1761,38,07/01/2020,06/30/2023
SAMPLE HOSPITAL 1705,101704,CA,READM-30-HIP-KNEE-HRRP,404,,0.9939,0.2517,0.2532,102,07/01/2020,06/30/2023
SAMPLE HOSPITAL 1705,101704,CA,READM-30-CABG-HRRP,336,,1.1474,0.2866,0.2498,96,07/01/2020,06/30/2023
SAMPLE HOSPITAL 1706,101705,VT,READM-30-AMI-HRRP,294,,0.9107,0.1224,0.1344,36,07/01/2020,06/30/2023
SAMPLE HOSPITAL 1706,101705,VT,READM-30-HF-HRRP,158,,1.01,0.2528,0.2503,40,07/01/2020,06/30/2023
SAMPLE HOSPITAL 1706,101705,VT,READM-30-PN-HRRP,265,,1.0097,0.1809,0.1792,48,07/01/2020,06/30/2023
SAMPLE HOSPITAL 1707,101706,WA,READM-30-CABG-HRRP,57,,0.9435,0.2181,0.2312,12,07/01/2020,06/30/2023
SAMPLE HOSPITAL 1707,101706,WA,READM-30-COPD-HRRP,689,,1.0437,0.1313,0.1258,90,07/01/2020,06/30/2023
SAMPLE HOSPITAL 1707,101706,WA,READM-30-HIP-KNEE-HRRP,210,,0.9467,0.1312,0.1386,28,07/01/2020,06/30/2023
SAMPLE HOSPITAL 1707,101706,WA,READM-30-AMI-HRRP,110,,0.9856,0.2285,0.2318,25,07/01/2020,06/30/2023
SAMPLE HOSPITAL 1707,101706,WA,READM-30-PN-HRRP,54,,0.9783,0.1598,0.1633,9,07/01/2020,06/30/2023
SAMPLE HOSPITAL 1707,101706,WA,READM-30-HF-HRRP,154,,0.9928,0.132,0.133,20,07/01/2020,06/30/2023
SAMPLE HOSPITAL 1708,101707,MO,READM-30-PN-HRRP,94,,1.0575,0.16,0.1513,15,07/01/2020,06/30/2023
SAMPLE HOSPITAL 1708,101707,MO,READM-30-AMI-HRRP,161,,0.8424,0.1506,0.1788,24,07/01/2020,06/30/2023
SAMPLE HOSPITAL 1708,101707,MO,READM-30-HF-HRRP,191,,0.9106,0.2285,0.2509,44,07/01/2020,06/30/2023
SAMPLE HOSPITAL 1709,101708,AK,READM-30-PN-HRRP,673,,1.0849,0.2186,0.2015,147,07/01/2020,06/30/2023
SAMPLE HOSPITAL 1709,101708,AK,READM-30-HF-HRRP,244,,0.9921,0.1923,0.1938,47,07/01/2020,06/30/2023
SAMPLE HOSPITAL 1709,101708,AK,READM-30-COPD-HRRP,77,,0.9559,0.1189,0.1244,9,07/01/2020,06/30/2023
SAMPLE HOSPITAL 1709,101708,AK,READM-30-CABG-HRRP,172,,1.0772,0.1641,0.1523,28,07/01/2020,06/30/2023
SAMPLE HOSPITAL 1710,101709,RI,READM-30-CABG-HRRP,111,,1.1254,0.261,0.2319,29,07/01/2020,06/30/2023
SAMPLE HOSPITAL 1710,101709,RI,READM-30-HF-HRRP,659,,1.0099,0.2502,0.2477,165,07/01/2020,06/30/2023
SAMPLE HOSPITAL 1710,101709,RI,READM-30-COPD-HRRP,779,,1.0411,0.1971,0.1893,154,07/01/2020,06/30/2023
SAMPLE HOSPITAL 1711,101710,AL,READM-30-CABG-HRRP,294,,0.962,0.2063,0.2145,61,07/01/2020,06/30/2023
SAMPLE HOSPITAL 1711,101710,AL,READM-30-HF-HRRP,230,,0.8966,0.1195,0.1333,27,07/01/2020,06/30/2023
SAMPLE HOSPITAL 1711,101710,AL,READM-30-HIP-KNEE-HRRP,89,,0.9431,0.1594,0.169,14,07/01/2020,06/30/2023
SAMPLE HOSPITAL 1711,101710,AL,READM-30-AMI-HRRP,135,,0.9417,0.2269,0.241,31,07/01/2020,06/30/2023
SAMPLE HOSPITAL 1712,101711,AR,READM-30-HIP-KNEE-HRRP,171,,1.0326,0.1651,0.1599,28,07/01/2020,06/30/2023
SAMPLE HOSPITAL 1712,101711,AR,READM-30-COPD-HRRP,423,,1.0684,0.2748,0.2572,116,07/01/2020,06/30/2023
SAMPLE HOSPITAL 1712,101711,AR,READM-30-PN-HRRP,218,,0.9796,0.2341,0.239,51,07/01/2020,06/30/2023
SAMPLE HOSPITAL 1712,101711,AR,READM-30-CABG-HRRP,125,,0.9332,0.1125,0.1206,14,07/01/2020,06/30/2023
SAMPLE HOSPITAL 1712,101711,AR,READM-30-HF-HRRP,106,,0.9834,0.18,0.183,19,07/01/2020,06/30/2023
SAMPLE HOSPITAL 1712,101711,AR,READM-30-AMI-HRRP,678,,1.0018,0.2286,0.2282,155,07/01/2020,06/30/2023
SAMPLE HOSPITAL 1713,101712,MD,READM-30-AMI-HRRP,690,,1.1568,0.2856,0.2469,197,07/01/2020,06/30/2023
SAMPLE HOSPITAL 1713,101712,MD,READM-30-COPD-HRRP,177,,1.045,0.1799,0.1722,32,07/01/2020,06/30/2023
SAMPLE HOSPITAL 1713,101712,MD,READM-30-HF-HRRP,174,,1.0343,0.1262,0.122,22,07/01/2020,06/30/2023
SAMPLE HOSPITAL 1713,101712,MD,READM-30-PN-HRRP,98,,1.0703,0.1739,0.1625,17,07/01/2020,06/30/2023
SAMPLE HOSPITAL 1713,101712,MD,READM-30-CABG-HRRP,299,,1.0004,0.1272,0.1271,38,07/01/2020,06/30/2023
SAMPLE HOSPITAL 1713,101712,MD,READM-30-HIP-KNEE-HRRP,168,,1.027,0.1632,0.1589,27,07/01/2020,06/30/2023
SAMPLE HOSPITAL 1714,101713,OH,READM-30-COPD-HRRP,34,,0.9735,0.1621,0.1665,6,07/01/2020,06/30/2023
SAMPLE HOSPITAL 1714,101713,OH,READM-30-HIP-KNEE-HRRP,298,,0.988,0.1529,0.1548,46,07/01/2020,06/30/2023
SAMPLE HOSPITAL 1714,101713,OH,READM-30-HF-HRRP,1037,,0.8915,0.1853,0.2079,192,07/01/2020,06/30/2023
SAMPLE HOSPITAL 1714,101713,OH,READM-30-PN-HRRP,629,,1.04,0.1789,0.172,113,07/01/2020,06/30/2023
SAMPLE HOSPITAL 1714,101713,OH,READM-30-AMI-HRRP,148,,0.9455,0.1887,0.1996,28,07/01/2020,06/30/2023
SAMPLE HOSPITAL 1714,101713,OH,READM-30-CABG-HRRP,72,,0.9406,0.1473,0.1566,11,07/01/2020,06/30/2023
SAMPLE HOSPITAL 1715,101714,MS,READM-30-PN-HRRP,81,,0.9634,0.2335,0.2424,19,07/01/2020,06/30/2023
SAMPLE HOSPITAL 1715,101714,MS,READM-30-AMI-HRRP,202,,0.9902,0.1969,0.1988,40,07/01/2020,06/30/2023
SAMPLE HOSPITAL 1715,101714,MS,READM-30-HIP-KNEE-HRRP,509,,0.9777,0.1289,0.1318,66,07/01/2020,06/30/2023
SAMPLE HOSPITAL 1716,101715,KY,READM-30-HF-HRRP,644,,0.8898,0.1588,0.1785,102,07/01/2020,06/30/2023
SAMPLE HOSPITAL 1716,101715,KY,READM-30-AMI-HRRP,122,,1.0172,0.168,0.1652,20,07/01/2020,06/30/2023
SAMPLE HOSPITAL 1716,101715,KY,READM-30-HIP-KNEE-HRRP,272,,1.0166,0.1622,0.1596,44,07/01/2020,06/30/2023
SAMPLE HOSPITAL 1717,101716,VT,READM-30-HIP-KNEE-HRRP,58,,0.9053,0.133,0.1469,8,07/01/2020,06/30/2023
SAMPLE HOSPITAL 1717,101716,VT,READM-30-AMI-HRRP,471,,0.9879,0.1962,0.1986,92,07/01/2020,06/30/2023
SAMPLE HOSPITAL 1717,101716,VT,READM-30-CABG-HRRP,213,,1.0165,0.1537,0.1512,33,07/01/2020,06/30/2023
SAMPLE HOSPITAL 1717,101716,VT,READM-30-COPD-HRRP,133,,0.985,0.1764,0.1791,23,07/01/2020,06/30/2023
SAMPLE HOSPITAL 1717,101716,VT,READM-30-PN-HRRP,563,,1.0998,0.2374,0.2159,134,07/01/2020,06/30/2023
SAMPLE HOSPITAL 1717,101716,VT,READM-30-HF-HRRP,239,,1.0221,0.2013,0.1969,48,07/01/2020,06/30/2023
SAMPLE HOSPITAL 1718,101717,NE,READM-30-AMI-HRRP,494,,0.9753,0.1468,0.1505,73,07/01/2020,06/30/2023
SAMPLE HOSPITAL 1718,101717,NE,READM-30-HF-HRRP,113,,0.9368,0.1587,0.1694,18,07/01/2020,06/30/2023
SAMPLE HOSPITAL 1718,101717,NE,READM-30-HIP-KNEE-HRRP,487,,1.0497,0.2477,0.236,121,07/01/2020,06/30/2023
SAMPLE HOSPITAL 1718,101717,NE,READM-30-PN-HRRP,68,,0.9985,0.2099,0.2102,14,07/01/2020,06/30/2023
SAMPLE HOSPITAL 1719,101718,GA,READM-30-PN-HRRP,64,,0.9531,0.1336,0.1402,9,07/01/2020,06/30/2023
SAMPLE HOSPITAL 1719,101718,GA,READM-30-COPD-HRRP,1240,,1.0226,0.1948,0.1905,242,07/01/2020,06/30/2023
SAMPLE HOSPITAL 1719,101718,GA,READM-30-HIP-KNEE-HRRP,1385,,0.8504,0.2079,0.2445,288,07/01/2020,06/30/2023
SAMPLE HOSPITAL 1719,101718,GA,READM-30-HF-HRRP,41,,1.0329,0.2522,0.2442,10,07/01/2020,06/30/2023
SAMPLE HOSPITAL 1719,101718,GA,READM-30-AMI-HRRP,107,,0.9292,0.2211,0.238,24,07/01/2020,06/30/2023
SAMPLE HOSPITAL 1720,101719,NM,READM-30-AMI-HRRP,245,,0.9476,0.2169,0.2289,53,07/01/2020,06/30/2023
SAMPLE HOSPITAL 1720,101719,NM,READM-30-COPD-HRRP,54,,0.9849,0.154,0.1564,8,07/01/2020,06/30/2023
SAMPLE HOSPITAL 1720,101719,NM,READM-30-HF-HRRP,579,,1.1231,0.1361,0.1212,79,07/01/2020,06/30/2023
SAMPLE HOSPITAL 1720,101719,NM,READM-30-PN-HRRP,388,,1.0037,0.1433,0.1428,56,07/01/2020,06/30/2023
SAMPLE HOSPITAL 1720,101719,NM,READM-30-CABG-HRRP,415,,1.0186,0.1614,0.1585,67,07/01/2020,06/30/2023
SAMPLE HOSPITAL 1720,101719,NM,READM-30-HIP-KNEE-HRRP,705,,1.0113,0.2416,0.2389,170,07/01/2020,06/30/2023
SAMPLE HOSPITAL 1721,101720,IA,READM-30-HF-HRRP,309,,1.0506,0.2206,0.21,68,07/01/2020,06/30/2023
SAMPLE HOSPITAL 1721,101720,IA,READM-30-COPD-HRRP,392,,1.0043,0.2133,0.2124,84,07/01/2020,06/30/2023
SAMPLE HOSPITAL 1721,101720,IA,READM-30-AMI-HRRP,253,,1.0132,0.248,0.2448,63,07/01/2020,06/30/2023
SAMPLE HOSPITAL 1721,101720,IA,READM-30-PN-HRRP,148,,1.0282,0.2412,0.2346,36,07/01/2020,06/30/2023
SAMPLE HOSPITAL 1721,101720,IA,READM-30-CABG-HRRP,225,,0.9973,0.2311,0.2317,52,07/01/2020,06/30/2023
SAMPLE HOSPITAL 1722,101721,MO,READM-30-COPD-HRRP,405,,1.0211,0.2282,0.2235,92,07/01/2020,06/30/2023
SAMPLE HOSPITAL 1722,101721,MO,READM-30-HF-HRRP,478,,1.0032,0.1844,0.1838,88,07/01/2020,06/30/2023
SAMPLE HOSPITAL 1722,101721,MO,READM-30-PN-HRRP,140,,0.9292,0.153,0.1647,21,07/01/2020,06/30/2023
SAMPLE HOSPITAL 1722,101721,MO,READM-30-HIP-KNEE-HRRP,79,,0.9481,0.1465,0.1545,12,07/01/2020,06/30/2023
SAMPLE HOSPITAL 1722,101721,MO,READM-30-AMI-HRRP,84,,1.0082,0.2364,0.2345,20,07/01/2020,06/30/2023
SAMPLE HOSPITAL 1722,101721,MO,READM-30-CABG-HRRP,167,,0.9859,0.2093,0.2123,35,07/01/2020,06/30/2023
SAMPLE HOSPITAL 1723,101722,OR,READM-30-CABG-HRRP,61,,0.9869,0.1787,0.1811,11,07/01/2020,06/30/2023
SAMPLE HOSPITAL 1723,101722,OR,READM-30-COPD-HRRP,102,,1.0205,0.2328,0.2281,24,07/01/2020,06/30/2023
SAMPLE HOSPITAL 1723,101722,OR,READM-30-HF-HRRP,178,,0.944,0.2082,0.2206,37,07/01/2020,06/30/2023
SAMPLE HOSPITAL 1724,101723,KS,READM-30-CABG-HRRP,105,,1.0645,0.21,0.1973,22,07/01/2020,06/30/2023
SAMPLE HOSPITAL 1724,101723,KS,READM-30-HIP-KNEE-HRRP,163,,1.0324,0.2042,0.1978,33,07/01/2020,06/30/2023
SAMPLE HOSPITAL 1724,101723,KS,READM-30-COPD-HRRP,180,,1.0801,0.21,0.1944,38,07/01/2020,06/30/2023
SAMPLE HOSPITAL 1724,101723,KS,READM-30-HF-HRRP,134,,0.9299,0.1889,0.2031,25,07/01/2020,06/30/2023
SAMPLE HOSPITAL 1725,101724,AL,READM-30-COPD-HRRP,181,,1.0278,0.2358,0.2294,43,07/01/2020,06/30/2023
SAMPLE HOSPITAL 1725,101724,AL,READM-30-PN-HRRP,27,,1.0867,0.2777,0.2555,7,07/01/2020,06/30/2023
SAMPLE HOSPITAL 1725,101724,AL,READM-30-HF-HRRP,455,,0.9659,0.1967,0.2036,89,07/01/2020,06/30/2023
SAMPLE HOSPITAL 1725,101724,AL,READM-30-CABG-HRRP,135,,1.0228,0.1986,0.1942,27,07/01/2020,06/30/2023
SAMPLE HOSPITAL 1725,101724,AL,READM-30-AMI-HRRP,192,,1.1457,0.251,0.2191,48,07/01/2020,06/30/2023
SAMPLE HOSPITAL 1726,101725,NC,READM-30-PN-HRRP,124,,0.9917,0.2427,0.2447,30,07/01/2020,06/30/2023
SAMPLE HOSPITAL 1726,101725,NC,READM-30-HIP-KNEE-HRRP,261,,0.9966,0.1672,0.1678,44,07/01/2020,06/30/2023
SAMPLE HOSPITAL 1726,101725,NC,READM-30-CABG-HRRP,147,,0.9242,0.1714,0.1855,25,07/01/2020,06/30/2023
SAMPLE HOSPITAL 1726,101725,NC,READM-30-COPD-HRRP,515,,0.9064,0.2098,0.2315,108,07/01/2020,06/30/2023
SAMPLE HOSPITAL 1726,101725,NC,READM-30-AMI-HRRP,47,,0.9638,0.2197,0.2279,10,07/01/2020,06/30/2023
SAMPLE HOSPITAL 1726,101725,NC,READM-30-HF-HRRP,393,,1.0429,0.1736,0.1665,68,07/01/2020,06/30/2023
SAMPLE HOSPITAL 1727,101726,RI,READM-30-HF-HRRP,216,,1.0614,0.2133,0.201,46,07/01/2020,06/30/2023
SAMPLE HOSPITAL 1727,101726,RI,READM-30-COPD-HRRP,36,,1.0328,0.1654,0.1601,6,07/01/2020,06/30/2023
SAMPLE HOSPITAL 1727,101726,RI,READM-30-CABG-HRRP,510,,1.0044,0.2316,0.2306,118,07/01/2020,06/30/2023
SAMPLE HOSPITAL 1728,101727,CT,READM-30-PN-HRRP,80,,0.9555,0.2337,0.2446,19,07/01/2020,06/30/2023
SAMPLE HOSPITAL 1728,101727,CT,READM-30-CABG-HRRP,174,,0.9059,0.1821,0.201,32,07/01/2020,06/30/2023
SAMPLE HOSPITAL 1728,101727,CT,READM-30-COPD-HRRP,50,,1.0751,0.2432,0.2262,12,07/01/2020,06/30/2023
SAMPLE HOSPITAL 1728,101727,CT,READM-30-HF-HRRP,65,,1.0618,0.2403,0.2263,16,07/01/2020,06/30/2023
SAMPLE HOSPITAL 1728,101727,CT,READM-30-HIP-KNEE-HRRP,76,,1.1068,0.1413,0.1277,11,07/01/2020,06/30/2023
SAMPLE HOSPITAL 1728,101727,CT,READM-30-AMI-HRRP,224,,0.9787,0.2401,0.2453,54,07/01/2020,06/30/2023
SAMPLE HOSPITAL 1729,101728,VA,READM-30-HIP-KNEE-HRRP,299,,0.9044,0.1814,0.2006,54,07/01/2020,06/30/2023
SAMPLE HOSPITAL 1729,101728,VA,READM-30-PN-HRRP,225,,1.021,0.1261,0.1235,28,07/01/2020,06/30/2023
SAMPLE HOSPITAL 1729,101728,VA,READM-30-COPD-HRRP,135,,1.0702,0.2207,0.2062,30,07/01/2020,06/30/2023
SAMPLE HOSPITAL 1730,101729,IL,READM-30-HIP-KNEE-HRRP,74,,0.934,0.1254,0.1343,9,07/01/2020,06/30/2023
SAMPLE HOSPITAL 1730,101729,IL,READM-30-PN-HRRP,1240,,0.996,0.1815,0.1822,225,07/01/2020,06/30/2023
SAMPLE HOSPITAL 1730,101729,IL,READM-30-CABG-HRRP,411,,0.9956,0.1432,0.1438,59,07/01/2020,06/30/2023
SAMPLE HOSPITAL 1731,101730,GA,READM-30-CABG-HRRP,134,,1.0945,0.239,0.2184,32,07/01/2020,06/30/2023
SAMPLE HOSPITAL 1731,101730,GA,READM-30-COPD-HRRP,434,,0.9701,0.1441,0.1485,63,07/01/2020,06/30/2023
SAMPLE HOSPITAL 1731,101730,GA,READM-30-HIP-KNEE-HRRP,625,,0.8835,0.1735,0.1964,108,07/01/2020,06/30/2023
SAMPLE HOSPITAL 1731,101730,GA,READM-30-PN-HRRP,118,,0.9978,0.215,0.2155,25,07/01/2020,06/30/2023
SAMPLE HOSPITAL 1731,101730,GA,READM-30-AMI-HRRP,156,,0.9224,0.205,0.2223,32,07/01/2020,06/30/2023
SAMPLE HOSPITAL 1731,101730,GA,READM-30-HF-HRRP,223,,0.9981,0.2248,0.2252,50,07/01/2020,06/30/2023
SAMPLE HOSPITAL 1732,101731,VA,READM-30-HF-HRRP,52,,0.8778,0.1639,0.1867,9,07/01/2020,06/30/2023
SAMPLE HOSPITAL 1732,101731,VA,READM-30-COPD-HRRP,93,,0.9371,0.1825,0.1948,17,07/01/2020,06/30/2023
SAMPLE HOSPITAL 1732,101731,VA,READM-30-PN-HRRP,223,,0.9243,0.1702,0.1841,38,07/01/2020,06/30/2023
SAMPLE HOSPITAL 1732,101731,VA,READM-30-CABG-HRRP,229,,1.0088,0.178,0.1764,41,07/01/2020,06/30/2023
SAMPLE HOSPITAL 1733,101732,SC,READM-30-CABG-HRRP,75,,0.9213,0.1794,0.1947,13,07/01/2020,06/30/2023
SAMPLE HOSPITAL 1733,101732,SC,READM-30-PN-HRRP,281,,1.0295,0.2591,0.2517,73,07/01/2020,06/30/2023
SAMPLE HOSPITAL 1733,101732,SC,READM-30-HIP-KNEE-HRRP,52,,0.9832,0.1634,0.1662,8,07/01/2020,06/30/2023
SAMPLE HOSPITAL 1733,101732,SC,READM-30-AMI-HRRP,416,,0.9633,0.1345,0.1396,56,07/01/2020,06/30/2023
SAMPLE HOSPITAL 1733,101732,SC,READM-30-COPD-HRRP,319,,0.9871,0.1719,0.1741,55,07/01/2020,06/30/2023
SAMPLE HOSPITAL 1734,101733,OH,READM-30-COPD-HRRP,363,,1.0688,0.1394,0.1304,51,07/01/2020,06/30/2023
SAMPLE HOSPITAL 1734,101733,OH,READM-30-AMI-HRRP,406,,1.1061,0.2639,0.2386,107,07/01/2020,06/30/2023
SAMPLE HOSPITAL 1734,101733,OH,READM-30-HF-HRRP,497,,0.9922,0.2341,0.2359,116,07/01/2020,06/30/2023
SAMPLE HOSPITAL 1734,101733,OH,READM-30-HIP-KNEE-HRRP,470,,1.0089,0.2353,0.2332,111,07/01/2020,06/30/2023
SAMPLE HOSPITAL 1734,101733,OH,READM-30-PN-HRRP,65,,0.9859,0.1274,0.1292,8,07/01/2020,06/30/2023
SAMPLE HOSPITAL 1735,101734,OK,READM-30-AMI-HRRP,405,,1.0215,0.1785,0.1747,72,07/01/2020,06/30/2023
SAMPLE HOSPITAL 1735,101734,OK,READM-30-HF-HRRP,200,,0.9372,0.1919,0.2048,38,07/01/2020,06/30/2023
SAMPLE HOSPITAL 1735,101734,OK,READM-30-CABG-HRRP,1410,,0.9758,0.1594,0.1634,225,07/01/2020,06/30/2023
SAMPLE HOSPITAL 1735,101734,OK,READM-30-COPD-HRRP,363,,1.0187,0.1524,0.1496,55,07/01/2020,06/30/2023
SAMPLE HOSPITAL 1735,101734,OK,READM-30-HIP-KNEE-HRRP,64,,0.9562,0.1168,0.1222,7,07/01/2020,06/30/2023
SAMPLE HOSPITAL 1735,101734,OK,READM-30-PN-HRRP,162,,1.0199,0.1712,0.1679,28,07/01/2020,06/30/2023
SAMPLE HOSPITAL 1736,101735,IA,READM-30-AMI-HRRP,127,,0.9738,0.2489,0.2556,32,07/01/2020,06/30/2023
SAMPLE HOSPITAL 1736,101735,IA,READM-30-HF-HRRP,538,,1.035,0.2359,0.2279,127,07/01/2020,06/30/2023
SAMPLE HOSPITAL 1736,101735,IA,READM-30-HIP-KNEE-HRRP,318,,0.9471,0.1397,0.1475,44,07/01/2020,06/30/2023
SAMPLE HOSPITAL 1736,101735,IA,READM-30-COPD-HRRP,38,,1.0164,0.214,0.2105,8,07/01/2020,06/30/2023
SAMPLE HOSPITAL 1736,101735,IA,READM-30-CABG-HRRP,139,,0.9325,0.186,0.1995,26,07/01/2020,06/30/2023
SAMPLE HOSPITAL 1736,101735,IA,READM-30-PN-HRRP,1174,,0.9984,0.1603,0.1606,188,07/01/2020,06/30/2023
SAMPLE HOSPITAL 1737,101736,MA,READM-30-COPD-HRRP,30,,0.9892,0.142,0.1435,4,07/01/2020,06/30/2023
SAMPLE HOSPITAL 1737,101736,MA,READM-30-HF-HRRP,752,,1.0794,0.2618,0.2425,197,07/01/2020,06/30/2023
SAMPLE HOSPITAL 1737,101736,MA,READM-30-AMI-HRRP,352,,1.0184,0.1409,0.1384,50,07/01/2020,06/30/2023
SAMPLE HOSPITAL 1737,101736,MA,READM-30-HIP-KNEE-HRRP,103,,0.8687,0.2049,0.2359,21,07/01/2020,06/30/2023
SAMPLE HOSPITAL 1738,101737,CA,READM-30-AMI-HRRP,169,,1.033,0.2427,0.2349,41,07/01/2020,06/30/2023
SAMPLE HOSPITAL 1738,101737,CA,READM-30-HIP-KNEE-HRRP,261,,1.0711,0.219,0.2045,57,07/01/2020,06/30/2023
SAMPLE HOSPITAL 1738,101737,CA,READM-30-HF-HRRP,255,,0.9939,0.1799,0.181,46,07/01/2020,06/30/2023
SAMPLE HOSPITAL 1738,101737,CA,READM-30-COPD-HRRP,74,,1.032,0.2305,0.2234,17,07/01/2020,06/30/2023
SAMPLE HOSPITAL 1739,101738,PA,READM-30-HF-HRRP,158,,0.94,0.1827,0.1944,29,07/01/2020,06/30/2023
SAMPLE HOSPITAL 1739,101738,PA,READM-30-AMI-HRRP,202,,0.9335,0.2389,0.2559,48,07/01/2020,06/30/2023
SAMPLE HOSPITAL 1739,101738,PA,READM-30-PN-HRRP,68,,1.0064,0.2205,0.2191,15,07/01/2020,06/30/2023
SAMPLE HOSPITAL 1740,101739,HI,READM-30-HIP-KNEE-HRRP,143,,0.8965,0.1529,0.1706,22,07/01/2020,06/30/2023
SAMPLE HOSPITAL 1740,101739,HI,READM-30-COPD-HRRP,228,,1.0089,0.1603,0.1589,37,07/01/2020,06/30/2023
SAMPLE HOSPITAL 1740,101739,HI,READM-30-CABG-HRRP,191,,0.9949,0.2164,0.2175,41,07/01/2020,06/30/2023
SAMPLE HOSPITAL 1740,101739,HI,READM-30-PN-HRRP,32,,0.9785,0.2063,0.2108,7,07/01/2020,06/30/2023
SAMPLE HOSPITAL 1740,101739,HI,READM-30-AMI-HRRP,141,,0.9849,0.1551,0.1575,22,07/01/2020,06/30/2023
SAMPLE HOSPITAL 1741,101740,OR,READM-30-AMI-HRRP,490,,0.9856,0.2126,0.2157,104,07/01/2020,06/30/2023
SAMPLE HOSPITAL 1741,101740,OR,READM-30-COPD-HRRP,192,,1.0869,0.208,0.1914,40,07/01/2020,06/30/2023
SAMPLE HOSPITAL 1741,101740,OR,READM-30-CABG-HRRP,234,,1.0718,0.1661,0.155,39,07/01/2020,06/30/2023
SAMPLE HOSPITAL 1741,101740,OR,READM-30-HF-HRRP,1662,,0.9749,0.2402,0.2464,399,07/01/2020,06/30/2023
SAMPLE HOSPITAL 1742,101741,OR,READM-30-CABG-HRRP,106,,1.1215,0.2399,0.2139,25,07/01/2020,06/30/2023
SAMPLE HOSPITAL 1742,101741,OR,READM-30-HIP-KNEE-HRRP,763,,1.1056,0.1332,0.1205,102,07/01/2020,06/30/2023
SAMPLE HOSPITAL 1742,101741,OR,READM-30-PN-HRRP,108,,1.0379,0.185,0.1782,20,07/01/2020,06/30/2023
SAMPLE HOSPITAL 1743,101742,VT,READM-30-CABG-HRRP,162,,1.0839,0.2562,0.2364,42,07/01/2020,06/30/2023
SAMPLE HOSPITAL 1743,101742,VT,READM-30-COPD-HRRP,Too Few to Report,1,Too Few to Report,,,,07/01/2020,06/30/2023
SAMPLE HOSPITAL 1743,101742,VT,READM-30-HIP-KNEE-HRRP,333,,0.9931,0.2316,0.2332,77,07/01/2020,06/30/2023
SAMPLE HOSPITAL 1743,101742,VT,READM-30-PN-HRRP,112,,0.9485,0.1322,0.1394,15,07/01/2020,06/30/2023
SAMPLE HOSPITAL 1743,101742,VT,READM-30-HF-HRRP,116,,1.0963,0.1439,0.1313,17,07/01/2020,06/30/2023
SAMPLE HOSPITAL 1744,101743,SD,READM-30-HIP-KNEE-HRRP,372,,1.0844,0.2326,0.2145,87,07/01/2020,06/30/2023
SAMPLE HOSPITAL 1744,101743,SD,READM-30-HF-HRRP,245,,1.003,0.2056,0.205,50,07/01/2020,06/30/2023
SAMPLE HOSPITAL 1744,101743,SD,READM-30-AMI-HRRP,277,,1.059,0.1544,0.1458,43,07/01/2020,06/30/2023
SAMPLE HOSPITAL 1745,101744,ID,READM-30-AMI-HRRP,209,,0.994,0.2257,0.2271,47,07/01/2020,06/30/2023
SAMPLE HOSPITAL 1745,101744,ID,READM-30-HF-HRRP,78,,0.9806,0.2511,0.2561,20,07/01/2020,06/30/2023
SAMPLE HOSPITAL 1745,101744,ID,READM-30-COPD-HRRP,202,,0.9622,0.2145,0.2229,43,07/01/2020,06/30/2023
SAMPLE HOSPITAL 1745,101744,ID,READM-30-HIP-KNEE-HRRP,70,,0.9906,0.2573,0.2597,18,07/01/2020,06/30/2023
SAMPLE HOSPITAL 1747,101746,MD,READM-30-CABG-HRRP,276,,1.0196,0.2047,0.2008,56,07/01/2020,06/30/2023
SAMPLE HOSPITAL 1747,101746,MD,READM-30-PN-HRRP,153,,1.1137,0.1344,0.1207,21,07/01/2020,06/30/2023
SAMPLE HOSPITAL 1747,101746,MD,READM-30-HIP-KNEE-HRRP,103,,0.95,0.1332,0.1402,14,07/01/2020,06/30/2023
SAMPLE HOSPITAL 1747,101746,MD,READM-30-COPD-HRRP,43,,1.0006,0.2103,0.2102,9,07/01/2020,06/30/2023
SAMPLE HOSPITAL 1747,101746,MD,READM-30-HF-HRRP,55,,1.0815,0.251,0.2321,14,07/01/2020,06/30/2023
SAMPLE HOSPITAL 1747,101746,MD,READM-30-AMI-HRRP,134,,1.1227,0.1524,0.1357,20,07/01/2020,06/30/2023
SAMPLE HOSPITAL 1748,101747,MO,READM-30-PN-HRRP,231,,1.0096,0.239,0.2367,55,07/01/2020,06/30/2023
SAMPLE HOSPITAL 1748,101747,MO,READM-30-COPD-HRRP,119,,0.9813,0.2451,0.2498,29,07/01/2020,06/30/2023
SAMPLE HOSPITAL 1748,101747,MO,READM-30-AMI-HRRP,176,,1.1006,0.2748,0.2497,48,07/01/2020,06/30/2023
SAMPLE HOSPITAL 1749,101748,LA,READM-30-HIP-KNEE-HRRP,323,,1.0661,0.1728,0.1621,56,07/01/2020,06/30/2023
SAMPLE HOSPITAL 1749,101748,LA,READM-30-PN-HRRP,176,,0.8795,0.1224,0.1392,22,07/01/2020,06/30/2023
SAMPLE HOSPITAL 1749,101748,LA,READM-30-CABG-HRRP,92,,0.9185,0.2267,0.2468,21,07/01/2020,06/30/2023
SAMPLE HOSPITAL 1749,101748,LA,READM-30-HF-HRRP,26,,0.9769,0.1918,0.1963,5,07/01/2020,06/30/2023
SAMPLE HOSPITAL 1749,101748,LA,READM-30-AMI-HRRP,114,,1.0066,0.2034,0.2021,23,07/01/2020,06/30/2023
SAMPLE HOSPITAL 1749,101748,LA,READM-30-COPD-HRRP,60,,0.9213,0.2374,0.2577,14,07/01/2020,06/30/2023
SAMPLE HOSPITAL 1750,101749,PA,READM-30-HIP-KNEE-HRRP,29,,1.0202,0.1388,0.1361,4,07/01/2020,06/30/2023
SAMPLE HOSPITAL 1750,101749,PA,READM-30-PN-HRRP,188,,1.0013,0.1478,0.1476,28,07/01/2020,06/30/2023
SAMPLE HOSPITAL 1750,101749,PA,READM-30-CABG-HRRP,786,,0.9116,0.1686,0.185,133,07/01/2020,06/30/2023
SAMPLE HOSPITAL 1750,101749,PA,READM-30-AMI-HRRP,135,,1.0177,0.1634,0.1606,22,07/01/2020,06/30/2023
SAMPLE HOSPITAL 1751,101750,MD,READM-30-HF-HRRP,97,,1.0265,0.2273,0.2214,22,07/01/2020,06/30/2023
SAMPLE HOSPITAL 1751,101750,MD,READM-30-CABG-HRRP,243,,0.9968,0.1552,0.1557,38,07/01/2020,06/30/2023
SAMPLE HOSPITAL 1751,101750,MD,READM-30-COPD-HRRP,116,,1.0059,0.2001,0.1989,23,07/01/2020,06/30/2023
SAMPLE HOSPITAL 1751,101750,MD,READM-30-AMI-HRRP,89,,0.9667,0.2404,0.2487,21,07/01/2020,06/30/2023
SAMPLE HOSPITAL 1751,101750,MD,READM-30-PN-HRRP,230,,1.0253,0.1278,0.1246,29,07/01/2020,06/30/2023
SAMPLE HOSPITAL 1752,101751,ME,READM-30-PN-HRRP,488,,1.0647,0.2341,0.2199,114,07/01/2020,06/30/2023
SAMPLE HOSPITAL 1752,101751,ME,READM-30-HF-HRRP,209,,0.8257,0.1778,0.2153,37,07/01/2020,06/30/2023
SAMPLE HOSPITAL 1752,101751,ME,READM-30-CABG-HRRP,268,,0.9539,0.2342,0.2455,63,07/01/2020,06/30/2023
SAMPLE HOSPITAL 1753,101752,MD,READM-30-COPD-HRRP,52,,1.0227,0.2619,0.2561,14,07/01/2020,06/30/2023
SAMPLE HOSPITAL 1753,101752,MD,READM-30-PN-HRRP,49,,1.0144,0.1859,0.1833,9,07/01/2020,06/30/2023
SAMPLE HOSPITAL 1753,101752,MD,READM-30-CABG-HRRP,94,,1.1033,0.2798,0.2536,26,07/01/2020,06/30/2023
SAMPLE HOSPITAL 1753,101752,MD,READM-30-AMI-HRRP,189,,1.0064,0.2188,0.2174,41,07/01/2020,06/30/2023
SAMPLE HOSPITAL 1753,101752,MD,READM-30-HIP-KNEE-HRRP,120,,1.0398,0.1861,0.179,22,07/01/2020,06/30/2023
SAMPLE HOSPITAL 1754,101753,LA,READM-30-COPD-HRRP,183,,1.0185,0.1438,0.1412,26,07/01/2020,06/30/2023
SAMPLE HOSPITAL 1754,101753,LA,READM-30-CABG-HRRP,78,,0.969,0.1835,0.1894,14,07/01/2020,06/30/2023
SAMPLE HOSPITAL 1754,101753,LA,READM-30-PN-HRRP,36,,1.0002,0.2412,0.2412,9,07/01/2020,06/30/2023
SAMPLE HOSPITAL 1755,101754,GA,READM-30-HF-HRRP,210,,0.9283,0.2052,0.221,43,07/01/2020,06/30/2023
SAMPLE HOSPITAL 1755,101754,GA,READM-30-COPD-HRRP,163,,0.9325,0.1181,0.1266,19,07/01/2020,06/30/2023
SAMPLE HOSPITAL 1755,101754,GA,READM-30-CABG-HRRP,104,,0.9848,0.1703,0.1729,18,07/01/2020,06/30/2023
SAMPLE HOSPITAL 1755,101754,GA,READM-30-HIP-KNEE-HRRP,306,,0.9451,0.1774,0.1877,54,07/01/2020,06/30/2023
SAMPLE HOSPITAL 1756,101755,CT,READM-30-PN-HRRP,63,,1.0518,0.1375,0.1307,9,07/01/2020,06/30/2023
SAMPLE HOSPITAL 1756,101755,CT,READM-30-HF-HRRP,214,,1.0318,0.1633,0.1583,35,07/01/2020,06/30/2023
SAMPLE HOSPITAL 1756,101755,CT,READM-30-HIP-KNEE-HRRP,475,,0.8388,0.1789,0.2133,85,07/01/2020,06/30/2023
SAMPLE HOSPITAL 1756,101755,CT,READM-30-COPD-HRRP,66,,0.9236,0.1987,0.2151,13,07/01/2020,06/30/2023
SAMPLE HOSPITAL 1756,101755,CT,READM-30-AMI-HRRP,59,,0.8413,0.139,0.1652,8,07/01/2020,06/30/2023
SAMPLE HOSPITAL 1756,101755,CT,READM-30-CABG-HRRP,169,,0.9125,0.1611,0.1765,27,07/01/2020,06/30/2023
SAMPLE HOSPITAL 1757,101756,NM,READM-30-HIP-KNEE-HRRP,160,,0.9829,0.1255,0.1277,20,07/01/2020,06/30/2023
SAMPLE HOSPITAL 1757,101756,NM,READM-30-CABG-HRRP,91,,0.8931,0.2168,0.2428,20,07/01/2020,06/30/2023
SAMPLE HOSPITAL 1757,101756,NM,READM-30-COPD-HRRP,1008,,1.0747,0.1351,0.1257,136,07/01/2020,06/30/2023
SAMPLE HOSPITAL 1757,101756,NM,READM-30-AMI-HRRP,106,,0.9046,0.1246,0.1377,13,07/01/2020,06/30/2023
SAMPLE HOSPITAL 1758,101757,WY,READM-30-HIP-KNEE-HRRP,94,,0.9015,0.1751,0.1942,16,07/01/2020,06/30/2023
SAMPLE HOSPITAL 1758,101757,WY,READM-30-AMI-HRRP,233,,0.9959,0.1732,0.1739,40,07/01/2020,06/30/2023
SAMPLE HOSPITAL 1758,101757,WY,READM-30-PN-HRRP,27,,0.9442,0.2436,0.258,7,07/01/2020,06/30/2023
SAMPLE HOSPITAL 1758,101757,WY,READM-30-COPD-HRRP,225,,1.0367,0.2036,0.1964,46,07/01/2020,06/30/2023
SAMPLE HOSPITAL 1758,101757,WY,READM-30-HF-HRRP,53,,0.8831,0.1521,0.1722,8,07/01/2020,06/30/2023
SAMPLE HOSPITAL 1759,101758,WA,READM-30-AMI-HRRP,601,,1.0384,0.1505,0.1449,90,07/01/2020,06/30/2023
SAMPLE HOSPITAL 1759,101758,WA,READM-30-CABG-HRRP,161,,0.9407,0.2188,0.2326,35,07/01/2020,06/30/2023
SAMPLE HOSPITAL 1759,101758,WA,READM-30-PN-HRRP,240,,1.0627,0.158,0.1487,38,07/01/2020,06/30/2023
SAMPLE HOSPITAL 1759,101758,WA,READM-30-COPD-HRRP,98,,0.9583,0.1971,0.2057,19,07/01/2020,06/30/2023
SAMPLE HOSPITAL 1759,101758,WA,READM-30-HF-HRRP,395,,1.0166,0.2053,0.2019,81,07/01/2020,06/30/2023
SAMPLE HOSPITAL 1759,101758,WA,READM-30-HIP-KNEE-HRRP,303,,0.7978,0.1998,0.2504,61,07/01/2020,06/30/2023
SAMPLE HOSPITAL 1760,101759,ND,READM-30-HIP-KNEE-HRRP,358,,0.9929,0.2138,0.2153,77,07/01/2020,06/30/2023
SAMPLE HOSPITAL 1760,101759,ND,READM-30-CABG-HRRP,170,,1.0496,0.2231,0.2126,38,07/01/2020,06/30/2023
SAMPLE HOSPITAL 1760,101759,ND,READM-30-COPD-HRRP,78,,1.0019,0.2151,0.2147,17,07/01/2020,06/30/2023
SAMPLE HOSPITAL 1761,101760,CO,READM-30-HF-HRRP,74,,0.9816,0.1839,0.1873,14,07/01/2020,06/30/2023
SAMPLE HOSPITAL 1761,101760,CO,READM-30-COPD-HRRP,441,,0.985,0.2053,0.2084,91,07/01/2020,06/30/2023
SAMPLE HOSPITAL 1761,101760,CO,READM-30-PN-HRRP,109,,1.0123,0.1697,0.1676,18,07/01/2020,06/30/2023
SAMPLE HOSPITAL 1761,101760,CO,READM-30-HIP-KNEE-HRRP,127,,1.0122,0.1463,0.1445,19,07/01/2020,06/30/2023
SAMPLE HOSPITAL 1761,101760,CO,READM-30-CABG-HRRP,38,,0.9673,0.1533,0.1585,6,07/01/2020,06/30/2023
SAMPLE HOSPITAL 1761,101760,CO,READM-30-AMI-HRRP,246,,0.9747,0.1272,0.1305,31,07/01/2020,06/30/2023
SAMPLE HOSPITAL 1762,101761,ME,READM-30-PN-HRRP,242,,0.8977,0.1302,0.145,32,07/01/2020,06/30/2023
SAMPLE HOSPITAL 1762,101761,ME,READM-30-AMI-HRRP,297,,0.9914,0.1312,0.1323,39,07/01/2020,06/30/2023
SAMPLE HOSPITAL 1762,101761,ME,READM-30-HF-HRRP,81,,0.9546,0.1428,0.1496,12,07/01/2020,06/30/2023
SAMPLE HOSPITAL 1763,101762,AK,READM-30-AMI-HRRP,67,,0.9486,0.2454,0.2587,16,07/01/2020,06/30/2023
SAMPLE HOSPITAL 1763,101762,AK,READM-30-PN-HRRP,130,,1.0763,0.1706,0.1585,22,07/01/2020,06/30/2023
SAMPLE HOSPITAL 1763,101762,AK,READM-30-COPD-HRRP,Too Few to Report,1,Too Few to Report,,,,07/01/2020,06/30/2023
SAMPLE HOSPITAL 1763,101762,AK,READM-30-HF-HRRP,121,,1.0267,0.1641,0.1598,20,07/01/2020,06/30/2023
SAMPLE HOSPITAL 1763,101762,AK,READM-30-HIP-KNEE-HRRP,54,,1.0514,0.1489,0.1416,8,07/01/2020,06/30/2023
SAMPLE HOSPITAL 1764,101763,AZ,READM-30-COPD-HRRP,172,,0.9731,0.1811,0.1861,31,07/01/2020,06/30/2023
SAMPLE HOSPITAL 1764,101763,AZ,READM-30-CABG-HRRP,440,,1.0078,0.1887,0.1872,83,07/01/2020,06/30/2023
SAMPLE HOSPITAL 1764,101763,AZ,READM-30-HIP-KNEE-HRRP,97,,0.9111,0.1772,0.1945,17,07/01/2020,06/30/2023
SAMPLE HOSPITAL 1764,101763,AZ,READM-30-HF-HRRP,498,,0.8952,0.1922,0.2147,96,07/01/2020,06/30/2023
SAMPLE HOSPITAL 1764,101763,AZ,READM-30-PN-HRRP,935,,0.9235,0.1919,0.2078,179,07/01/2020,06/30/2023
SAMPLE HOSPITAL 1764,101763,AZ,READM-30-AMI-HRRP,171,,1.0126,0.14,0.1383,24,07/01/2020,06/30/2023
SAMPLE HOSPITAL 1765,101764,GA,READM-30-HF-HRRP,671,,1.0219,0.174,0.1703,117,07/01/2020,06/30/2023
SAMPLE HOSPITAL 1765,101764,GA,READM-30-COPD-HRRP,117,,0.9648,0.1687,0.1749,20,07/01/2020,06/30/2023
SAMPLE HOSPITAL 1765,101764,GA,READM-30-HIP-KNEE-HRRP,271,,1.0071,0.1931,0.1917,52,07/01/2020,06/30/2023
SAMPLE HOSPITAL 1765,101764,GA,READM-30-AMI-HRRP,1127,,1.0991,0.1766,0.1607,199,07/01/2020,06/30/2023
SAMPLE HOSPITAL 1765,101764,GA,READM-30-CABG-HRRP,311,,0.8615,0.179,0.2078,56,07/01/2020,06/30/2023
SAMPLE HOSPITAL 1765,101764,GA,READM-30-PN-HRRP,88,,0.891,0.1272,0.1428,11,07/01/2020,06/30/2023
SAMPLE HOSPITAL 1766,101765,MA,READM-30-HIP-KNEE-HRRP,78,,1.0776,0.1583,0.1469,12,07/01/2020,06/30/2023
SAMPLE HOSPITAL 1766,101765,MA,READM-30-COPD-HRRP,295,,0.9679,0.2247,0.2322,66,07/01/2020,06/30/2023
SAMPLE HOSPITAL 1766,101765,MA,READM-30-PN-HRRP,145,,1.1145,0.1595,0.1431,23,07/01/2020,06/30/2023
SAMPLE HOSPITAL 1766,101765,MA,READM-30-AMI-HRRP,1658,,0.9161,0.2368,0.2585,393,07/01/2020,06/30/2023
SAMPLE HOSPITAL 1766,101765,MA,READM-30-CABG-HRRP,105,,1.0341,0.1977,0.1912,21,07/01/2020,06/30/2023
SAMPLE HOSPITAL 1767,101766,NV,READM-30-PN-HRRP,49,,1.0998,0.1423,0.1294,7,07/01/2020,06/30/2023
SAMPLE HOSPITAL 1767,101766,NV,READM-30-HF-HRRP,147,,1.031,0.1341,0.1301,20,07/01/2020,06/30/2023
SAMPLE HOSPITAL 1767,101766,NV,READM-30-CABG-HRRP,91,,1.0107,0.1367,0.1353,12,07/01/2020,06/30/2023
SAMPLE HOSPITAL 1767,101766,NV,READM-30-COPD-HRRP,218,,1.0274,0.231,0.2248,50,07/01/2020,06/30/2023
SAMPLE HOSPITAL 1767,101766,NV,READM-30-AMI-HRRP,311,,0.9717,0.229,0.2357,71,07/01/2020,06/30/2023
SAMPLE HOSPITAL 1767,101766,NV,READM-30-HIP-KNEE-HRRP,57,,1.0131,0.1918,0.1893,11,07/01/2020,06/30/2023
SAMPLE HOSPITAL 1768,101767,AL,READM-30-HIP-KNEE-HRRP,109,,1.0403,0.2258,0.2171,25,07/01/2020,06/30/2023
SAMPLE HOSPITAL 1768,101767,AL,READM-30-COPD-HRRP,715,,0.8859,0.1772,0.2,127,07/01/2020,06/30/2023
SAMPLE HOSPITAL 1768,101767,AL,READM-30-CABG-HRRP,255,,1.0483,0.1423,0.1357,36,07/01/2020,06/30/2023
SAMPLE HOSPITAL 1768,101767,AL,READM-30-AMI-HRRP,384,,0.9894,0.2563,0.259,98,07/01/2020,06/30/2023
SAMPLE HOSPITAL 1768,101767,AL,READM-30-HF-HRRP,51,,0.9286,0.2226,0.2397,11,07/01/2020,06/30/2023
SAMPLE HOSPITAL 1768,101767,AL,READM-30-PN-HRRP,367,,0.982,0.2197,0.2237,81,07/01/2020,06/30/2023
SAMPLE HOSPITAL 1769,101768,IL,READM-30-COPD-HRRP,107,,1.0391,0.2447,0.2355,26,07/01/2020,06/30/2023
SAMPLE HOSPITAL 1769,101768,IL,READM-30-AMI-HRRP,337,,0.9914,0.2328,0.2348,78,07/01/2020,06/30/2023
SAMPLE HOSPITAL 1769,101768,IL,READM-30-HF-HRRP,350,,1.0466,0.2305,0.2202,81,07/01/2020,06/30/2023
SAMPLE HOSPITAL 1769,101768,IL,READM-30-CABG-HRRP,276,,0.9384,0.1888,0.2012,52,07/01/2020,06/30/2023
SAMPLE HOSPITAL 1769,101768,IL,READM-30-PN-HRRP,54,,1.08,0.2091,0.1936,11,07/01/2020,06/30/2023
SAMPLE HOSPITAL 1769,101768,IL,READM-30-HIP-KNEE-HRRP,121,,0.9317,0.1874,0.2011,23,07/01/2020,06/30/2023
SAMPLE HOSPITAL 1770,101769,GA,READM-30-COPD-HRRP,711,,0.9393,0.1994,0.2123,142,07/01/2020,06/30/2023
SAMPLE HOSPITAL 1770,101769,GA,READM-30-PN-HRRP,90,,0.9853,0.1625,0.1649,15,07/01/2020,06/30/2023
SAMPLE HOSPITAL 1770,101769,GA,READM-30-AMI-HRRP,465,,0.897,0.1543,0.172,72,07/01/2020,06/30/2023
SAMPLE HOSPITAL 1770,101769,GA,READM-30-CABG-HRRP,344,,0.9433,0.204,0.2163,70,07/01/2020,06/30/2023
SAMPLE HOSPITAL 1770,101769,GA,READM-30-HF-HRRP,112,,0.9054,0.1287,0.1422,14,07/01/2020,06/30/2023
SAMPLE HOSPITAL 1771,101770,IN,READM-30-HIP-KNEE-HRRP,229,,1.0842,0.2078,0.1917,48,07/01/2020,06/30/2023
SAMPLE HOSPITAL 1771,101770,IN,READM-30-COPD-HRRP,147,,0.9411,0.1364,0.1449,20,07/01/2020,06/30/2023
SAMPLE HOSPITAL 1771,101770,IN,READM-30-HF-HRRP,520,,0.9531,0.198,0.2077,103,07/01/2020,06/30/2023
SAMPLE HOSPITAL 1771,101770,IN,READM-30-CABG-HRRP,377,,0.9768,0.1872,0.1916,71,07/01/2020,06/30/2023
SAMPLE HOSPITAL 1772,101771,VA,READM-30-CABG-HRRP,193,,0.8549,0.1205,0.141,23,07/01/2020,06/30/2023
SAMPLE HOSPITAL 1772,101771,VA,READM-30-HIP-KNEE-HRRP,149,,1.0349,0.2612,0.2524,39,07/01/2020,06/30/2023
SAMPLE HOSPITAL 1772,101771,VA,READM-30-HF-HRRP,759,,1.0286,0.1682,0.1635,128,07/01/2020,06/30/2023
SAMPLE HOSPITAL 1772,101771,VA,READM-30-COPD-HRRP,100,,0.8992,0.203,0.2258,20,07/01/2020,06/30/2023
SAMPLE HOSPITAL 1772,101771,VA,READM-30-AMI-HRRP,121,,0.9858,0.2075,0.2105,25,07/01/2020,06/30/2023
SAMPLE HOSPITAL 1773,101772,CO,READM-30-HIP-KNEE-HRRP,188,,1.0022,0.1747,0.1743,33,07/01/2020,06/30/2023
SAMPLE HOSPITAL 1773,101772,CO,READM-30-CABG-HRRP,115,,1.1109,0.1481,0.1333,17,07/01/2020,06/30/2023
SAMPLE HOSPITAL 1773,101772,CO,READM-30-HF-HRRP,256,,1.0008,0.2161,0.2159,55,07/01/2020,06/30/2023
SAMPLE HOSPITAL 1773,101772,CO,READM-30-COPD-HRRP,66,,0.9691,0.2335,0.2409,15,07/01/2020,06/30/2023
SAMPLE HOSPITAL 1774,101773,TX,READM-30-HIP-KNEE-HRRP,365,,1.0159,0.2007,0.1976,73,07/01/2020,06/30/2023
SAMPLE HOSPITAL 1774,101773,TX,READM-30-PN-HRRP,25,,1.0354,0.2452,0.2368,6,07/01/2020,06/30/2023
SAMPLE HOSPITAL 1774,101773,TX,READM-30-CABG-HRRP,45,,1.1021,0.1696,0.1539,8,07/01/2020,06/30/2023
SAMPLE HOSPITAL 1774,101773,TX,READM-30-COPD-HRRP,285,,0.9851,0.1783,0.181,51,07/01/2020,06/30/2023
SAMPLE HOSPITAL 1774,101773,TX,READM-30-HF-HRRP,287,,1.0259,0.1447,0.141,42,07/01/2020,06/30/2023
SAMPLE HOSPITAL 1774,101773,TX,READM-30-AMI-HRRP,1251,,0.9355,0.1585,0.1694,198,07/01/2020,06/30/2023
SAMPLE HOSPITAL 1775,101774,SC,READM-30-COPD-HRRP,98,,0.9671,0.1503,0.1554,15,07/01/2020,06/30/2023
SAMPLE HOSPITAL 1775,101774,SC,READM-30-HIP-KNEE-HRRP,230,,1.1376,0.24,0.211,55,07/01/2020,06/30/2023
SAMPLE HOSPITAL 1775,101774,SC,READM-30-CABG-HRRP,280,,0.9767,0.1944,0.199,54,07/01/2020,06/30/2023
SAMPLE HOSPITAL 1776,101775,GA,READM-30-PN-HRRP,56,,0.921,0.2338,0.2539,13,07/01/2020,06/30/2023
SAMPLE HOSPITAL 1776,101775,GA,READM-30-HIP-KNEE-HRRP,82,,0.8899,0.1773,0.1992,15,07/01/2020,06/30/2023
SAMPLE HOSPITAL 1776,101775,GA,READM-30-COPD-HRRP,1179,,0.9901,0.1634,0.165,193,07/01/2020,06/30/2023
SAMPLE HOSPITAL 1776,101775,GA,READM-30-AMI-HRRP,272,,0.8187,0.2093,0.2556,57,07/01/2020,06/30/2023
SAMPLE HOSPITAL 1777,101776,MO,READM-30-COPD-HRRP,56,,0.8788,0.1467,0.1669,8,07/01/2020,06/30/2023
SAMPLE HOSPITAL 1777,101776,MO,READM-30-AMI-HRRP,226,,1.049,0.2721,0.2594,61,07/01/2020,06/30/2023
SAMPLE HOSPITAL 1777,101776,MO,READM-30-PN-HRRP,110,,0.8404,0.1205,0.1434,13,07/01/2020,06/30/2023
SAMPLE HOSPITAL 1777,101776,MO,READM-30-HIP-KNEE-HRRP,98,,1.0801,0.1577,0.146,15,07/01/2020,06/30/2023
SAMPLE HOSPITAL 1777,101776,MO,READM-30-CABG-HRRP,139,,0.9204,0.1524,0.1656,21,07/01/2020,06/30/2023
SAMPLE HOSPITAL 1778,101777,SD,READM-30-AMI-HRRP,81,,1.1751,0.2677,0.2278,22,07/01/2020,06/30/2023
SAMPLE HOSPITAL 1778,101777,SD,READM-30-HIP-KNEE-HRRP,213,,1.0496,0.1982,0.1888,42,07/01/2020,06/30/2023
SAMPLE HOSPITAL 1778,101777,SD,READM-30-HF-HRRP,Too Few to Report,1,Too Few to Report,,,,07/01/2020,06/30/2023
SAMPLE HOSPITAL 1778,101777,SD,READM-30-CABG-HRRP,221,,1.0561,0.19,0.1799,42,07/01/2020,06/30/2023
SAMPLE HOSPITAL 1779,101778,KS,READM-30-AMI-HRRP,363,,0.8705,0.1475,0.1694,54,07/01/2020,06/30/2023
SAMPLE HOSPITAL 1779,101778,KS,READM-30-CABG-HRRP,382,,1.0369,0.234,0.2257,89,07/01/2020,06/30/2023
SAMPLE HOSPITAL 1779,101778,KS,READM-30-HF-HRRP,105,,0.9208,0.1736,0.1885,18,07/01/2020,06/30/2023
SAMPLE HOSPITAL 1779,101778,KS,READM-30-COPD-HRRP,179,,0.9061,0.1887,0.2082,34,07/01/2020,06/30/2023
SAMPLE HOSPITAL 1779,101778,KS,READM-30-HIP-KNEE-HRRP,96,,0.9933,0.1594,0.1605,15,07/01/2020,06/30/2023
SAMPLE HOSPITAL 1779,101778,KS,READM-30-PN-HRRP,199,,0.9942,0.1318,0.1326,26,07/01/2020,06/30/2023
SAMPLE HOSPITAL 1780,101779,NJ,READM-30-AMI-HRRP,40,,0.9831,0.158,0.1607,6,07/01/2020,06/30/2023
SAMPLE HOSPITAL 1780,101779,NJ,READM-30-PN-HRRP,119,,0.9498,0.2424,0.2552,29,07/01/2020,06/30/2023
SAMPLE HOSPITAL 1780,101779,NJ,READM-30-HIP-KNEE-HRRP,100,,0.9371,0.2154,0.2299,22,07/01/2020,06/30/2023
SAMPLE HOSPITAL 1781,101780,VT,READM-30-AMI-HRRP,1089,,1.1366,0.2614,0.23,285,07/01/2020,06/30/2023
SAMPLE HOSPITAL 1781,101780,VT,READM-30-PN-HRRP,85,,1.0537,0.1984,0.1883,17,07/01/2020,06/30/2023
SAMPLE HOSPITAL 1781,101780,VT,READM-30-HF-HRRP,320,,0.9776,0.1355,0.1386,43,07/01/2020,06/30/2023
SAMPLE HOSPITAL 1781,101780,VT,READM-30-CABG-HRRP,181,,0.9961,0.2485,0.2495,45,07/01/2020,06/30/2023
SAMPLE HOSPITAL 1782,101781,MO,READM-30-COPD-HRRP,35,,1.0509,0.1981,0.1885,7,07/01/2020,06/30/2023
SAMPLE HOSPITAL 1782,101781,MO,READM-30-HIP-KNEE-HRRP,195,,1.0158,0.2065,0.2033,40,07/01/2020,06/30/2023
SAMPLE HOSPITAL 1782,101781,MO,READM-30-HF-HRRP,563,,1.028,0.1939,0.1886,109,07/01/2020,06/30/2023
SAMPLE HOSPITAL 1782,101781,MO,READM-30-CABG-HRRP,46,,0.8352,0.1677,0.2008,8,07/01/2020,06/30/2023
SAMPLE HOSPITAL 1782,101781,MO,READM-30-PN-HRRP,328,,1.1574,0.1703,0.1471,56,07/01/2020,06/30/2023
SAMPLE HOSPITAL 1783,101782,MO,READM-30-COPD-HRRP,200,,1.0229,0.2128,0.208,43,07/01/2020,06/30/2023
SAMPLE HOSPITAL 1783,101782,MO,READM-30-CABG-HRRP,145,,1.0634,0.2677,0.2517,39,07/01/2020,06/30/2023
SAMPLE HOSPITAL 1783,101782,MO,READM-30-HIP-KNEE-HRRP,272,,1.0273,0.2097,0.2041,57,07/01/2020,06/30/2023
SAMPLE HOSPITAL 1785,101784,AL,READM-30-HIP-KNEE-HRRP,199,,0.9979,0.1307,0.131,26,07/01/2020,06/30/2023
SAMPLE HOSPITAL 1785,101784,AL,READM-30-PN-HRRP,138,,0.9686,0.1224,0.1264,17,07/01/2020,06/30/2023
SAMPLE HOSPITAL 1785,101784,AL,READM-30-HF-HRRP,106,,0.9653,0.2223,0.2303,24,07/01/2020,06/30/2023
SAMPLE HOSPITAL 1785,101784,AL,READM-30-AMI-HRRP,147,,0.9352,0.1571,0.168,23,07/01/2020,06/30/2023
SAMPLE HOSPITAL 1785,101784,AL,READM-30-COPD-HRRP,114,,1.0284,0.1757,0.1708,20,07/01/2020,06/30/2023
SAMPLE HOSPITAL 1786,101785,CA,READM-30-AMI-HRRP,59,,0.97,0.2231,0.23,13,07/01/2020,06/30/2023
SAMPLE HOSPITAL 1786,101785,CA,READM-30-HF-HRRP,454,,0.9249,0.1492,0.1613,68,07/01/2020,06/30/2023
SAMPLE HOSPITAL 1786,101785,CA,READM-30-PN-HRRP,67,,0.9562,0.2031,0.2124,14,07/01/2020,06/30/2023
SAMPLE HOSPITAL 1786,101785,CA,READM-30-CABG-HRRP,426,,0.9811,0.1263,0.1287,54,07/01/2020,06/30/2023
SAMPLE HOSPITAL 1786,101785,CA,READM-30-HIP-KNEE-HRRP,152,,1.0722,0.1343,0.1253,20,07/01/2020,06/30/2023
SAMPLE HOSPITAL 1787,101786,HI,READM-30-HIP-KNEE-HRRP,123,,0.9259,0.1821,0.1967,22,07/01/2020,06/30/2023
SAMPLE HOSPITAL 1787,101786,HI,READM-30-CABG-HRRP,125,,0.9842,0.2507,0.2547,31,07/01/2020,06/30/2023
SAMPLE HOSPITAL 1787,101786,HI,READM-30-PN-HRRP,236,,0.8259,0.2137,0.2587,50,07/01/2020,06/30/2023
SAMPLE HOSPITAL 1788,101787,OR,READM-30-COPD-HRRP,381,,1.094,0.2663,0.2434,101,07/01/2020,06/30/2023
SAMPLE HOSPITAL 1788,101787,OR,READM-30-HF-HRRP,409,,0.8982,0.1559,0.1736,64,07/01/2020,06/30/2023
SAMPLE HOSPITAL 1788,101787,OR,READM-30-AMI-HRRP,63,,1.0258,0.1731,0.1687,11,07/01/2020,06/30/2023
SAMPLE HOSPITAL 1788,101787,OR,READM-30-CABG-HRRP,175,,1.0278,0.2588,0.2518,45,07/01/2020,06/30/2023
SAMPLE HOSPITAL 1789,101788,DE,READM-30-COPD-HRRP,Too Few to Report,1,Too Few to Report,,,,07/01/2020,06/30/2023
SAMPLE HOSPITAL 1789,101788,DE,READM-30-HF-HRRP,182,,1.0856,0.1873,0.1725,34,07/01/2020,06/30/2023
SAMPLE HOSPITAL 1789,101788,DE,READM-30-CABG-HRRP,199,,1.0693,0.2279,0.2131,45,07/01/2020,06/30/2023
SAMPLE HOSPITAL 1789,101788,DE,READM-30-HIP-KNEE-HRRP,280,,0.9464,0.1686,0.1782,47,07/01/2020,06/30/2023
SAMPLE HOSPITAL 1789,101788,DE,READM-30-AMI-HRRP,1323,,1.007,0.2417,0.24,320,07/01/2020,06/30/2023
SAMPLE HOSPITAL 1790,101789,IA,READM-30-HIP-KNEE-HRRP,390,,1.0084,0.1414,0.1402,55,07/01/2020,06/30/2023
SAMPLE HOSPITAL 1790,101789,IA,READM-30-HF-HRRP,155,,1.0252,0.2251,0.2196,35,07/01/2020,06/30/2023
SAMPLE HOSPITAL 1790,101789,IA,READM-30-PN-HRRP,181,,1.0071,0.1386,0.1376,25,07/01/2020,06/30/2023
SAMPLE HOSPITAL 1790,101789,IA,READM-30-AMI-HRRP,134,,0.9201,0.2356,0.2561,32,07/01/2020,06/30/2023
SAMPLE HOSPITAL 1790,101789,IA,READM-30-COPD-HRRP,94,,1.0269,0.2453,0.2389,23,07/01/2020,06/30/2023
SAMPLE HOSPITAL 1791,101790,NV,READM-30-PN-HRRP,247,,1.0421,0.2521,0.2419,62,07/01/2020,06/30/2023
SAMPLE HOSPITAL 1791,101790,NV,READM-30-HIP-KNEE-HRRP,112,,1.0038,0.2459,0.245,28,07/01/2020,06/30/2023
SAMPLE HOSPITAL 1791,101790,NV,READM-30-COPD-HRRP,74,,1.0139,0.1567,0.1546,12,07/01/2020,06/30/2023
SAMPLE HOSPITAL 1791,101790,NV,READM-30-AMI-HRRP,425,,0.9036,0.2066,0.2286,88,07/01/2020,06/30/2023
SAMPLE HOSPITAL 1791,101790,NV,READM-30-HF-HRRP,110,,0.9602,0.2359,0.2457,26,07/01/2020,06/30/2023
SAMPLE HOSPITAL 1791,101790,NV,READM-30-CABG-HRRP,280,,0.9692,0.1574,0.1624,44,07/01/2020,06/30/2023
SAMPLE HOSPITAL 1792,101791,WA,READM-30-AMI-HRRP,68,,0.9768,0.2425,0.2483,16,07/01/2020,06/30/2023
SAMPLE HOSPITAL 1792,101791,WA,READM-30-PN-HRRP,413,,0.9411,0.2083,0.2213,86,07/01/2020,06/30/2023
SAMPLE HOSPITAL 1792,101791,WA,READM-30-HIP-KNEE-HRRP,246,,0.9738,0.1192,0.1224,29,07/01/2020,06/30/2023
SAMPLE HOSPITAL 1792,101791,WA,READM-30-CABG-HRRP,103,,0.9818,0.2439,0.2484,25,07/01/2020,06/30/2023
SAMPLE HOSPITAL 1793,101792,CT,READM-30-COPD-HRRP,110,,1.0218,0.2586,0.2531,28,07/01/2020,06/30/2023
SAMPLE HOSPITAL 1793,101792,CT,READM-30-AMI-HRRP,204,,1.0491,0.1282,0.1222,26,07/01/2020,06/30/2023
SAMPLE HOSPITAL 1793,101792,CT,READM-30-HF-HRRP,125,,1.0382,0.1348,0.1298,17,07/01/2020,06/30/2023
SAMPLE HOSPITAL 1793,101792,CT,READM-30-HIP-KNEE-HRRP,108,,0.9289,0.1898,0.2043,20,07/01/2020,06/30/2023
SAMPLE HOSPITAL 1793,101792,CT,READM-30-CABG-HRRP,746,,0.9814,0.2027,0.2065,151,07/01/2020,06/30/2023
SAMPLE HOSPITAL 1793,101792,CT,READM-30-PN-HRRP,482,,0.9911,0.168,0.1695,81,07/01/2020,06/30/2023
SAMPLE HOSPITAL 1794,101793,OH,READM-30-AMI-HRRP,293,,1.0277,0.2068,0.2012,61,07/01/2020,06/30/2023
SAMPLE HOSPITAL 1794,101793,OH,READM-30-CABG-HRRP,117,,0.9531,0.1789,0.1877,21,07/01/2020,06/30/2023
SAMPLE HOSPITAL 1794,101793,OH,READM-30-HIP-KNEE-HRRP,185,,1.0196,0.1698,0.1665,31,07/01/2020,06/30/2023
SAMPLE HOSPITAL 1794,101793,OH,READM-30-COPD-HRRP,391,,1.0723,0.1448,0.135,57,07/01/2020,06/30/2023
SAMPLE HOSPITAL 1795,101794,MD,READM-30-CABG-HRRP,303,,0.9657,0.1976,0.2046,60,07/01/2020,06/30/2023
SAMPLE HOSPITAL 1795,101794,MD,READM-30-HIP-KNEE-HRRP,359,,0.9578,0.1502,0.1568,54,07/01/2020,06/30/2023
SAMPLE HOSPITAL 1795,101794,MD,READM-30-COPD-HRRP,110,,0.9465,0.2118,0.2238,23,07/01/2020,06/30/2023
SAMPLE HOSPITAL 1796,101795,SD,READM-30-HF-HRRP,458,,1.0659,0.2492,0.2338,114,07/01/2020,06/30/2023
SAMPLE HOSPITAL 1796,101795,SD,READM-30-COPD-HRRP,330,,0.9181,0.1552,0.169,51,07/01/2020,06/30/2023
SAMPLE HOSPITAL 1796,101795,SD,READM-30-HIP-KNEE-HRRP,233,,0.965,0.1652,0.1712,38,07/01/2020,06/30/2023
SAMPLE HOSPITAL 1796,101795,SD,READM-30-PN-HRRP,89,,0.9883,0.2067,0.2091,18,07/01/2020,06/30/2023
SAMPLE HOSPITAL 1796,101795,SD,READM-30-AMI-HRRP,116,,1.0163,0.2329,0.2292,27,07/01/2020,06/30/2023
SAMPLE HOSPITAL 1797,101796,WY,READM-30-PN-HRRP,86,,0.9811,0.1271,0.1295,11,07/01/2020,06/30/2023
SAMPLE HOSPITAL 1797,101796,WY,READM-30-HF-HRRP,208,,1.0398,0.1694,0.1629,35,07/01/2020,06/30/2023
SAMPLE HOSPITAL 1797,101796,WY,READM-30-AMI-HRRP,373,,1.0141,0.2423,0.2389,90,07/01/2020,06/30/2023
SAMPLE HOSPITAL 1797,101796,WY,READM-30-CABG-HRRP,171,,1.0356,0.1953,0.1886,33,07/01/2020,06/30/2023
SAMPLE HOSPITAL 1797,101796,WY,READM-30-HIP-KNEE-HRRP,52,,1.0765,0.2685,0.2494,14,07/01/2020,06/30/2023
SAMPLE HOSPITAL 1797,101796,WY,READM-30-COPD-HRRP,188,,0.889,0.1751,0.197,33,07/01/2020,06/30/2023
SAMPLE HOSPITAL 1798,101797,GA,READM-30-COPD-HRRP,35,,0.9633,0.1963,0.2038,7,07/01/2020,06/30/2023
SAMPLE HOSPITAL 1798,101797,GA,READM-30-HIP-KNEE-HRRP,1012,,0.9421,0.184,0.1953,186,07/01/2020,06/30/2023
SAMPLE HOSPITAL 1798,101797,GA,READM-30-HF-HRRP,181,,0.9258,0.2053,0.2218,37,07/01/2020,06/30/2023
SAMPLE HOSPITAL 1798,101797,GA,READM-30-CABG-HRRP,191,,0.9346,0.2051,0.2194,39,07/01/2020,06/30/2023
SAMPLE HOSPITAL 1798,101797,GA,READM-30-PN-HRRP,66,,1.0586,0.2307,0.2179,15,07/01/2020,06/30/2023
SAMPLE HOSPITAL 1799,101798,DE,READM-30-PN-HRRP,52,,1.0634,0.1362,0.1281,7,07/01/2020,06/30/2023
SAMPLE HOSPITAL 1799,101798,DE,READM-30-HF-HRRP,492,,0.9694,0.1851,0.1909,91,07/01/2020,06/30/2023
SAMPLE HOSPITAL 1799,101798,DE,READM-30-COPD-HRRP,62,,0.9614,0.2301,0.2393,14,07/01/2020,06/30/2023
SAMPLE HOSPITAL 1799,101798,DE,READM-30-CABG-HRRP,60,,0.9225,0.1241,0.1345,7,07/01/2020,06/30/2023
SAMPLE HOSPITAL 1799,101798,DE,READM-30-AMI-HRRP,339,,1.0756,0.2267,0.2108,77,07/01/2020,06/30/2023
SAMPLE HOSPITAL 1800,101799,WI,READM-30-HIP-KNEE-HRRP,136,,0.9814,0.2446,0.2492,33,07/01/2020,06/30/2023
SAMPLE HOSPITAL 1800,101799,WI,READM-30-HF-HRRP,106,,1.0119,0.1975,0.1952,21,07/01/2020,06/30/2023
SAMPLE HOSPITAL 1800,101799,WI,READM-30-AMI-HRRP,127,,1.1072,0.1602,0.1447,20,07/01/2020,06/30/2023
SAMPLE HOSPITAL 1800,101799,WI,READM-30-CABG-HRRP,113,,0.8962,0.2002,0.2234,23,07/01/2020,06/30/2023
SAMPLE HOSPITAL 1800,101799,WI,READM-30-PN-HRRP,67,,1.0266,0.1604,0.1562,11,07/01/2020,06/30/2023
SAMPLE HOSPITAL 1801,101800,AR,READM-30-AMI-HRRP,92,,1.0101,0.1382,0.1368,13,07/01/2020,06/30/2023
SAMPLE HOSPITAL 1801,101800,AR,READM-30-PN-HRRP,1095,,0.9453,0.2192,0.2319,240,07/01/2020,06/30/2023
SAMPLE HOSPITAL 1801,101800,AR,READM-30-HF-HRRP,1087,,0.9453,0.1145,0.1211,124,07/01/2020,06/30/2023
SAMPLE HOSPITAL 1802,101801,OH,READM-30-CABG-HRRP,196,,0.913,0.237,0.2596,46,07/01/2020,06/30/2023
SAMPLE HOSPITAL 1802,101801,OH,READM-30-COPD-HRRP,303,,1.0284,0.2069,0.2012,63,07/01/2020,06/30/2023
SAMPLE HOSPITAL 1802,101801,OH,READM-30-HIP-KNEE-HRRP,28,,0.9392,0.2074,0.2208,6,07/01/2020,06/30/2023
SAMPLE HOSPITAL 1802,101801,OH,READM-30-PN-HRRP,196,,0.9359,0.2368,0.253,46,07/01/2020,06/30/2023
SAMPLE HOSPITAL 1802,101801,OH,READM-30-AMI-HRRP,1230,,0.9922,0.131,0.132,161,07/01/2020,06/30/2023
SAMPLE HOSPITAL 1803,101802,KS,READM-30-HIP-KNEE-HRRP,318,,0.9783,0.201,0.2055,64,07/01/2020,06/30/2023
SAMPLE HOSPITAL 1803,101802,KS,READM-30-PN-HRRP,153,,1.0444,0.2422,0.2319,37,07/01/2020,06/30/2023
SAMPLE HOSPITAL 1803,101802,KS,READM-30-CABG-HRRP,313,,1.1189,0.1728,0.1544,54,07/01/2020,06/30/2023
SAMPLE HOSPITAL 1803,101802,KS,READM-30-AMI-HRRP,484,,0.9508,0.1208,0.127,58,07/01/2020,06/30/2023
SAMPLE HOSPITAL 1803,101802,KS,READM-30-HF-HRRP,417,,0.9729,0.1369,0.1407,57,07/01/2020,06/30/2023
SAMPLE HOSPITAL 1804,101803,AR,READM-30-CABG-HRRP,112,,0.9493,0.1787,0.1882,20,07/01/2020,06/30/2023
SAMPLE HOSPITAL 1804,101803,AR,READM-30-AMI-HRRP,Too Few to Report,1,Too Few to Report,,,,07/01/2020,06/30/2023
SAMPLE HOSPITAL 1804,101803,AR,READM-30-HF-HRRP,412,,1.0453,0.1344,0.1286,55,07/01/2020,06/30/2023
SAMPLE HOSPITAL 1805,101804,OK,READM-30-PN-HRRP,62,,0.9527,0.136,0.1428,8,07/01/2020,06/30/2023
SAMPLE HOSPITAL 1805,101804,OK,READM-30-HIP-KNEE-HRRP,208,,0.9994,0.1862,0.1863,39,07/01/2020,06/30/2023
SAMPLE HOSPITAL 1805,101804,OK,READM-30-COPD-HRRP,363,,0.9699,0.1681,0.1733,61,07/01/2020,06/30/2023
SAMPLE HOSPITAL 1805,101804,OK,READM-30-HF-HRRP,79,,0.9903,0.2235,0.2257,18,07/01/2020,06/30/2023
SAMPLE HOSPITAL 1805,101804,OK,READM-30-AMI-HRRP,104,,1.0237,0.1718,0.1678,18,07/01/2020,06/30/2023
SAMPLE HOSPITAL 1805,101804,OK,READM-30-CABG-HRRP,187,,1.0136,0.1415,0.1396,26,07/01/2020,06/30/2023
SAMPLE HOSPITAL 1806,101805,SD,READM-30-PN-HRRP,40,,1.1542,0.2709,0.2347,11,07/01/2020,06/30/2023
SAMPLE HOSPITAL 1806,101805,SD,READM-30-HF-HRRP,165,,1.0559,0.2741,0.2596,45,07/01/2020,06/30/2023
SAMPLE HOSPITAL 1806,101805,SD,READM-30-COPD-HRRP,475,,0.9991,0.2348,0.235,112,07/01/2020,06/30/2023
SAMPLE HOSPITAL 1806,101805,SD,READM-30-CABG-HRRP,180,,1.154,0.2351,0.2037,42,07/01/2020,06/30/2023
SAMPLE HOSPITAL 1806,101805,SD,READM-30-AMI-HRRP,140,,1.1185,0.2586,0.2312,36,07/01/2020,06/30/2023
SAMPLE HOSPITAL 1807,101806,KS,READM-30-HIP-KNEE-HRRP,416,,0.9692,0.1937,0.1999,81,07/01/2020,06/30/2023
SAMPLE HOSPITAL 1807,101806,KS,READM-30-COPD-HRRP,520,,1.0318,0.2303,0.2232,120,07/01/2020,06/30/2023
SAMPLE HOSPITAL 1807,101806,KS,READM-30-AMI-HRRP,149,,0.9544,0.1278,0.1339,19,07/01/2020,06/30/2023
SAMPLE HOSPITAL 1807,101806,KS,READM-30-HF-HRRP,426,,0.8454,0.1277,0.1511,54,07/01/2020,06/30/2023
SAMPLE HOSPITAL 1808,101807,MN,READM-30-AMI-HRRP,119,,1.0482,0.1476,0.1408,18,07/01/2020,06/30/2023
SAMPLE HOSPITAL 1808,101807,MN,READM-30-HF-HRRP,367,,0.908,0.1785,0.1966,66,07/01/2020,06/30/2023
SAMPLE HOSPITAL 1808,101807,MN,READM-30-PN-HRRP,328,,1.0322,0.1778,0.1723,58,07/01/2020,06/30/2023
SAMPLE HOSPITAL 1808,101807,MN,READM-30-CABG-HRRP,208,,1.0278,0.222,0.216,46,07/01/2020,06/30/2023
SAMPLE HOSPITAL 1808,101807,MN,READM-30-COPD-HRRP,551,,0.9751,0.2257,0.2315,124,07/01/2020,06/30/2023
SAMPLE HOSPITAL 1808,101807,MN,READM-30-HIP-KNEE-HRRP,480,,0.9972,0.1582,0.1586,76,07/01/2020,06/30/2023
SAMPLE HOSPITAL 1809,101808,NM,READM-30-HF-HRRP,517,,0.9664,0.1503,0.1555,78,07/01/2020,06/30/2023
SAMPLE HOSPITAL 1809,101808,NM,READM-30-COPD-HRRP,199,,1.0243,0.1512,0.1476,30,07/01/2020,06/30/2023
SAMPLE HOSPITAL 1809,101808,NM,READM-30-AMI-HRRP,124,,0.9409,0.1316,0.1399,16,07/01/2020,06/30/2023
SAMPLE HOSPITAL 1809,101808,NM,READM-30-HIP-KNEE-HRRP,175,,1.0189,0.1578,0.1549,28,07/01/2020,06/30/2023
SAMPLE HOSPITAL 1809,101808,NM,READM-30-PN-HRRP,202,,0.837,0.1362,0.1627,28,07/01/2020,06/30/2023
SAMPLE HOSPITAL 1809,101808,NM,READM-30-CABG-HRRP,68,,0.9273,0.2068,0.223,14,07/01/2020,06/30/2023
SAMPLE HOSPITAL 1810,101809,TN,READM-30-AMI-HRRP,1334,,0.9033,0.2234,0.2473,298,07/01/2020,06/30/2023
SAMPLE HOSPITAL 1810,101809,TN,READM-30-HF-HRRP,240,,1.0104,0.2546,0.252,61,07/01/2020,06/30/2023
SAMPLE HOSPITAL 1810,101809,TN,READM-30-COPD-HRRP,582,,0.9361,0.121,0.1293,70,07/01/2020,06/30/2023
SAMPLE HOSPITAL 1810,101809,TN,READM-30-PN-HRRP,146,,0.8059,0.1912,0.2373,28,07/01/2020,06/30/2023
SAMPLE HOSPITAL 1811,101810,MN,READM-30-CABG-HRRP,2165,,1.0432,0.1852,0.1775,401,07/01/2020,06/30/2023
SAMPLE HOSPITAL 1811,101810,MN,READM-30-PN-HRRP,117,,0.9585,0.2093,0.2184,24,07/01/2020,06/30/2023
SAMPLE HOSPITAL 1811,101810,MN,READM-30-HIP-KNEE-HRRP,103,,0.9738,0.12,0.1232,12,07/01/2020,06/30/2023
SAMPLE HOSPITAL 1811,101810,MN,READM-30-HF-HRRP,165,,0.9899,0.1839,0.1858,30,07/01/2020,06/30/2023
SAMPLE HOSPITAL 1812,101811,VT,READM-30-HF-HRRP,193,,1.1217,0.184,0.164,36,07/01/2020,06/30/2023
SAMPLE HOSPITAL 1812,101811,VT,READM-30-COPD-HRRP,177,,1.0432,0.172,0.1649,30,07/01/2020,06/30/2023
SAMPLE HOSPITAL 1812,101811,VT,READM-30-AMI-HRRP,130,,1.0071,0.1216,0.1207,16,07/01/2020,06/30/2023
SAMPLE HOSPITAL 1812,101811,VT,READM-30-HIP-KNEE-HRRP,322,,0.956,0.1164,0.1218,37,07/01/2020,06/30/2023
SAMPLE HOSPITAL 1813,101812,NH,READM-30-HIP-KNEE-HRRP,192,,0.9349,0.1616,0.1728,31,07/01/2020,06/30/2023
SAMPLE HOSPITAL 1813,101812,NH,READM-30-HF-HRRP,40,,0.9605,0.1482,0.1543,6,07/01/2020,06/30/2023
SAMPLE HOSPITAL 1813,101812,NH,READM-30-CABG-HRRP,257,,0.909,0.2305,0.2536,59,07/01/2020,06/30/2023
SAMPLE HOSPITAL 1813,101812,NH,READM-30-COPD-HRRP,310,,1.0052,0.2271,0.2259,70,07/01/2020,06/30/2023
SAMPLE HOSPITAL 1813,101812,NH,READM-30-AMI-HRRP,803,,1.063,0.1835,0.1726,147,07/01/2020,06/30/2023
SAMPLE HOSPITAL 1813,101812,NH,READM-30-PN-HRRP,124,,0.9553,0.2009,0.2103,25,07/01/2020,06/30/2023
SAMPLE HOSPITAL 1814,101813,WI,READM-30-COPD-HRRP,509,,1.0165,0.2075,0.2041,106,07/01/2020,06/30/2023
SAMPLE HOSPITAL 1814,101813,WI,READM-30-CABG-HRRP,122,,0.9736,0.176,0.1808,21,07/01/2020,06/30/2023
SAMPLE HOSPITAL 1814,101813,WI,READM-30-AMI-HRRP,173,,1.0569,0.133,0.1258,23,07/01/2020,06/30/2023
SAMPLE HOSPITAL 1814,101813,WI,READM-30-PN-HRRP,59,,1.01,0.2188,0.2166,13,07/01/2020,06/30/2023
SAMPLE HOSPITAL 1815,101814,NV,READM-30-HF-HRRP,747,,0.916,0.121,0.1321,90,07/01/2020,06/30/2023
SAMPLE HOSPITAL 1815,101814,NV,READM-30-HIP-KNEE-HRRP,112,,0.8885,0.1663,0.1872,19,07/01/2020,06/30/2023
SAMPLE HOSPITAL 1815,101814,NV,READM-30-AMI-HRRP,290,,0.8986,0.1185,0.1319,34,07/01/2020,06/30/2023
SAMPLE HOSPITAL 1815,101814,NV,READM-30-CABG-HRRP,115,,1.0101,0.1608,0.1592,18,07/01/2020,06/30/2023
SAMPLE HOSPITAL 1816,101815,MD,READM-30-HIP-KNEE-HRRP,1350,,0.8898,0.1299,0.146,175,07/01/2020,06/30/2023
SAMPLE HOSPITAL 1816,101815,MD,READM-30-COPD-HRRP,654,,1.045,0.2063,0.1974,135,07/01/2020,06/30/2023
SAMPLE HOSPITAL 1816,101815,MD,READM-30-HF-HRRP,Too Few to Report,1,Too Few to Report,,,,07/01/2020,06/30/2023
SAMPLE HOSPITAL 1816,101815,MD,READM-30-PN-HRRP,311,,1.0891,0.1714,0.1574,53,07/01/2020,06/30/2023
SAMPLE HOSPITAL 1816,101815,MD,READM-30-AMI-HRRP,217,,1.0346,0.2063,0.1994,45,07/01/2020,06/30/2023
SAMPLE HOSPITAL 1816,101815,MD,READM-30-CABG-HRRP,89,,0.8739,0.1556,0.178,14,07/01/2020,06/30/2023
SAMPLE HOSPITAL 1817,101816,DE,READM-30-AMI-HRRP,345,,1.0121,0.2214,0.2188,76,07/01/2020,06/30/2023
SAMPLE HOSPITAL 1817,101816,DE,READM-30-PN-HRRP,167,,1.0462,0.1636,0.1564,27,07/01/2020,06/30/2023
SAMPLE HOSPITAL 1817,101816,DE,READM-30-CABG-HRRP,540,,1.0503,0.1376,0.131,74,07/01/2020,06/30/2023
SAMPLE HOSPITAL 1818,101817,MO,READM-30-HF-HRRP,84,,0.9096,0.1371,0.1507,12,07/01/2020,06/30/2023
SAMPLE HOSPITAL 1818,101817,MO,READM-30-PN-HRRP,425,,0.995,0.159,0.1598,68,07/01/2020,06/30/2023
SAMPLE HOSPITAL 1818,101817,MO,READM-30-CABG-HRRP,171,,1.0406,0.1447,0.1391,25,07/01/2020,06/30/2023
SAMPLE HOSPITAL 1818,101817,MO,READM-30-HIP-KNEE-HRRP,36,,0.9519,0.1788,0.1878,6,07/01/2020,06/30/2023
SAMPLE HOSPITAL 1818,101817,MO,READM-30-AMI-HRRP,209,,0.9461,0.2024,0.2139,42,07/01/2020,06/30/2023
SAMPLE HOSPITAL 1819,101818,AL,READM-30-AMI-HRRP,132,,1.0848,0.2252,0.2076,30,07/01/2020,06/30/2023
SAMPLE HOSPITAL 1819,101818,AL,READM-30-HIP-KNEE-HRRP,186,,0.9822,0.1762,0.1794,33,07/01/2020,06/30/2023
SAMPLE HOSPITAL 1819,101818,AL,READM-30-CABG-HRRP,58,,1.0732,0.2608,0.243,15,07/01/2020,06/30/2023
SAMPLE HOSPITAL 1819,101818,AL,READM-30-COPD-HRRP,103,,1.0128,0.1471,0.1452,15,07/01/2020,06/30/2023
SAMPLE HOSPITAL 1819,101818,AL,READM-30-HF-HRRP,29,,1.0592,0.272,0.2568,8,07/01/2020,06/30/2023
SAMPLE HOSPITAL 1819,101818,AL,READM-30-PN-HRRP,668,,1.0297,0.2538,0.2465,170,07/01/2020,06/30/2023
SAMPLE HOSPITAL 1820,101819,AK,READM-30-CABG-HRRP,56,,0.969,0.1266,0.1307,7,07/01/2020,06/30/2023
SAMPLE HOSPITAL 1820,101819,AK,READM-30-AMI-HRRP,60,,1.0491,0.225,0.2145,14,07/01/2020,06/30/2023
SAMPLE HOSPITAL 1820,101819,AK,READM-30-HF-HRRP,713,,1.0521,0.2387,0.2269,170,07/01/2020,06/30/2023
SAMPLE HOSPITAL 1821,101820,TX,READM-30-CABG-HRRP,43,,0.9793,0.2256,0.2304,10,07/01/2020,06/30/2023
SAMPLE HOSPITAL 1821,101820,TX,READM-30-HIP-KNEE-HRRP,120,,0.8698,0.1357,0.156,16,07/01/2020,06/30/2023
SAMPLE HOSPITAL 1821,101820,TX,READM-30-PN-HRRP,502,,1.0611,0.1343,0.1266,67,07/01/2020,06/30/2023
SAMPLE HOSPITAL 1821,101820,TX,READM-30-COPD-HRRP,230,,1.0371,0.2672,0.2576,61,07/01/2020,06/30/2023
SAMPLE HOSPITAL 1822,101821,WV,READM-30-HIP-KNEE-HRRP,279,,0.999,0.1981,0.1983,55,07/01/2020,06/30/2023
SAMPLE HOSPITAL 1822,101821,WV,READM-30-HF-HRRP,35,,0.925,0.1248,0.1349,4,07/01/2020,06/30/2023
SAMPLE HOSPITAL 1822,101821,WV,READM-30-COPD-HRRP,235,,0.9676,0.2456,0.2538,58,07/01/2020,06/30/2023
SAMPLE HOSPITAL 1822,101821,WV,READM-30-PN-HRRP,167,,0.9999,0.2519,0.2519,42,07/01/2020,06/30/2023
SAMPLE HOSPITAL 1822,101821,WV,READM-30-AMI-HRRP,114,,0.9308,0.1757,0.1888,20,07/01/2020,06/30/2023
SAMPLE HOSPITAL 1822,101821,WV,READM-30-CABG-HRRP,464,,0.9824,0.1542,0.157,72,07/01/2020,06/30/2023
SAMPLE HOSPITAL 1823,101822,WA,READM-30-COPD-HRRP,202,,0.9527,0.1724,0.181,35,07/01/2020,06/30/2023
SAMPLE HOSPITAL 1823,101822,WA,READM-30-HIP-KNEE-HRRP,91,,0.9061,0.2153,0.2376,20,07/01/2020,06/30/2023
SAMPLE HOSPITAL 1823,101822,WA,READM-30-HF-HRRP,154,,0.9206,0.2236,0.2429,34,07/01/2020,06/30/2023
SAMPLE HOSPITAL 1823,101822,WA,READM-30-PN-HRRP,124,,0.9517,0.2317,0.2435,29,07/01/2020,06/30/2023
SAMPLE HOSPITAL 1823,101822,WA,READM-30-CABG-HRRP,158,,1.067,0.2584,0.2422,41,07/01/2020,06/30/2023
SAMPLE HOSPITAL 1823,101822,WA,READM-30-AMI-HRRP,381,,0.9308,0.167,0.1794,64,07/01/2020,06/30/2023
SAMPLE HOSPITAL 1824,101823,MO,READM-30-PN-HRRP,285,,1.0602,0.1771,0.167,50,07/01/2020,06/30/2023
SAMPLE HOSPITAL 1824,101823,MO,READM-30-COPD-HRRP,267,,1.001,0.233,0.2328,62,07/01/2020,06/30/2023
SAMPLE HOSPITAL 1824,101823,MO,READM-30-HF-HRRP,214,,0.966,0.1804,0.1868,39,07/01/2020,06/30/2023
SAMPLE HOSPITAL 1824,101823,MO,READM-30-HIP-KNEE-HRRP,614,,1.0289,0.2191,0.2129,135,07/01/2020,06/30/2023
SAMPLE HOSPITAL 1824,101823,MO,READM-30-AMI-HRRP,101,,1.0169,0.1334,0.1312,13,07/01/2020,06/30/2023
SAMPLE HOSPITAL 1824,101823,MO,READM-30-CABG-HRRP,82,,1.0378,0.238,0.2293,20,07/01/2020,06/30/2023
SAMPLE HOSPITAL 1825,101824,NC,READM-30-COPD-HRRP,1017,,0.981,0.1566,0.1596,159,07/01/2020,06/30/2023
SAMPLE HOSPITAL 1825,101824,NC,READM-30-PN-HRRP,107,,0.9577,0.1414,0.1476,15,07/01/2020,06/30/2023
SAMPLE HOSPITAL 1825,101824,NC,READM-30-HF-HRRP,56,,1.0037,0.1754,0.1748,10,07/01/2020,06/30/2023
SAMPLE HOSPITAL 1825,101824,NC,READM-30-AMI-HRRP,63,,1.0186,0.2271,0.223,14,07/01/2020,06/30/2023
SAMPLE HOSPITAL 1826,101825,AK,READM-30-CABG-HRRP,367,,0.9708,0.2466,0.254,91,07/01/2020,06/30/2023
SAMPLE HOSPITAL 1826,101825,AK,READM-30-HIP-KNEE-HRRP,540,,1.1215,0.1401,0.1249,76,07/01/2020,06/30/2023
SAMPLE HOSPITAL 1826,101825,AK,READM-30-HF-HRRP,134,,0.9398,0.1713,0.1823,23,07/01/2020,06/30/2023
SAMPLE HOSPITAL 1826,101825,AK,READM-30-COPD-HRRP,440,,1.0975,0.1723,0.157,76,07/01/2020,06/30/2023
SAMPLE HOSPITAL 1826,101825,AK,READM-30-PN-HRRP,203,,1.0297,0.2555,0.2481,52,07/01/2020,06/30/2023
SAMPLE HOSPITAL 1826,101825,AK,READM-30-AMI-HRRP,465,,1.0362,0.1853,0.1788,86,07/01/2020,06/30/2023
SAMPLE HOSPITAL 1827,101826,RI,READM-30-COPD-HRRP,161,,0.9964,0.1477,0.1482,24,07/01/2020,06/30/2023
SAMPLE HOSPITAL 1827,101826,RI,READM-30-AMI-HRRP,340,,0.9316,0.2016,0.2164,69,07/01/2020,06/30/2023
SAMPLE HOSPITAL 1827,101826,RI,READM-30-PN-HRRP,183,,0.9456,0.1601,0.1693,29,07/01/2020,06/30/2023
SAMPLE HOSPITAL 1827,101826,RI,READM-30-HF-HRRP,115,,1.0368,0.2222,0.2143,26,07/01/2020,06/30/2023
SAMPLE HOSPITAL 1827,101826,RI,READM-30-HIP-KNEE-HRRP,231,,0.9381,0.1567,0.167,36,07/01/2020,06/30/2023
SAMPLE HOSPITAL 1827,101826,RI,READM-30-CABG-HRRP,200,,0.9988,0.1502,0.1504,30,07/01/2020,06/30/2023
SAMPLE HOSPITAL 1828,101827,HI,READM-30-AMI-HRRP,110,,0.9327,0.1998,0.2142,22,07/01/2020,06/30/2023
SAMPLE HOSPITAL 1828,101827,HI,READM-30-HIP-KNEE-HRRP,184,,1.0996,0.2054,0.1868,38,07/01/2020,06/30/2023
SAMPLE HOSPITAL 1828,101827,HI,READM-30-HF-HRRP,549,,0.8471,0.1925,0.2273,106,07/01/2020,06/30/2023
SAMPLE HOSPITAL 1828,101827,HI,READM-30-COPD-HRRP,153,,0.9587,0.2186,0.228,33,07/01/2020,06/30/2023
SAMPLE HOSPITAL 1828,101827,HI,READM-30-PN-HRRP,576,,1.124,0.2314,0.2059,133,07/01/2020,06/30/2023
SAMPLE HOSPITAL 1828,101827,HI,READM-30-CABG-HRRP,222,,0.9362,0.1781,0.1902,40,07/01/2020,06/30/2023
SAMPLE HOSPITAL 1829,101828,NV,READM-30-AMI-HRRP,66,,0.9797,0.1905,0.1944,13,07/01/2020,06/30/2023
SAMPLE HOSPITAL 1829,101828,NV,READM-30-CABG-HRRP,238,,0.9618,0.2136,0.2221,51,07/01/2020,06/30/2023
SAMPLE HOSPITAL 1829,101828,NV,READM-30-PN-HRRP,528,,1.0583,0.2715,0.2565,143,07/01/2020,06/30/2023
SAMPLE HOSPITAL 1830,101829,OH,READM-30-COPD-HRRP,652,,0.9867,0.12,0.1216,78,07/01/2020,06/30/2023
SAMPLE HOSPITAL 1830,101829,OH,READM-30-AMI-HRRP,38,,0.9137,0.1351,0.1479,5,07/01/2020,06/30/2023
SAMPLE HOSPITAL 1830,101829,OH,READM-30-CABG-HRRP,89,,1.004,0.1625,0.1619,14,07/01/2020,06/30/2023
SAMPLE HOSPITAL 1830,101829,OH,READM-30-PN-HRRP,122,,1.0382,0.1593,0.1534,19,07/01/2020,06/30/2023
SAMPLE HOSPITAL 1831,101830,AL,READM-30-HF-HRRP,133,,0.9036,0.1203,0.1331,16,07/01/2020,06/30/2023
SAMPLE HOSPITAL 1831,101830,AL,READM-30-HIP-KNEE-HRRP,368,,0.9231,0.183,0.1982,67,07/01/2020,06/30/2023
SAMPLE HOSPITAL 1831,101830,AL,READM-30-COPD-HRRP,219,,0.975,0.1884,0.1932,41,07/01/2020,06/30/2023
SAMPLE HOSPITAL 1831,101830,AL,READM-30-CABG-HRRP,266,,1.1121,0.2321,0.2087,62,07/01/2020,06/30/2023
SAMPLE HOSPITAL 1832,101831,AL,READM-30-HF-HRRP,195,,0.9714,0.226,0.2327,44,07/01/2020,06/30/2023
SAMPLE HOSPITAL 1832,101831,AL,READM-30-AMI-HRRP,825,,0.9072,0.1724,0.19,142,07/01/2020,06/30/2023
SAMPLE HOSPITAL 1832,101831,AL,READM-30-HIP-KNEE-HRRP,62,,0.9573,0.2438,0.2547,15,07/01/2020,06/30/2023
SAMPLE HOSPITAL 1833,101832,SD,READM-30-HF-HRRP,112,,0.9734,0.1556,0.1599,17,07/01/2020,06/30/2023
SAMPLE HOSPITAL 1833,101832,SD,READM-30-CABG-HRRP,49,,1.005,0.1803,0.1794,9,07/01/2020,06/30/2023
SAMPLE HOSPITAL 1833,101832,SD,READM-30-AMI-HRRP,123,,0.9843,0.2018,0.205,25,07/01/2020,06/30/2023
SAMPLE HOSPITAL 1834,101833,OK,READM-30-CABG-HRRP,51,,0.9856,0.2183,0.2215,11,07/01/2020,06/30/2023
SAMPLE HOSPITAL 1834,101833,OK,READM-30-AMI-HRRP,227,,1.1429,0.2817,0.2465,64,07/01/2020,06/30/2023
SAMPLE HOSPITAL 1834,101833,OK,READM-30-PN-HRRP,516,,1.0269,0.1544,0.1504,80,07/01/2020,06/30/2023
SAMPLE HOSPITAL 1835,101834,NY,READM-30-PN-HRRP,Too Few to Report,1,Too Few to Report,,,,07/01/2020,06/30/2023
SAMPLE HOSPITAL 1835,101834,NY,READM-30-HIP-KNEE-HRRP,32,,1.0,0.1986,0.1986,6,07/01/2020,06/30/2023
SAMPLE HOSPITAL 1835,101834,NY,READM-30-CABG-HRRP,Too Few to Report,1,Too Few to Report,,,,07/01/2020,06/30/2023
SAMPLE HOSPITAL 1835,101834,NY,READM-30-AMI-HRRP,190,,0.9746,0.2526,0.2592,48,07/01/2020,06/30/2023
SAMPLE HOSPITAL 1835,101834,NY,READM-30-COPD-HRRP,166,,1.1059,0.2217,0.2005,37,07/01/2020,06/30/2023
SAMPLE HOSPITAL 1836,101835,RI,READM-30-HF-HRRP,222,,1.0854,0.1925,0.1774,43,07/01/2020,06/30/2023
SAMPLE HOSPITAL 1836,101835,RI,READM-30-HIP-KNEE-HRRP,87,,1.0135,0.14,0.1381,12,07/01/2020,06/30/2023
SAMPLE HOSPITAL 1836,101835,RI,READM-30-PN-HRRP,54,,1.168,0.246,0.2106,13,07/01/2020,06/30/2023
SAMPLE HOSPITAL 1836,101835,RI,READM-30-AMI-HRRP,70,,1.1142,0.2879,0.2584,20,07/01/2020,06/30/2023
SAMPLE HOSPITAL 1836,101835,RI,READM-30-COPD-HRRP,147,,0.9982,0.2498,0.2503,37,07/01/2020,06/30/2023
SAMPLE HOSPITAL 1837,101836,MD,READM-30-COPD-HRRP,460,,1.0613,0.1662,0.1566,76,07/01/2020,06/30/2023
SAMPLE HOSPITAL 1837,101836,MD,READM-30-HF-HRRP,189,,1.0963,0.1969,0.1796,37,07/01/2020,06/30/2023
SAMPLE HOSPITAL 1837,101836,MD,READM-30-HIP-KNEE-HRRP,101,,1.1499,0.2618,0.2277,26,07/01/2020,06/30/2023
SAMPLE HOSPITAL 1837,101836,MD,READM-30-AMI-HRRP,215,,0.9889,0.1629,0.1647,35,07/01/2020,06/30/2023
SAMPLE HOSPITAL 1838,101837,IL,READM-30-COPD-HRRP,77,,1.0151,0.2638,0.2599,20,07/01/2020,06/30/2023
SAMPLE HOSPITAL 1838,101837,IL,READM-30-CABG-HRRP,302,,0.9941,0.1861,0.1872,56,07/01/2020,06/30/2023
SAMPLE HOSPITAL 1838,101837,IL,READM-30-HF-HRRP,216,,1.1161,0.1994,0.1787,43,07/01/2020,06/30/2023
SAMPLE HOSPITAL 1838,101837,IL,READM-30-HIP-KNEE-HRRP,1002,,0.9729,0.2307,0.2371,231,07/01/2020,06/30/2023
SAMPLE HOSPITAL 1838,101837,IL,READM-30-PN-HRRP,498,,1.0907,0.2306,0.2114,115,07/01/2020,06/30/2023
SAMPLE HOSPITAL 1839,101838,DE,READM-30-AMI-HRRP,653,,1.0012,0.1919,0.1917,125,07/01/2020,06/30/2023
SAMPLE HOSPITAL 1839,101838,DE,READM-30-CABG-HRRP,261,,1.108,0.2825,0.255,74,07/01/2020,06/30/2023
SAMPLE HOSPITAL 1839,101838,DE,READM-30-PN-HRRP,197,,0.921,0.1918,0.2082,38,07/01/2020,06/30/2023
SAMPLE HOSPITAL 1839,101838,DE,READM-30-HIP-KNEE-HRRP,145,,0.9666,0.1281,0.1325,19,07/01/2020,06/30/2023
SAMPLE HOSPITAL 1840,101839,OK,READM-30-COPD-HRRP,1034,,1.0244,0.1993,0.1946,206,07/01/2020,06/30/2023
SAMPLE HOSPITAL 1840,101839,OK,READM-30-HF-HRRP,338,,0.9866,0.2464,0.2497,83,07/01/2020,06/30/2023
SAMPLE HOSPITAL 1840,101839,OK,READM-30-CABG-HRRP,149,,0.9692,0.117,0.1207,17,07/01/2020,06/30/2023
SAMPLE HOSPITAL 1841,101840,UT,READM-30-PN-HRRP,179,,1.0919,0.2093,0.1917,37,07/01/2020,06/30/2023
SAMPLE HOSPITAL 1841,101840,UT,READM-30-COPD-HRRP,399,,1.047,0.2651,0.2532,106,07/01/2020,06/30/2023
SAMPLE HOSPITAL 1841,101840,UT,READM-30-HF-HRRP,576,,1.0106,0.2313,0.2289,133,07/01/2020,06/30/2023
SAMPLE HOSPITAL 1841,101840,UT,READM-30-CABG-HRRP,692,,1.02,0.2599,0.2548,180,07/01/2020,06/30/2023
SAMPLE HOSPITAL 1841,101840,UT,READM-30-AMI-HRRP,190,,0.9896,0.1822,0.1841,35,07/01/2020,06/30/2023
SAMPLE HOSPITAL 1842,101841,NM,READM-30-HIP-KNEE-HRRP,29,,0.936,0.1408,0.1504,4,07/01/2020,06/30/2023
SAMPLE HOSPITAL 1842,101841,NM,READM-30-PN-HRRP,202,,1.0245,0.1288,0.1257,26,07/01/2020,06/30/2023
SAMPLE HOSPITAL 1842,101841,NM,READM-30-HF-HRRP,111,,0.9335,0.1814,0.1943,20,07/01/2020,06/30/2023
SAMPLE HOSPITAL 1842,101841,NM,READM-30-AMI-HRRP,147,,1.0425,0.1763,0.1691,26,07/01/2020,06/30/2023
SAMPLE HOSPITAL 1842,101841,NM,READM-30-CABG-HRRP,176,,0.9846,0.1543,0.1567,27,07/01/2020,06/30/2023
SAMPLE HOSPITAL 1842,101841,NM,READM-30-COPD-HRRP,77,,1.0532,0.2671,0.2536,21,07/01/2020,06/30/2023
SAMPLE HOSPITAL 1843,101842,NY,READM-30-CABG-HRRP,333,,1.0493,0.2589,0.2467,86,07/01/2020,06/30/2023
SAMPLE HOSPITAL 1843,101842,NY,READM-30-AMI-HRRP,392,,1.1485,0.165,0.1437,65,07/01/2020,06/30/2023
SAMPLE HOSPITAL 1843,101842,NY,READM-30-COPD-HRRP,296,,1.0145,0.197,0.1942,58,07/01/2020,06/30/2023
SAMPLE HOSPITAL 1844,101843,IA,READM-30-CABG-HRRP,609,,0.9425,0.1195,0.1268,73,07/01/2020,06/30/2023
SAMPLE HOSPITAL 1844,101843,IA,READM-30-AMI-HRRP,275,,1.025,0.1287,0.1256,35,07/01/2020,06/30/2023
SAMPLE HOSPITAL 1844,101843,IA,READM-30-COPD-HRRP,Too Few to Report,1,Too Few to Report,,,,07/01/2020,06/30/2023
SAMPLE HOSPITAL 1844,101843,IA,READM-30-PN-HRRP,82,,0.8536,0.2214,0.2594,18,07/01/2020,06/30/2023
SAMPLE HOSPITAL 1844,101843,IA,READM-30-HF-HRRP,410,,0.921,0.1359,0.1476,56,07/01/2020,06/30/2023
SAMPLE HOSPITAL 1844,101843,IA,READM-30-HIP-KNEE-HRRP,507,,1.157,0.2411,0.2084,122,07/01/2020,06/30/2023
SAMPLE HOSPITAL 1845,101844,VT,READM-30-HF-HRRP,232,,1.0627,0.2303,0.2167,53,07/01/2020,06/30/2023
SAMPLE HOSPITAL 1845,101844,VT,READM-30-CABG-HRRP,121,,0.8071,0.1152,0.1427,14,07/01/2020,06/30/2023
SAMPLE HOSPITAL 1845,101844,VT,READM-30-COPD-HRRP,58,,0.93,0.1906,0.205,11,07/01/2020,06/30/2023
SAMPLE HOSPITAL 1845,101844,VT,READM-30-AMI-HRRP,292,,0.9756,0.1447,0.1483,42,07/01/2020,06/30/2023
SAMPLE HOSPITAL 1846,101845,HI,READM-30-AMI-HRRP,112,,1.1102,0.2522,0.2272,28,07/01/2020,06/30/2023
SAMPLE HOSPITAL 1846,101845,HI,READM-30-CABG-HRRP,220,,1.1043,0.1741,0.1577,38,07/01/2020,06/30/2023
SAMPLE HOSPITAL 1846,101845,HI,READM-30-HF-HRRP,197,,1.0825,0.2295,0.212,45,07/01/2020,06/30/2023
SAMPLE HOSPITAL 1846,101845,HI,READM-30-COPD-HRRP,173,,0.9861,0.1857,0.1883,32,07/01/2020,06/30/2023
SAMPLE HOSPITAL 1846,101845,HI,READM-30-PN-HRRP,Too Few to Report,1,Too Few to Report,,,,07/01/2020,06/30/2023
SAMPLE HOSPITAL 1846,101845,HI,READM-30-HIP-KNEE-HRRP,53,,1.134,0.2937,0.259,16,07/01/2020,06/30/2023
SAMPLE HOSPITAL 1847,101846,SC,READM-30-COPD-HRRP,94,,1.0157,0.2471,0.2433,23,07/01/2020,06/30/2023
SAMPLE HOSPITAL 1847,101846,SC,READM-30-PN-HRRP,73,,0.9748,0.1867,0.1915,14,07/01/2020,06/30/2023
SAMPLE HOSPITAL 1847,101846,SC,READM-30-HF-HRRP,336,,0.9775,0.1665,0.1703,56,07/01/2020,06/30/2023
SAMPLE HOSPITAL 1847,101846,SC,READM-30-AMI-HRRP,172,,1.0543,0.2649,0.2513,46,07/01/2020,06/30/2023
SAMPLE HOSPITAL 1848,101847,WY,READM-30-COPD-HRRP,104,,0.9074,0.1494,0.1647,16,07/01/2020,06/30/2023
SAMPLE HOSPITAL 1848,101847,WY,READM-30-PN-HRRP,84,,1.0136,0.1765,0.1741,15,07/01/2020,06/30/2023
SAMPLE HOSPITAL 1848,101847,WY,READM-30-HIP-KNEE-HRRP,26,,0.9134,0.1668,0.1826,4,07/01/2020,06/30/2023
SAMPLE HOSPITAL 1848,101847,WY,READM-30-HF-HRRP,Too Few to Report,1,Too Few to Report,,,,07/01/2020,06/30/2023
SAMPLE HOSPITAL 1848,101847,WY,READM-30-AMI-HRRP,57,,0.9908,0.1668,0.1683,10,07/01/2020,06/30/2023
SAMPLE HOSPITAL 1849,101848,WA,READM-30-COPD-HRRP,369,,1.0799,0.2311,0.214,85,07/01/2020,06/30/2023
SAMPLE HOSPITAL 1849,101848,WA,READM-30-HF-HRRP,377,,0.9161,0.1425,0.1555,54,07/01/2020,06/30/2023
SAMPLE HOSPITAL 1849,101848,WA,READM-30-AMI-HRRP,350,,0.9376,0.2231,0.238,78,07/01/2020,06/30/2023
SAMPLE HOSPITAL 1849,101848,WA,READM-30-HIP-KNEE-HRRP,216,,0.9692,0.239,0.2466,52,07/01/2020,06/30/2023
SAMPLE HOSPITAL 1849,101848,WA,READM-30-CABG-HRRP,288,,0.9275,0.1414,0.1525,41,07/01/2020,06/30/2023
SAMPLE HOSPITAL 1849,101848,WA,READM-30-PN-HRRP,157,,0.9464,0.1482,0.1566,23,07/01/2020,06/30/2023
SAMPLE HOSPITAL 1850,101849,SD,READM-30-PN-HRRP,119,,1.0045,0.1343,0.1337,16,07/01/2020,06/30/2023
SAMPLE HOSPITAL 1850,101849,SD,READM-30-AMI-HRRP,796,,1.0731,0.2316,0.2158,184,07/01/2020,06/30/2023
SAMPLE HOSPITAL 1850,101849,SD,READM-30-HIP-KNEE-HRRP,279,,0.972,0.1504,0.1547,42,07/01/2020,06/30/2023
SAMPLE HOSPITAL 1850,101849,SD,READM-30-HF-HRRP,440,,1.0881,0.2681,0.2464,118,07/01/2020,06/30/2023
SAMPLE HOSPITAL 1850,101849,SD,READM-30-CABG-HRRP,379,,0.9199,0.1621,0.1762,61,07/01/2020,06/30/2023
SAMPLE HOSPITAL 1851,101850,CT,READM-30-PN-HRRP,370,,1.009,0.1746,0.173,65,07/01/2020,06/30/2023
SAMPLE HOSPITAL 1851,101850,CT,READM-30-CABG-HRRP,254,,1.04,0.1629,0.1566,41,07/01/2020,06/30/2023
SAMPLE HOSPITAL 1851,101850,CT,READM-30-COPD-HRRP,541,,0.9658,0.2155,0.2231,117,07/01/2020,06/30/2023
SAMPLE HOSPITAL 1851,101850,CT,READM-30-HIP-KNEE-HRRP,64,,1.0206,0.2271,0.2225,15,07/01/2020,06/30/2023
SAMPLE HOSPITAL 1851,101850,CT,READM-30-HF-HRRP,405,,0.9633,0.1317,0.1367,53,07/01/2020,06/30/2023
SAMPLE HOSPITAL 1852,101851,SD,READM-30-AMI-HRRP,152,,1.0172,0.1963,0.193,30,07/01/2020,06/30/2023
SAMPLE HOSPITAL 1852,101851,SD,READM-30-CABG-HRRP,499,,0.99,0.1432,0.1446,71,07/01/2020,06/30/2023
SAMPLE HOSPITAL 1852,101851,SD,READM-30-HIP-KNEE-HRRP,49,,1.0417,0.1769,0.1698,9,07/01/2020,06/30/2023
SAMPLE HOSPITAL 1852,101851,SD,READM-30-HF-HRRP,103,,1.0539,0.1326,0.1258,14,07/01/2020,06/30/2023
SAMPLE HOSPITAL 1852,101851,SD,READM-30-COPD-HRRP,156,,1.0182,0.2131,0.2093,33,07/01/2020,06/30/2023
SAMPLE HOSPITAL 1853,101852,OH,READM-30-COPD-HRRP,294,,0.9952,0.1219,0.1225,36,07/01/2020,06/30/2023
SAMPLE HOSPITAL 1853,101852,OH,READM-30-AMI-HRRP,1110,,0.9588,0.208,0.2169,231,07/01/2020,06/30/2023
SAMPLE HOSPITAL 1853,101852,OH,READM-30-HF-HRRP,128,,1.0653,0.1988,0.1866,25,07/01/2020,06/30/2023
SAMPLE HOSPITAL 1853,101852,OH,READM-30-PN-HRRP,211,,1.083,0.2723,0.2514,57,07/01/2020,06/30/2023
SAMPLE HOSPITAL 1853,101852,OH,READM-30-HIP-KNEE-HRRP,93,,1.067,0.2499,0.2342,23,07/01/2020,06/30/2023
SAMPLE HOSPITAL 1853,101852,OH,READM-30-CABG-HRRP,135,,0.9043,0.2169,0.2399,29,07/01/2020,06/30/2023
SAMPLE HOSPITAL 1854,101853,CT,READM-30-PN-HRRP,208,,1.0282,0.1796,0.1747,37,07/01/2020,06/30/2023
SAMPLE HOSPITAL 1854,101853,CT,READM-30-AMI-HRRP,525,,1.0711,0.2455,0.2292,129,07/01/2020,06/30/2023
SAMPLE HOSPITAL 1854,101853,CT,READM-30-COPD-HRRP,216,,0.9382,0.2278,0.2428,49,07/01/2020,06/30/2023
SAMPLE HOSPITAL 1854,101853,CT,READM-30-HF-HRRP,184,,1.0116,0.2285,0.2259,42,07/01/2020,06/30/2023
SAMPLE HOSPITAL 1854,101853,CT,READM-30-HIP-KNEE-HRRP,368,,1.0525,0.2721,0.2585,100,07/01/2020,06/30/2023
SAMPLE HOSPITAL 1854,101853,CT,READM-30-CABG-HRRP,109,,0.9267,0.1756,0.1895,19,07/01/2020,06/30/2023
SAMPLE HOSPITAL 1855,101854,MS,READM-30-HF-HRRP,62,,0.996,0.135,0.1355,8,07/01/2020,06/30/2023
SAMPLE HOSPITAL 1855,101854,MS,READM-30-AMI-HRRP,111,,0.9889,0.1619,0.1637,18,07/01/2020,06/30/2023
SAMPLE HOSPITAL 1855,101854,MS,READM-30-HIP-KNEE-HRRP,34,,0.9711,0.1813,0.1867,6,07/01/2020,06/30/2023
SAMPLE HOSPITAL 1855,101854,MS,READM-30-COPD-HRRP,39,,1.0646,0.2302,0.2162,9,07/01/2020,06/30/2023
SAMPLE HOSPITAL 1856,101855,IL,READM-30-HIP-KNEE-HRRP,45,,0.9535,0.1791,0.1878,8,07/01/2020,06/30/2023
SAMPLE HOSPITAL 1856,101855,IL,READM-30-HF-HRRP,880,,1.1381,0.2576,0.2263,227,07/01/2020,06/30/2023
SAMPLE HOSPITAL 1856,101855,IL,READM-30-CABG-HRRP,110,,1.1064,0.1695,0.1532,19,07/01/2020,06/30/2023
SAMPLE HOSPITAL 1856,101855,IL,READM-30-COPD-HRRP,26,,1.0573,0.1457,0.1378,4,07/01/2020,06/30/2023
SAMPLE HOSPITAL 1856,101855,IL,READM-30-PN-HRRP,125,,1.1004,0.2412,0.2192,30,07/01/2020,06/30/2023
SAMPLE HOSPITAL 1857,101856,OH,READM-30-HIP-KNEE-HRRP,Too Few to Report,1,Too Few to Report,,,,07/01/2020,06/30/2023
SAMPLE HOSPITAL 1857,101856,OH,READM-30-COPD-HRRP,70,,0.9877,0.2173,0.22,15,07/01/2020,06/30/2023
SAMPLE HOSPITAL 1857,101856,OH,READM-30-AMI-HRRP,136,,0.9666,0.2451,0.2536,33,07/01/2020,06/30/2023
SAMPLE HOSPITAL 1857,101856,OH,READM-30-HF-HRRP,69,,1.0715,0.1927,0.1798,13,07/01/2020,06/30/2023
SAMPLE HOSPITAL 1858,101857,OH,READM-30-HF-HRRP,280,,0.9401,0.1531,0.1629,43,07/01/2020,06/30/2023
SAMPLE HOSPITAL 1858,101857,OH,READM-30-HIP-KNEE-HRRP,142,,0.9267,0.1757,0.1896,25,07/01/2020,06/30/2023
SAMPLE HOSPITAL 1858,101857,OH,READM-30-CABG-HRRP,1823,,1.0264,0.2059,0.2006,375,07/01/2020,06/30/2023
SAMPLE HOSPITAL 1858,101857,OH,READM-30-COPD-HRRP,423,,0.9327,0.1483,0.159,63,07/01/2020,06/30/2023
SAMPLE HOSPITAL 1859,101858,MI,READM-30-AMI-HRRP,108,,0.9153,0.1954,0.2135,21,07/01/2020,06/30/2023
SAMPLE HOSPITAL 1859,101858,MI,READM-30-COPD-HRRP,55,,0.9517,0.1363,0.1432,7,07/01/2020,06/30/2023
SAMPLE HOSPITAL 1859,101858,MI,READM-30-PN-HRRP,206,,1.1086,0.1849,0.1668,38,07/01/2020,06/30/2023
SAMPLE HOSPITAL 1859,101858,MI,READM-30-CABG-HRRP,151,,0.9849,0.1194,0.1212,18,07/01/2020,06/30/2023
SAMPLE HOSPITAL 1859,101858,MI,READM-30-HIP-KNEE-HRRP,68,,1.0443,0.199,0.1906,14,07/01/2020,06/30/2023
SAMPLE HOSPITAL 1860,101859,OR,READM-30-HIP-KNEE-HRRP,278,,0.9826,0.248,0.2524,69,07/01/2020,06/30/2023
SAMPLE HOSPITAL 1860,101859,OR,READM-30-HF-HRRP,131,,1.0948,0.1979,0.1808,26,07/01/2020,06/30/2023
SAMPLE HOSPITAL 1860,101859,OR,READM-30-PN-HRRP,741,,0.9933,0.1426,0.1436,106,07/01/2020,06/30/2023
SAMPLE HOSPITAL 1860,101859,OR,READM-30-CABG-HRRP,158,,0.9685,0.1676,0.173,26,07/01/2020,06/30/2023
SAMPLE HOSPITAL 1860,101859,OR,READM-30-AMI-HRRP,109,,1.042,0.2451,0.2352,27,07/01/2020,06/30/2023
SAMPLE HOSPITAL 1861,101860,NH,READM-30-PN-HRRP,1274,,1.0423,0.1307,0.1254,167,07/01/2020,06/30/2023
SAMPLE HOSPITAL 1861,101860,NH,READM-30-HIP-KNEE-HRRP,80,,0.9281,0.1468,0.1582,12,07/01/2020,06/30/2023
SAMPLE HOSPITAL 1861,101860,NH,READM-30-COPD-HRRP,126,,1.0374,0.2089,0.2014,26,07/01/2020,06/30/2023
SAMPLE HOSPITAL 1861,101860,NH,READM-30-HF-HRRP,170,,1.0028,0.1833,0.1828,31,07/01/2020,06/30/2023
SAMPLE HOSPITAL 1861,101860,NH,READM-30-CABG-HRRP,121,,1.0104,0.2126,0.2104,26,07/01/2020,06/30/2023
SAMPLE HOSPITAL 1861,101860,NH,READM-30-AMI-HRRP,72,,0.8888,0.1994,0.2244,14,07/01/2020,06/30/2023
SAMPLE HOSPITAL 1862,101861,CT,READM-30-CABG-HRRP,34,,0.9317,0.1976,0.2121,7,07/01/2020,06/30/2023
SAMPLE HOSPITAL 1862,101861,CT,READM-30-HF-HRRP,99,,0.9481,0.1564,0.165,15,07/01/2020,06/30/2023
SAMPLE HOSPITAL 1862,101861,CT,READM-30-AMI-HRRP,213,,1.104,0.1568,0.142,33,07/01/2020,06/30/2023
SAMPLE HOSPITAL 1863,101862,HI,READM-30-HF-HRRP,494,,0.9923,0.1875,0.189,93,07/01/2020,06/30/2023
SAMPLE HOSPITAL 1863,101862,HI,READM-30-COPD-HRRP,58,,1.0266,0.1789,0.1743,10,07/01/2020,06/30/2023
SAMPLE HOSPITAL 1863,101862,HI,READM-30-PN-HRRP,49,,0.9683,0.2258,0.2332,11,07/01/2020,06/30/2023
SAMPLE HOSPITAL 1863,101862,HI,READM-30-AMI-HRRP,122,,1.0643,0.255,0.2396,31,07/01/2020,06/30/2023
SAMPLE HOSPITAL 1863,101862,HI,READM-30-HIP-KNEE-HRRP,175,,0.9321,0.2251,0.2415,39,07/01/2020,06/30/2023
SAMPLE HOSPITAL 1863,101862,HI,READM-30-CABG-HRRP,Too Few to Report,1,Too Few to Report,,,,07/01/2020,06/30/2023
SAMPLE HOSPITAL 1864,101863,MO,READM-30-PN-HRRP,547,,1.0903,0.1582,0.1451,87,07/01/2020,06/30/2023
SAMPLE HOSPITAL 1864,101863,MO,READM-30-CABG-HRRP,309,,1.0001,0.2422,0.2422,75,07/01/2020,06/30/2023
SAMPLE HOSPITAL 1864,101863,MO,READM-30-COPD-HRRP,631,,1.0233,0.2355,0.2301,149,07/01/2020,06/30/2023
SAMPLE HOSPITAL 1864,101863,MO,READM-30-HF-HRRP,211,,1.1553,0.2721,0.2355,57,07/01/2020,06/30/2023
SAMPLE HOSPITAL 1864,101863,MO,READM-30-HIP-KNEE-HRRP,206,,1.0527,0.22,0.209,45,07/01/2020,06/30/2023
SAMPLE HOSPITAL 1865,101864,MA,READM-30-COPD-HRRP,807,,0.9446,0.1405,0.1487,113,07/01/2020,06/30/2023
SAMPLE HOSPITAL 1865,101864,MA,READM-30-HF-HRRP,622,,0.9619,0.1555,0.1617,97,07/01/2020,06/30/2023
SAMPLE HOSPITAL 1865,101864,MA,READM-30-AMI-HRRP,104,,1.0158,0.1342,0.1321,14,07/01/2020,06/30/2023
SAMPLE HOSPITAL 1865,101864,MA,READM-30-HIP-KNEE-HRRP,175,,1.0237,0.1599,0.1562,28,07/01/2020,06/30/2023
SAMPLE HOSPITAL 1865,101864,MA,READM-30-PN-HRRP,575,,1.0518,0.1982,0.1884,114,07/01/2020,06/30/2023
SAMPLE HOSPITAL 1865,101864,MA,READM-30-CABG-HRRP,80,,0.9121,0.2036,0.2232,16,07/01/2020,06/30/2023
SAMPLE HOSPITAL 1866,101865,IL,READM-30-HIP-KNEE-HRRP,105,,0.917,0.1438,0.1568,15,07/01/2020,06/30/2023
SAMPLE HOSPITAL 1866,101865,IL,READM-30-CABG-HRRP,30,,0.9286,0.1688,0.1818,5,07/01/2020,06/30/2023
SAMPLE HOSPITAL 1866,101865,IL,READM-30-PN-HRRP,477,,0.9515,0.1268,0.1333,60,07/01/2020,06/30/2023
SAMPLE HOSPITAL 1866,101865,IL,READM-30-COPD-HRRP,106,,1.0655,0.2056,0.193,22,07/01/2020,06/30/2023
SAMPLE HOSPITAL 1867,101866,FL,READM-30-CABG-HRRP,55,,1.06,0.1915,0.1807,11,07/01/2020,06/30/2023
SAMPLE HOSPITAL 1867,101866,FL,READM-30-HIP-KNEE-HRRP,304,,1.0905,0.142,0.1302,43,07/01/2020,06/30/2023
SAMPLE HOSPITAL 1867,101866,FL,READM-30-PN-HRRP,45,,0.9554,0.1513,0.1584,7,07/01/2020,06/30/2023
SAMPLE HOSPITAL 1867,101866,FL,READM-30-COPD-HRRP,953,,1.0169,0.1861,0.183,177,07/01/2020,06/30/2023
SAMPLE HOSPITAL 1867,101866,FL,READM-30-HF-HRRP,202,,0.9167,0.1131,0.1234,23,07/01/2020,06/30/2023
SAMPLE HOSPITAL 1867,101866,FL,READM-30-AMI-HRRP,33,,1.0271,0.1576,0.1534,5,07/01/2020,06/30/2023
SAMPLE HOSPITAL 1868,101867,AK,READM-30-AMI-HRRP,524,,0.9339,0.234,0.2506,123,07/01/2020,06/30/2023
SAMPLE HOSPITAL 1868,101867,AK,READM-30-HF-HRRP,67,,0.9088,0.221,0.2432,15,07/01/2020,06/30/2023
SAMPLE HOSPITAL 1868,101867,AK,READM-30-HIP-KNEE-HRRP,487,,0.9133,0.2135,0.2338,104,07/01/2020,06/30/2023
SAMPLE HOSPITAL 1868,101867,AK,READM-30-COPD-HRRP,87,,1.0134,0.2615,0.258,23,07/01/2020,06/30/2023
SAMPLE HOSPITAL 1868,101867,AK,READM-30-CABG-HRRP,155,,1.0388,0.1707,0.1643,26,07/01/2020,06/30/2023
SAMPLE HOSPITAL 1868,101867,AK,READM-30-PN-HRRP,82,,1.0117,0.1669,0.165,14,07/01/2020,06/30/2023
SAMPLE HOSPITAL 1869,101868,OR,READM-30-PN-HRRP,139,,1.0616,0.172,0.162,24,07/01/2020,06/30/2023
SAMPLE HOSPITAL 1869,101868,OR,READM-30-COPD-HRRP,572,,1.1241,0.1423,0.1266,81,07/01/2020,06/30/2023
SAMPLE HOSPITAL 1869,101868,OR,READM-30-HIP-KNEE-HRRP,475,,0.9824,0.1612,0.1641,77,07/01/2020,06/30/2023
SAMPLE HOSPITAL 1869,101868,OR,READM-30-CABG-HRRP,520,,1.0361,0.1341,0.1294,70,07/01/2020,06/30/2023
SAMPLE HOSPITAL 1869,101868,OR,READM-30-AMI-HRRP,263,,1.0001,0.1486,0.1486,39,07/01/2020,06/30/2023
SAMPLE HOSPITAL 1870,101869,WI,READM-30-PN-HRRP,198,,1.0497,0.253,0.241,50,07/01/2020,06/30/2023
SAMPLE HOSPITAL 1870,101869,WI,READM-30-HF-HRRP,188,,1.0865,0.2147,0.1976,40,07/01/2020,06/30/2023
SAMPLE HOSPITAL 1870,101869,WI,READM-30-COPD-HRRP,56,,1.0937,0.2765,0.2528,15,07/01/2020,06/30/2023
SAMPLE HOSPITAL 1870,101869,WI,READM-30-AMI-HRRP,360,,1.0558,0.2348,0.2224,85,07/01/2020,06/30/2023
SAMPLE HOSPITAL 1870,101869,WI,READM-30-HIP-KNEE-HRRP,1367,,1.0335,0.1884,0.1823,258,07/01/2020,06/30/2023
SAMPLE HOSPITAL 1871,101870,TN,READM-30-PN-HRRP,86,,0.9661,0.2431,0.2516,21,07/01/2020,06/30/2023
SAMPLE HOSPITAL 1871,101870,TN,READM-30-COPD-HRRP,48,,1.1181,0.1707,0.1527,8,07/01/2020,06/30/2023
SAMPLE HOSPITAL 1871,101870,TN,READM-30-AMI-HRRP,77,,1.0763,0.2215,0.2058,17,07/01/2020,06/30/2023
SAMPLE HOSPITAL 1871,101870,TN,READM-30-HIP-KNEE-HRRP,178,,0.9913,0.199,0.2007,35,07/01/2020,06/30/2023
SAMPLE HOSPITAL 1871,101870,TN,READM-30-CABG-HRRP,742,,0.9327,0.1587,0.1702,118,07/01/2020,06/30/2023
SAMPLE HOSPITAL 1871,101870,TN,READM-30-HF-HRRP,198,,0.9406,0.1509,0.1604,30,07/01/2020,06/30/2023
SAMPLE HOSPITAL 1872,101871,IL,READM-30-PN-HRRP,509,,0.8796,0.212,0.241,108,07/01/2020,06/30/2023
SAMPLE HOSPITAL 1872,101871,IL,READM-30-COPD-HRRP,203,,0.9039,0.1272,0.1407,26,07/01/2020,06/30/2023
SAMPLE HOSPITAL 1872,101871,IL,READM-30-HIP-KNEE-HRRP,42,,1.0008,0.1656,0.1655,7,07/01/2020,06/30/2023
SAMPLE HOSPITAL 1873,101872,TN,READM-30-AMI-HRRP,722,,1.0023,0.2001,0.1996,144,07/01/2020,06/30/2023
SAMPLE HOSPITAL 1873,101872,TN,READM-30-HIP-KNEE-HRRP,381,,0.9889,0.1301,0.1316,50,07/01/2020,06/30/2023
SAMPLE HOSPITAL 1873,101872,TN,READM-30-CABG-HRRP,183,,1.028,0.2559,0.2489,47,07/01/2020,06/30/2023
SAMPLE HOSPITAL 1874,101873,RI,READM-30-PN-HRRP,79,,1.0885,0.275,0.2526,22,07/01/2020,06/30/2023
SAMPLE HOSPITAL 1874,101873,RI,READM-30-COPD-HRRP,139,,1.1275,0.269,0.2386,37,07/01/2020,06/30/2023
SAMPLE HOSPITAL 1874,101873,RI,READM-30-CABG-HRRP,69,,1.1347,0.2213,0.195,15,07/01/2020,06/30/2023
SAMPLE HOSPITAL 1874,101873,RI,READM-30-HF-HRRP,224,,1.0261,0.1297,0.1264,29,07/01/2020,06/30/2023
SAMPLE HOSPITAL 1875,101874,FL,READM-30-HF-HRRP,199,,0.9452,0.239,0.2529,48,07/01/2020,06/30/2023
SAMPLE HOSPITAL 1875,101874,FL,READM-30-PN-HRRP,1194,,0.9526,0.2135,0.2241,255,07/01/2020,06/30/2023
SAMPLE HOSPITAL 1875,101874,FL,READM-30-HIP-KNEE-HRRP,246,,0.9096,0.1397,0.1536,34,07/01/2020,06/30/2023
SAMPLE HOSPITAL 1875,101874,FL,READM-30-COPD-HRRP,701,,1.0334,0.1749,0.1692,123,07/01/2020,06/30/2023
SAMPLE HOSPITAL 1875,101874,FL,READM-30-AMI-HRRP,38,,0.9349,0.2092,0.2238,8,07/01/2020,06/30/2023
SAMPLE HOSPITAL 1875,101874,FL,READM-30-CABG-HRRP,131,,0.97,0.1663,0.1714,22,07/01/2020,06/30/2023
SAMPLE HOSPITAL 1876,101875,NJ,READM-30-COPD-HRRP,82,,1.0783,0.2044,0.1896,17,07/01/2020,06/30/2023
SAMPLE HOSPITAL 1876,101875,NJ,READM-30-CABG-HRRP,316,,0.9976,0.1913,0.1918,60,07/01/2020,06/30/2023
SAMPLE HOSPITAL 1876,101875,NJ,READM-30-HIP-KNEE-HRRP,81,,1.067,0.148,0.1387,12,07/01/2020,06/30/2023
SAMPLE HOSPITAL 1876,101875,NJ,READM-30-HF-HRRP,116,,1.0157,0.2146,0.2113,25,07/01/2020,06/30/2023
SAMPLE HOSPITAL 1877,101876,CT,READM-30-HF-HRRP,269,,1.1171,0.1729,0.1548,47,07/01/2020,06/30/2023
SAMPLE HOSPITAL 1877,101876,CT,READM-30-COPD-HRRP,270,,0.9572,0.2343,0.2448,63,07/01/2020,06/30/2023
SAMPLE HOSPITAL 1877,101876,CT,READM-30-PN-HRRP,195,,0.994,0.2357,0.2371,46,07/01/2020,06/30/2023
SAMPLE HOSPITAL 1877,101876,CT,READM-30-HIP-KNEE-HRRP,445,,1.0605,0.1527,0.144,68,07/01/2020,06/30/2023
SAMPLE HOSPITAL 1877,101876,CT,READM-30-CABG-HRRP,502,,1.007,0.2367,0.2351,119,07/01/2020,06/30/2023
SAMPLE HOSPITAL 1878,101877,SD,READM-30-CABG-HRRP,111,,0.8994,0.1956,0.2175,22,07/01/2020,06/30/2023
SAMPLE HOSPITAL 1878,101877,SD,READM-30-COPD-HRRP,326,,1.0145,0.1252,0.1234,41,07/01/2020,06/30/2023
SAMPLE HOSPITAL 1878,101877,SD,READM-30-HF-HRRP,127,,0.9163,0.2379,0.2596,30,07/01/2020,06/30/2023
SAMPLE HOSPITAL 1878,101877,SD,READM-30-AMI-HRRP,25,,0.8881,0.1719,0.1936,4,07/01/2020,06/30/2023
SAMPLE HOSPITAL 1879,101878,OR,READM-30-HF-HRRP,476,,1.1831,0.2146,0.1814,102,07/01/2020,06/30/2023
SAMPLE HOSPITAL 1879,101878,OR,READM-30-PN-HRRP,132,,0.9415,0.1613,0.1713,21,07/01/2020,06/30/2023
SAMPLE HOSPITAL 1879,101878,OR,READM-30-HIP-KNEE-HRRP,262,,1.0756,0.2129,0.1979,56,07/01/2020,06/30/2023
SAMPLE HOSPITAL 1880,101879,ID,READM-30-HIP-KNEE-HRRP,213,,0.9937,0.1388,0.1397,30,07/01/2020,06/30/2023
SAMPLE HOSPITAL 1880,101879,ID,READM-30-AMI-HRRP,266,,0.9335,0.186,0.1993,49,07/01/2020,06/30/2023
SAMPLE HOSPITAL 1880,101879,ID,READM-30-PN-HRRP,56,,1.0671,0.2306,0.2161,13,07/01/2020,06/30/2023
SAMPLE HOSPITAL 1880,101879,ID,READM-30-HF-HRRP,250,,0.9568,0.1361,0.1422,34,07/01/2020,06/30/2023
SAMPLE HOSPITAL 1880,101879,ID,READM-30-COPD-HRRP,917,,0.9923,0.1973,0.1988,181,07/01/2020,06/30/2023
SAMPLE HOSPITAL 1880,101879,ID,READM-30-CABG-HRRP,222,,0.9293,0.1562,0.1681,35,07/01/2020,06/30/2023
SAMPLE HOSPITAL 1881,101880,AL,READM-30-HF-HRRP,891,,1.0403,0.2073,0.1993,185,07/01/2020,06/30/2023
SAMPLE HOSPITAL 1881,101880,AL,READM-30-HIP-KNEE-HRRP,337,,1.0543,0.1857,0.1761,63,07/01/2020,06/30/2023
SAMPLE HOSPITAL 1881,101880,AL,READM-30-PN-HRRP,97,,0.9872,0.178,0.1803,17,07/01/2020,06/30/2023
SAMPLE HOSPITAL 1881,101880,AL,READM-30-CABG-HRRP,230,,0.9575,0.1276,0.1333,29,07/01/2020,06/30/2023
SAMPLE HOSPITAL 1881,101880,AL,READM-30-AMI-HRRP,53,,0.8755,0.1378,0.1574,7,07/01/2020,06/30/2023
SAMPLE HOSPITAL 1881,101880,AL,READM-30-COPD-HRRP,276,,0.9056,0.1431,0.158,39,07/01/2020,06/30/2023
SAMPLE HOSPITAL 1882,101881,MT,READM-30-PN-HRRP,340,,0.8894,0.154,0.1732,52,07/01/2020,06/30/2023
SAMPLE HOSPITAL 1882,101881,MT,READM-30-COPD-HRRP,217,,0.972,0.1766,0.1817,38,07/01/2020,06/30/2023
SAMPLE HOSPITAL 1882,101881,MT,READM-30-AMI-HRRP,45,,0.93,0.2266,0.2437,10,07/01/2020,06/30/2023
SAMPLE HOSPITAL 1882,101881,MT,READM-30-HIP-KNEE-HRRP,62,,1.1273,0.2386,0.2117,15,07/01/2020,06/30/2023
SAMPLE HOSPITAL 1883,101882,AK,READM-30-HIP-KNEE-HRRP,88,,1.0174,0.2047,0.2012,18,07/01/2020,06/30/2023
SAMPLE HOSPITAL 1883,101882,AK,READM-30-COPD-HRRP,253,,1.0366,0.1639,0.1581,41,07/01/2020,06/30/2023
SAMPLE HOSPITAL 1883,101882,AK,READM-30-HF-HRRP,77,,1.0661,0.2083,0.1954,16,07/01/2020,06/30/2023
SAMPLE HOSPITAL 1884,101883,WI,READM-30-CABG-HRRP,55,,0.948,0.2213,0.2334,12,07/01/2020,06/30/2023
SAMPLE HOSPITAL 1884,101883,WI,READM-30-AMI-HRRP,495,,0.9534,0.2178,0.2284,108,07/01/2020,06/30/2023
SAMPLE HOSPITAL 1884,101883,WI,READM-30-HIP-KNEE-HRRP,99,,1.0918,0.1958,0.1793,19,07/01/2020,06/30/2023
SAMPLE HOSPITAL 1885,101884,CA,READM-30-HF-HRRP,204,,1.0169,0.1964,0.1931,40,07/01/2020,06/30/2023
SAMPLE HOSPITAL 1885,101884,CA,READM-30-CABG-HRRP,168,,0.9191,0.14,0.1523,24,07/01/2020,06/30/2023
SAMPLE HOSPITAL 1885,101884,CA,READM-30-AMI-HRRP,101,,0.9539,0.2283,0.2393,23,07/01/2020,06/30/2023
SAMPLE HOSPITAL 1886,101885,NY,READM-30-HF-HRRP,294,,1.0192,0.2434,0.2388,72,07/01/2020,06/30/2023
SAMPLE HOSPITAL 1886,101885,NY,READM-30-HIP-KNEE-HRRP,70,,1.1747,0.2185,0.186,15,07/01/2020,06/30/2023
SAMPLE HOSPITAL 1886,101885,NY,READM-30-PN-HRRP,804,,1.0661,0.2062,0.1934,166,07/01/2020,06/30/2023
SAMPLE HOSPITAL 1887,101886,NE,READM-30-HIP-KNEE-HRRP,46,,1.0585,0.1808,0.1708,8,07/01/2020,06/30/2023
SAMPLE HOSPITAL 1887,101886,NE,READM-30-HF-HRRP,137,,1.1556,0.2613,0.2261,36,07/01/2020,06/30/2023
SAMPLE HOSPITAL 1887,101886,NE,READM-30-CABG-HRRP,188,,1.0124,0.2053,0.2028,39,07/01/2020,06/30/2023
SAMPLE HOSPITAL 1887,101886,NE,READM-30-AMI-HRRP,85,,0.9906,0.165,0.1666,14,07/01/2020,06/30/2023
SAMPLE HOSPITAL 1887,101886,NE,READM-30-COPD-HRRP,382,,1.0831,0.1538,0.142,59,07/01/2020,06/30/2023
SAMPLE HOSPITAL 1888,101887,AL,READM-30-HF-HRRP,196,,0.9338,0.217,0.2324,43,07/01/2020,06/30/2023
SAMPLE HOSPITAL 1888,101887,AL,READM-30-AMI-HRRP,28,,0.8766,0.1839,0.2098,5,07/01/2020,06/30/2023
SAMPLE HOSPITAL 1888,101887,AL,READM-30-CABG-HRRP,417,,1.0442,0.2539,0.2432,106,07/01/2020,06/30/2023
SAMPLE HOSPITAL 1889,101888,MD,READM-30-COPD-HRRP,376,,0.9989,0.1908,0.191,72,07/01/2020,06/30/2023
SAMPLE HOSPITAL 1889,101888,MD,READM-30-HIP-KNEE-HRRP,127,,1.0846,0.1445,0.1332,18,07/01/2020,06/30/2023
SAMPLE HOSPITAL 1889,101888,MD,READM-30-CABG-HRRP,85,,1.0872,0.2538,0.2334,22,07/01/2020,06/30/2023
SAMPLE HOSPITAL 1889,101888,MD,READM-30-AMI-HRRP,164,,0.9851,0.2289,0.2324,38,07/01/2020,06/30/2023
SAMPLE HOSPITAL 1889,101888,MD,READM-30-PN-HRRP,188,,1.0243,0.1438,0.1404,27,07/01/2020,06/30/2023
SAMPLE HOSPITAL 1890,101889,CT,READM-30-COPD-HRRP,363,,1.1443,0.2741,0.2395,99,07/01/2020,06/30/2023
SAMPLE HOSPITAL 1890,101889,CT,READM-30-CABG-HRRP,126,,0.9322,0.1815,0.1947,23,07/01/2020,06/30/2023
SAMPLE HOSPITAL 1890,101889,CT,READM-30-HF-HRRP,564,,1.06,0.1935,0.1825,109,07/01/2020,06/30/2023
SAMPLE HOSPITAL 1890,101889,CT,READM-30-PN-HRRP,149,,0.884,0.1203,0.1361,18,07/01/2020,06/30/2023
SAMPLE HOSPITAL 1890,101889,CT,READM-30-HIP-KNEE-HRRP,49,,1.0314,0.125,0.1212,6,07/01/2020,06/30/2023
SAMPLE HOSPITAL 1891,101890,LA,READM-30-COPD-HRRP,301,,0.9678,0.1527,0.1578,46,07/01/2020,06/30/2023
SAMPLE HOSPITAL 1891,101890,LA,READM-30-AMI-HRRP,580,,0.9475,0.2207,0.2329,128,07/01/2020,06/30/2023
SAMPLE HOSPITAL 1891,101890,LA,READM-30-HF-HRRP,444,,1.0252,0.1983,0.1934,88,07/01/2020,06/30/2023
SAMPLE HOSPITAL 1891,101890,LA,READM-30-CABG-HRRP,321,,1.0042,0.2485,0.2475,80,07/01/2020,06/30/2023
SAMPLE HOSPITAL 1891,101890,LA,READM-30-PN-HRRP,248,,1.0497,0.154,0.1467,38,07/01/2020,06/30/2023
SAMPLE HOSPITAL 1891,101890,LA,READM-30-HIP-KNEE-HRRP,102,,0.9565,0.244,0.2551,25,07/01/2020,06/30/2023
SAMPLE HOSPITAL 1892,101891,HI,READM-30-CABG-HRRP,463,,0.9548,0.1619,0.1696,75,07/01/2020,06/30/2023
SAMPLE HOSPITAL 1892,101891,HI,READM-30-COPD-HRRP,28,,0.9314,0.1871,0.2009,5,07/01/2020,06/30/2023
SAMPLE HOSPITAL 1892,101891,HI,READM-30-PN-HRRP,252,,0.9426,0.1581,0.1677,40,07/01/2020,06/30/2023
SAMPLE HOSPITAL 1893,101892,KY,READM-30-CABG-HRRP,205,,1.0628,0.2121,0.1996,43,07/01/2020,06/30/2023
SAMPLE HOSPITAL 1893,101892,KY,READM-30-AMI-HRRP,442,,1.1064,0.1726,0.156,76,07/01/2020,06/30/2023
SAMPLE HOSPITAL 1893,101892,KY,READM-30-COPD-HRRP,268,,0.9685,0.2202,0.2274,59,07/01/2020,06/30/2023
SAMPLE HOSPITAL 1894,101893,MD,READM-30-CABG-HRRP,276,,1.0629,0.1721,0.1619,47,07/01/2020,06/30/2023
SAMPLE HOSPITAL 1894,101893,MD,READM-30-PN-HRRP,50,,0.9935,0.1999,0.2012,10,07/01/2020,06/30/2023
SAMPLE HOSPITAL 1894,101893,MD,READM-30-HF-HRRP,74,,1.0316,0.2042,0.1979,15,07/01/2020,06/30/2023
SAMPLE HOSPITAL 1895,101894,OR,READM-30-HIP-KNEE-HRRP,290,,1.0702,0.1491,0.1393,43,07/01/2020,06/30/2023
SAMPLE HOSPITAL 1895,101894,OR,READM-30-COPD-HRRP,33,,1.0423,0.1742,0.1671,6,07/01/2020,06/30/2023
SAMPLE HOSPITAL 1895,101894,OR,READM-30-PN-HRRP,639,,0.9337,0.1903,0.2038,122,07/01/2020,06/30/2023
SAMPLE HOSPITAL 1895,101894,OR,READM-30-HF-HRRP,43,,0.9783,0.1598,0.1633,7,07/01/2020,06/30/2023
SAMPLE HOSPITAL 1895,101894,OR,READM-30-CABG-HRRP,512,,1.1039,0.2698,0.2444,138,07/01/2020,06/30/2023
SAMPLE HOSPITAL 1895,101894,OR,READM-30-AMI-HRRP,350,,1.0134,0.1874,0.1849,66,07/01/2020,06/30/2023
SAMPLE HOSPITAL 1896,101895,MT,READM-30-AMI-HRRP,293,,0.9547,0.1804,0.189,53,07/01/2020,06/30/2023
SAMPLE HOSPITAL 1896,101895,MT,READM-30-CABG-HRRP,277,,1.0105,0.2507,0.2481,69,07/01/2020,06/30/2023
SAMPLE HOSPITAL 1896,101895,MT,READM-30-PN-HRRP,43,,1.0614,0.1533,0.1444,7,07/01/2020,06/30/2023
SAMPLE HOSPITAL 1896,101895,MT,READM-30-COPD-HRRP,152,,0.9263,0.2174,0.2347,33,07/01/2020,06/30/2023
SAMPLE HOSPITAL 1897,101896,LA,READM-30-COPD-HRRP,192,,1.054,0.1802,0.171,35,07/01/2020,06/30/2023
SAMPLE HOSPITAL 1897,101896,LA,READM-30-HIP-KNEE-HRRP,200,,1.0446,0.2107,0.2017,42,07/01/2020,06/30/2023
SAMPLE HOSPITAL 1897,101896,LA,READM-30-AMI-HRRP,384,,0.9759,0.2369,0.2428,91,07/01/2020,06/30/2023
SAMPLE HOSPITAL 1898,101897,HI,READM-30-AMI-HRRP,75,,1.044,0.1521,0.1457,11,07/01/2020,06/30/2023
SAMPLE HOSPITAL 1898,101897,HI,READM-30-HF-HRRP,339,,1.1104,0.1835,0.1653,62,07/01/2020,06/30/2023
SAMPLE HOSPITAL 1898,101897,HI,READM-30-COPD-HRRP,250,,1.0732,0.1949,0.1816,49,07/01/2020,06/30/2023
SAMPLE HOSPITAL 1898,101897,HI,READM-30-CABG-HRRP,42,,1.0656,0.1818,0.1706,8,07/01/2020,06/30/2023
SAMPLE HOSPITAL 1899,101898,AL,READM-30-COPD-HRRP,171,,1.0054,0.1791,0.1781,31,07/01/2020,06/30/2023
SAMPLE HOSPITAL 1899,101898,AL,READM-30-CABG-HRRP,149,,1.0819,0.2738,0.2531,41,07/01/2020,06/30/2023
SAMPLE HOSPITAL 1899,101898,AL,READM-30-PN-HRRP,161,,0.9764,0.1431,0.1466,23,07/01/2020,06/30/2023
SAMPLE HOSPITAL 1899,101898,AL,READM-30-HIP-KNEE-HRRP,74,,0.9308,0.2078,0.2233,15,07/01/2020,06/30/2023
SAMPLE HOSPITAL 1899,101898,AL,READM-30-AMI-HRRP,255,,1.0787,0.2394,0.2219,61,07/01/2020,06/30/2023
SAMPLE HOSPITAL 1899,101898,AL,READM-30-HF-HRRP,923,,1.0109,0.1992,0.1971,184,07/01/2020,06/30/2023
SAMPLE HOSPITAL 1900,101899,AL,READM-30-AMI-HRRP,351,,0.9151,0.1379,0.1507,48,07/01/2020,06/30/2023
SAMPLE HOSPITAL 1900,101899,AL,READM-30-COPD-HRRP,157,,1.0115,0.1798,0.1778,28,07/01/2020,06/30/2023
SAMPLE HOSPITAL 1900,101899,AL,READM-30-PN-HRRP,184,,1.0036,0.2221,0.2213,41,07/01/2020,06/30/2023
SAMPLE HOSPITAL 1900,101899,AL,READM-30-HIP-KNEE-HRRP,935,,0.9596,0.1743,0.1816,163,07/01/2020,06/30/2023
SAMPLE HOSPITAL 1900,101899,AL,READM-30-CABG-HRRP,295,,1.0778,0.2758,0.2559,81,07/01/2020,06/30/2023
SAMPLE HOSPITAL 1900,101899,AL,READM-30-HF-HRRP,61,,0.9831,0.1879,0.1911,11,07/01/2020,06/30/2023
SAMPLE HOSPITAL 1901,101900,PA,READM-30-COPD-HRRP,209,,0.8698,0.1392,0.16,29,07/01/2020,06/30/2023
SAMPLE HOSPITAL 1901,101900,PA,READM-30-HIP-KNEE-HRRP,143,,0.9944,0.2259,0.2272,32,07/01/2020,06/30/2023
SAMPLE HOSPITAL 1901,101900,PA,READM-30-HF-HRRP,300,,1.0014,0.1651,0.1649,50,07/01/2020,06/30/2023
SAMPLE HOSPITAL 1901,101900,PA,READM-30-PN-HRRP,110,,1.0264,0.2124,0.2069,23,07/01/2020,06/30/2023
SAMPLE HOSPITAL 1901,101900,PA,READM-30-AMI-HRRP,62,,1.0293,0.1949,0.1894,12,07/01/2020,06/30/2023
SAMPLE HOSPITAL 1901,101900,PA,READM-30-CABG-HRRP,250,,1.0609,0.1736,0.1636,43,07/01/2020,06/30/2023
SAMPLE HOSPITAL 1902,101901,WV,READM-30-PN-HRRP,44,,0.9981,0.1437,0.144,6,07/01/2020,06/30/2023
SAMPLE HOSPITAL 1902,101901,WV,READM-30-CABG-HRRP,767,,0.9705,0.1341,0.1382,103,07/01/2020,06/30/2023
SAMPLE HOSPITAL 1902,101901,WV,READM-30-HIP-KNEE-HRRP,171,,0.9611,0.2278,0.237,39,07/01/2020,06/30/2023
SAMPLE HOSPITAL 1902,101901,WV,READM-30-AMI-HRRP,671,,1.0385,0.2262,0.2178,152,07/01/2020,06/30/2023
SAMPLE HOSPITAL 1902,101901,WV,READM-30-HF-HRRP,511,,1.0944,0.2362,0.2158,121,07/01/2020,06/30/2023
SAMPLE HOSPITAL 1902,101901,WV,READM-30-COPD-HRRP,74,,0.9958,0.2428,0.2438,18,07/01/2020,06/30/2023
SAMPLE HOSPITAL 1903,101902,NM,READM-30-CABG-HRRP,61,,0.9752,0.155,0.1589,9,07/01/2020,06/30/2023
SAMPLE HOSPITAL 1903,101902,NM,READM-30-AMI-HRRP,133,,1.0292,0.212,0.206,28,07/01/2020,06/30/2023
SAMPLE HOSPITAL 1903,101902,NM,READM-30-HIP-KNEE-HRRP,187,,0.9345,0.1601,0.1713,30,07/01/2020,06/30/2023
SAMPLE HOSPITAL 1903,101902,NM,READM-30-HF-HRRP,Too Few to Report,1,Too Few to Report,,,,07/01/2020,06/30/2023
SAMPLE HOSPITAL 1903,101902,NM,READM-30-COPD-HRRP,104,,0.9455,0.2214,0.2342,23,07/01/2020,06/30/2023
SAMPLE HOSPITAL 1903,101902,NM,READM-30-PN-HRRP,503,,1.0989,0.1476,0.1343,74,07/01/2020,06/30/2023
SAMPLE HOSPITAL 1904,101903,CO,READM-30-PN-HRRP,165,,1.0092,0.2567,0.2544,42,07/01/2020,06/30/2023
SAMPLE HOSPITAL 1904,101903,CO,READM-30-HIP-KNEE-HRRP,263,,1.0545,0.2527,0.2396,66,07/01/2020,06/30/2023
SAMPLE HOSPITAL 1904,101903,CO,READM-30-CABG-HRRP,56,,0.9218,0.2262,0.2454,13,07/01/2020,06/30/2023
SAMPLE HOSPITAL 1904,101903,CO,READM-30-HF-HRRP,57,,0.9434,0.1774,0.188,10,07/01/2020,06/30/2023
SAMPLE HOSPITAL 1904,101903,CO,READM-30-AMI-HRRP,78,,1.0227,0.1988,0.1944,16,07/01/2020,06/30/2023
SAMPLE HOSPITAL 1904,101903,CO,READM-30-COPD-HRRP,104,,0.9559,0.1536,0.1607,16,07/01/2020,06/30/2023
SAMPLE HOSPITAL 1905,101904,GA,READM-30-HIP-KNEE-HRRP,296,,0.9514,0.1913,0.2011,57,07/01/2020,06/30/2023
SAMPLE HOSPITAL 1905,101904,GA,READM-30-COPD-HRRP,71,,1.0245,0.2094,0.2044,15,07/01/2020,06/30/2023
SAMPLE HOSPITAL 1905,101904,GA,READM-30-AMI-HRRP,151,,0.9374,0.1556,0.166,23,07/01/2020,06/30/2023
SAMPLE HOSPITAL 1905,101904,GA,READM-30-CABG-HRRP,109,,0.878,0.2083,0.2372,23,07/01/2020,06/30/2023
SAMPLE HOSPITAL 1905,101904,GA,READM-30-HF-HRRP,112,,0.9658,0.2306,0.2388,26,07/01/2020,06/30/2023
SAMPLE HOSPITAL 1905,101904,GA,READM-30-PN-HRRP,820,,0.8218,0.1238,0.1507,102,07/01/2020,06/30/2023
SAMPLE HOSPITAL 1906,101905,ME,READM-30-PN-HRRP,214,,1.0338,0.2044,0.1977,44,07/01/2020,06/30/2023
SAMPLE HOSPITAL 1906,101905,ME,READM-30-CABG-HRRP,72,,1.0621,0.2097,0.1974,15,07/01/2020,06/30/2023
SAMPLE HOSPITAL 1906,101905,ME,READM-30-HIP-KNEE-HRRP,370,,1.036,0.1433,0.1383,53,07/01/2020,06/30/2023
SAMPLE HOSPITAL 1906,101905,ME,READM-30-AMI-HRRP,173,,1.1097,0.184,0.1658,32,07/01/2020,06/30/2023
SAMPLE HOSPITAL 1907,101906,LA,READM-30-HIP-KNEE-HRRP,805,,0.9304,0.113,0.1214,91,07/01/2020,06/30/2023
SAMPLE HOSPITAL 1907,101906,LA,READM-30-AMI-HRRP,95,,1.0712,0.2651,0.2475,25,07/01/2020,06/30/2023
SAMPLE HOSPITAL 1907,101906,LA,READM-30-COPD-HRRP,145,,1.0216,0.2237,0.219,32,07/01/2020,06/30/2023
SAMPLE HOSPITAL 1907,101906,LA,READM-30-CABG-HRRP,182,,0.9041,0.1283,0.1419,23,07/01/2020,06/30/2023
SAMPLE HOSPITAL 1907,101906,LA,READM-30-HF-HRRP,83,,0.9627,0.2001,0.2079,17,07/01/2020,06/30/2023
SAMPLE HOSPITAL 1908,101907,RI,READM-30-HF-HRRP,485,,1.1243,0.2648,0.2355,128,07/01/2020,06/30/2023
SAMPLE HOSPITAL 1908,101907,RI,READM-30-COPD-HRRP,326,,1.0153,0.1262,0.1243,41,07/01/2020,06/30/2023
SAMPLE HOSPITAL 1908,101907,RI,READM-30-AMI-HRRP,66,,0.9267,0.196,0.2115,13,07/01/2020,06/30/2023
SAMPLE HOSPITAL 1908,101907,RI,READM-30-HIP-KNEE-HRRP,183,,1.0168,0.1677,0.1649,31,07/01/2020,06/30/2023
SAMPLE HOSPITAL 1908,101907,RI,READM-30-CABG-HRRP,109,,0.9799,0.1327,0.1354,14,07/01/2020,06/30/2023
SAMPLE HOSPITAL 1909,101908,FL,READM-30-HF-HRRP,229,,1.1142,0.2609,0.2342,60,07/01/2020,06/30/2023
SAMPLE HOSPITAL 1909,101908,FL,READM-30-COPD-HRRP,155,,0.9732,0.1653,0.1699,26,07/01/2020,06/30/2023
SAMPLE HOSPITAL 1909,101908,FL,READM-30-CABG-HRRP,2084,,1.0302,0.2445,0.2373,510,07/01/2020,06/30/2023
SAMPLE HOSPITAL 1910,101909,ME,READM-30-CABG-HRRP,48,,0.9656,0.1787,0.1851,9,07/01/2020,06/30/2023
SAMPLE HOSPITAL 1910,101909,ME,READM-30-PN-HRRP,99,,0.9987,0.1458,0.146,14,07/01/2020,06/30/2023
SAMPLE HOSPITAL 1910,101909,ME,READM-30-AMI-HRRP,224,,0.9719,0.1816,0.1868,41,07/01/2020,06/30/2023
SAMPLE HOSPITAL 1910,101909,ME,READM-30-HIP-KNEE-HRRP,81,,0.9698,0.1305,0.1346,11,07/01/2020,06/30/2023
SAMPLE HOSPITAL 1910,101909,ME,READM-30-COPD-HRRP,515,,0.9958,0.2029,0.2038,104,07/01/2020,06/30/2023
SAMPLE HOSPITAL 1910,101909,ME,READM-30-HF-HRRP,86,,0.9742,0.1935,0.1986,17,07/01/2020,06/30/2023
SAMPLE HOSPITAL 1911,101910,SD,READM-30-HIP-KNEE-HRRP,1097,,0.9696,0.213,0.2197,234,07/01/2020,06/30/2023
SAMPLE HOSPITAL 1911,101910,SD,READM-30-HF-HRRP,133,,0.9191,0.2315,0.2519,31,07/01/2020,06/30/2023
SAMPLE HOSPITAL 1911,101910,SD,READM-30-COPD-HRRP,130,,1.0008,0.2247,0.2245,29,07/01/2020,06/30/2023
SAMPLE HOSPITAL 1911,101910,SD,READM-30-AMI-HRRP,77,,1.0688,0.1436,0.1344,11,07/01/2020,06/30/2023
SAMPLE HOSPITAL 1912,101911,IA,READM-30-HF-HRRP,85,,0.8605,0.1305,0.1517,11,07/01/2020,06/30/2023
SAMPLE HOSPITAL 1912,101911,IA,READM-30-COPD-HRRP,217,,1.0945,0.1876,0.1714,41,07/01/2020,06/30/2023
SAMPLE HOSPITAL 1912,101911,IA,READM-30-AMI-HRRP,90,,1.0042,0.1696,0.1689,15,07/01/2020,06/30/2023
SAMPLE HOSPITAL 1913,101912,IL,READM-30-CABG-HRRP,166,,1.0189,0.139,0.1364,23,07/01/2020,06/30/2023
SAMPLE HOSPITAL 1913,101912,IL,READM-30-HIP-KNEE-HRRP,59,,1.0241,0.2194,0.2142,13,07/01/2020,06/30/2023
SAMPLE HOSPITAL 1913,101912,IL,READM-30-HF-HRRP,114,,0.9521,0.1291,0.1356,15,07/01/2020,06/30/2023
SAMPLE HOSPITAL 1913,101912,IL,READM-30-AMI-HRRP,131,,0.8236,0.1223,0.1485,16,07/01/2020,06/30/2023
SAMPLE HOSPITAL 1913,101912,IL,READM-30-PN-HRRP,248,,1.0718,0.206,0.1922,51,07/01/2020,06/30/2023
SAMPLE HOSPITAL 1914,101913,WV,READM-30-COPD-HRRP,176,,0.9867,0.1323,0.1341,23,07/01/2020,06/30/2023
SAMPLE HOSPITAL 1914,101913,WV,READM-30-HF-HRRP,72,,0.9344,0.1456,0.1558,10,07/01/2020,06/30/2023
SAMPLE HOSPITAL 1914,101913,WV,READM-30-CABG-HRRP,312,,1.0887,0.1603,0.1472,50,07/01/2020,06/30/2023
SAMPLE HOSPITAL 1915,101914,MO,READM-30-COPD-HRRP,417,,1.0295,0.2199,0.2136,92,07/01/2020,06/30/2023
SAMPLE HOSPITAL 1915,101914,MO,READM-30-PN-HRRP,633,,0.9825,0.225,0.229,142,07/01/2020,06/30/2023
SAMPLE HOSPITAL 1915,101914,MO,READM-30-CABG-HRRP,206,,0.8982,0.214,0.2383,44,07/01/2020,06/30/2023
SAMPLE HOSPITAL 1915,101914,MO,READM-30-HIP-KNEE-HRRP,113,,1.1044,0.1679,0.152,19,07/01/2020,06/30/2023
SAMPLE HOSPITAL 1915,101914,MO,READM-30-HF-HRRP,580,,0.9192,0.1234,0.1342,72,07/01/2020,06/30/2023
SAMPLE HOSPITAL 1916,101915,CT,READM-30-CABG-HRRP,245,,1.141,0.1844,0.1616,45,07/01/2020,06/30/2023
SAMPLE HOSPITAL 1916,101915,CT,READM-30-AMI-HRRP,148,,1.0022,0.2089,0.2084,31,07/01/2020,06/30/2023
SAMPLE HOSPITAL 1916,101915,CT,READM-30-HIP-KNEE-HRRP,474,,0.944,0.1213,0.1285,57,07/01/2020,06/30/2023
SAMPLE HOSPITAL 1916,101915,CT,READM-30-COPD-HRRP,287,,0.8737,0.1561,0.1787,45,07/01/2020,06/30/2023
SAMPLE HOSPITAL 1916,101915,CT,READM-30-HF-HRRP,93,,0.9054,0.1282,0.1416,12,07/01/2020,06/30/2023
SAMPLE HOSPITAL 1916,101915,CT,READM-30-PN-HRRP,425,,0.9036,0.1195,0.1323,51,07/01/2020,06/30/2023
SAMPLE HOSPITAL 1917,101916,NY,READM-30-HIP-KNEE-HRRP,1183,,1.0577,0.2418,0.2286,286,07/01/2020,06/30/2023
SAMPLE HOSPITAL 1917,101916,NY,READM-30-PN-HRRP,31,,1.0222,0.1356,0.1327,4,07/01/2020,06/30/2023
SAMPLE HOSPITAL 1917,101916,NY,READM-30-CABG-HRRP,1922,,0.937,0.2291,0.2445,440,07/01/2020,06/30/2023
SAMPLE HOSPITAL 1917,101916,NY,READM-30-AMI-HRRP,97,,0.9777,0.1371,0.1402,13,07/01/2020,06/30/2023
SAMPLE HOSPITAL 1918,101917,TX,READM-30-COPD-HRRP,360,,1.0161,0.162,0.1594,58,07/01/2020,06/30/2023
SAMPLE HOSPITAL 1918,101917,TX,READM-30-HF-HRRP,89,,1.0484,0.2064,0.1969,18,07/01/2020,06/30/2023
SAMPLE HOSPITAL 1918,101917,TX,READM-30-HIP-KNEE-HRRP,77,,1.037,0.231,0.2228,18,07/01/2020,06/30/2023
SAMPLE HOSPITAL 1918,101917,TX,READM-30-AMI-HRRP,278,,0.9915,0.1756,0.1771,49,07/01/2020,06/30/2023
SAMPLE HOSPITAL 1918,101917,TX,READM-30-PN-HRRP,34,,0.9448,0.1147,0.1214,4,07/01/2020,06/30/2023
SAMPLE HOSPITAL 1918,101917,TX,READM-30-CABG-HRRP,272,,1.055,0.2393,0.2268,65,07/01/2020,06/30/2023
SAMPLE HOSPITAL 1919,101918,LA,READM-30-AMI-HRRP,131,,0.922,0.164,0.1779,21,07/01/2020,06/30/2023
SAMPLE HOSPITAL 1919,101918,LA,READM-30-HIP-KNEE-HRRP,219,,0.9651,0.1894,0.1963,41,07/01/2020,06/30/2023
SAMPLE HOSPITAL 1919,101918,LA,READM-30-HF-HRRP,127,,1.0408,0.2486,0.2389,32,07/01/2020,06/30/2023
SAMPLE HOSPITAL 1920,101919,SD,READM-30-HIP-KNEE-HRRP,87,,0.9975,0.2456,0.2462,21,07/01/2020,06/30/2023
SAMPLE HOSPITAL 1920,101919,SD,READM-30-CABG-HRRP,38,,1.0413,0.19,0.1825,7,07/01/2020,06/30/2023
SAMPLE HOSPITAL 1920,101919,SD,READM-30-PN-HRRP,331,,0.9822,0.1819,0.1852,60,07/01/2020,06/30/2023
SAMPLE HOSPITAL 1920,101919,SD,READM-30-HF-HRRP,228,,1.1279,0.2419,0.2145,55,07/01/2020,06/30/2023
SAMPLE HOSPITAL 1921,101920,GA,READM-30-HF-HRRP,97,,0.9815,0.126,0.1284,12,07/01/2020,06/30/2023
SAMPLE HOSPITAL 1921,101920,GA,READM-30-AMI-HRRP,322,,0.8583,0.2219,0.2585,71,07/01/2020,06/30/2023
SAMPLE HOSPITAL 1921,101920,GA,READM-30-HIP-KNEE-HRRP,83,,1.0227,0.1764,0.1725,15,07/01/2020,06/30/2023
SAMPLE HOSPITAL 1922,101921,OK,READM-30-CABG-HRRP,118,,0.9448,0.1886,0.1996,22,07/01/2020,06/30/2023
SAMPLE HOSPITAL 1922,101921,OK,READM-30-PN-HRRP,101,,0.9575,0.1393,0.1455,14,07/01/2020,06/30/2023
SAMPLE HOSPITAL 1922,101921,OK,READM-30-HF-HRRP,126,,0.9987,0.156,0.1562,20,07/01/2020,06/30/2023
SAMPLE HOSPITAL 1922,101921,OK,READM-30-COPD-HRRP,96,,0.9093,0.197,0.2166,19,07/01/2020,06/30/2023
SAMPLE HOSPITAL 1923,101922,AK,READM-30-CABG-HRRP,178,,0.9829,0.1881,0.1914,33,07/01/2020,06/30/2023
SAMPLE HOSPITAL 1923,101922,AK,READM-30-COPD-HRRP,246,,1.0056,0.2585,0.2571,64,07/01/2020,06/30/2023
SAMPLE HOSPITAL 1923,101922,AK,READM-30-PN-HRRP,185,,0.9766,0.1243,0.1273,23,07/01/2020,06/30/2023
SAMPLE HOSPITAL 1923,101922,AK,READM-30-AMI-HRRP,139,,1.0107,0.2367,0.2342,33,07/01/2020,06/30/2023
SAMPLE HOSPITAL 1923,101922,AK,READM-30-HF-HRRP,37,,0.9912,0.1416,0.1429,5,07/01/2020,06/30/2023
SAMPLE HOSPITAL 1924,101923,OH,READM-30-HIP-KNEE-HRRP,506,,1.0427,0.1688,0.1619,85,07/01/2020,06/30/2023
SAMPLE HOSPITAL 1924,101923,OH,READM-30-AMI-HRRP,336,,1.0513,0.1495,0.1422,50,07/01/2020,06/30/2023
SAMPLE HOSPITAL 1924,101923,OH,READM-30-COPD-HRRP,310,,1.0614,0.2523,0.2377,78,07/01/2020,06/30/2023
SAMPLE HOSPITAL 1924,101923,OH,READM-30-PN-HRRP,90,,0.9402,0.2095,0.2228,19,07/01/2020,06/30/2023
SAMPLE HOSPITAL 1924,101923,OH,READM-30-HF-HRRP,951,,0.9599,0.1676,0.1746,159,07/01/2020,06/30/2023
SAMPLE HOSPITAL 1925,101924,WA,READM-30-AMI-HRRP,89,,1.1124,0.2716,0.2442,24,07/01/2020,06/30/2023
SAMPLE HOSPITAL 1925,101924,WA,READM-30-COPD-HRRP,153,,1.0248,0.2463,0.2403,38,07/01/2020,06/30/2023
SAMPLE HOSPITAL 1925,101924,WA,READM-30-HIP-KNEE-HRRP,1186,,0.9893,0.1623,0.1641,192,07/01/2020,06/30/2023
SAMPLE HOSPITAL 1925,101924,WA,READM-30-PN-HRRP,44,,1.0655,0.1448,0.1359,6,07/01/2020,06/30/2023
SAMPLE HOSPITAL 1926,101925,MN,READM-30-COPD-HRRP,92,,0.9751,0.1615,0.1656,15,07/01/2020,06/30/2023
SAMPLE HOSPITAL 1926,101925,MN,READM-30-HF-HRRP,161,,0.9204,0.1936,0.2103,31,07/01/2020,06/30/2023
SAMPLE HOSPITAL 1926,101925,MN,READM-30-PN-HRRP,135,,0.9407,0.1816,0.1931,25,07/01/2020,06/30/2023
SAMPLE HOSPITAL 1927,101926,KS,READM-30-CABG-HRRP,297,,0.9642,0.1224,0.1269,36,07/01/2020,06/30/2023
SAMPLE HOSPITAL 1927,101926,KS,READM-30-AMI-HRRP,807,,1.0367,0.14,0.135,113,07/01/2020,06/30/2023
SAMPLE HOSPITAL 1927,101926,KS,READM-30-HIP-KNEE-HRRP,172,,1.0368,0.2206,0.2128,38,07/01/2020,06/30/2023
SAMPLE HOSPITAL 1928,101927,VA,READM-30-AMI-HRRP,151,,1.0883,0.1413,0.1298,21,07/01/2020,06/30/2023
SAMPLE HOSPITAL 1928,101927,VA,READM-30-PN-HRRP,307,,0.997,0.143,0.1434,44,07/01/2020,06/30/2023
SAMPLE HOSPITAL 1928,101927,VA,READM-30-CABG-HRRP,210,,1.0087,0.2344,0.2324,49,07/01/2020,06/30/2023
SAMPLE HOSPITAL 1928,101927,VA,READM-30-HF-HRRP,832,,1.0035,0.1701,0.1695,142,07/01/2020,06/30/2023
SAMPLE HOSPITAL 1928,101927,VA,READM-30-HIP-KNEE-HRRP,124,,1.0493,0.1469,0.14,18,07/01/2020,06/30/2023
SAMPLE HOSPITAL 1928,101927,VA,READM-30-COPD-HRRP,241,,1.0136,0.1272,0.1255,31,07/01/2020,06/30/2023
SAMPLE HOSPITAL 1929,101928,CO,READM-30-COPD-HRRP,219,,1.0396,0.1312,0.1262,29,07/01/2020,06/30/2023
SAMPLE HOSPITAL 1929,101928,CO,READM-30-HIP-KNEE-HRRP,252,,1.0947,0.2353,0.2149,59,07/01/2020,06/30/2023
SAMPLE HOSPITAL 1929,101928,CO,READM-30-HF-HRRP,172,,0.9837,0.1313,0.1335,23,07/01/2020,06/30/2023
SAMPLE HOSPITAL 1930,101929,WI,READM-30-PN-HRRP,83,,0.9999,0.205,0.205,17,07/01/2020,06/30/2023
SAMPLE HOSPITAL 1930,101929,WI,READM-30-COPD-HRRP,128,,1.0221,0.1918,0.1877,25,07/01/2020,06/30/2023
SAMPLE HOSPITAL 1930,101929,WI,READM-30-HF-HRRP,164,,1.0292,0.2126,0.2066,35,07/01/2020,06/30/2023
SAMPLE HOSPITAL 1930,101929,WI,READM-30-CABG-HRRP,87,,1.0666,0.1701,0.1595,15,07/01/2020,06/30/2023
SAMPLE HOSPITAL 1930,101929,WI,READM-30-HIP-KNEE-HRRP,57,,1.0125,0.1807,0.1785,10,07/01/2020,06/30/2023
SAMPLE HOSPITAL 1931,101930,WA,READM-30-CABG-HRRP,401,,1.0034,0.1824,0.1818,73,07/01/2020,06/30/2023
SAMPLE HOSPITAL 1931,101930,WA,READM-30-COPD-HRRP,150,,1.0869,0.2053,0.1889,31,07/01/2020,06/30/2023
SAMPLE HOSPITAL 1931,101930,WA,READM-30-AMI-HRRP,45,,0.9404,0.163,0.1733,7,07/01/2020,06/30/2023
SAMPLE HOSPITAL 1931,101930,WA,READM-30-HIP-KNEE-HRRP,362,,1.079,0.1734,0.1607,63,07/01/2020,06/30/2023
SAMPLE HOSPITAL 1931,101930,WA,READM-30-PN-HRRP,99,,1.0004,0.1811,0.181,18,07/01/2020,06/30/2023
SAMPLE HOSPITAL 1932,101931,AL,READM-30-HIP-KNEE-HRRP,304,,1.0355,0.1462,0.1412,44,07/01/2020,06/30/2023
SAMPLE HOSPITAL 1932,101931,AL,READM-30-AMI-HRRP,184,,1.0937,0.2531,0.2314,47,07/01/2020,06/30/2023
SAMPLE HOSPITAL 1932,101931,AL,READM-30-PN-HRRP,259,,0.943,0.1301,0.138,34,07/01/2020,06/30/2023
SAMPLE HOSPITAL 1933,101932,ND,READM-30-HF-HRRP,152,,0.9722,0.1328,0.1366,20,07/01/2020,06/30/2023
SAMPLE HOSPITAL 1933,101932,ND,READM-30-COPD-HRRP,392,,1.0697,0.1339,0.1252,52,07/01/2020,06/30/2023
SAMPLE HOSPITAL 1933,101932,ND,READM-30-PN-HRRP,252,,0.926,0.1564,0.1689,39,07/01/2020,06/30/2023
SAMPLE HOSPITAL 1933,101932,ND,READM-30-HIP-KNEE-HRRP,101,,1.0922,0.143,0.1309,14,07/01/2020,06/30/2023
SAMPLE HOSPITAL 1933,101932,ND,READM-30-AMI-HRRP,460,,0.9412,0.2309,0.2453,106,07/01/2020,06/30/2023
SAMPLE HOSPITAL 1933,101932,ND,READM-30-CABG-HRRP,251,,0.9834,0.2429,0.247,61,07/01/2020,06/30/2023
SAMPLE HOSPITAL 1934,101933,CT,READM-30-AMI-HRRP,151,,0.9787,0.1987,0.203,30,07/01/2020,06/30/2023
SAMPLE HOSPITAL 1934,101933,CT,READM-30-COPD-HRRP,620,,1.0713,0.2504,0.2337,155,07/01/2020,06/30/2023
SAMPLE HOSPITAL 1934,101933,CT,READM-30-HF-HRRP,145,,0.9909,0.2391,0.2413,35,07/01/2020,06/30/2023
SAMPLE HOSPITAL 1934,101933,CT,READM-30-PN-HRRP,703,,1.0267,0.2075,0.2021,146,07/01/2020,06/30/2023
SAMPLE HOSPITAL 1935,101934,UT,READM-30-AMI-HRRP,115,,1.1279,0.2929,0.2597,34,07/01/2020,06/30/2023
SAMPLE HOSPITAL 1935,101934,UT,READM-30-PN-HRRP,170,,0.9141,0.1372,0.1501,23,07/01/2020,06/30/2023
SAMPLE HOSPITAL 1935,101934,UT,READM-30-CABG-HRRP,263,,0.8925,0.1806,0.2023,47,07/01/2020,06/30/2023
SAMPLE HOSPITAL 1935,101934,UT,READM-30-HIP-KNEE-HRRP,149,,1.0365,0.1461,0.141,22,07/01/2020,06/30/2023
SAMPLE HOSPITAL 1936,101935,NH,READM-30-COPD-HRRP,60,,0.9206,0.1654,0.1797,10,07/01/2020,06/30/2023
SAMPLE HOSPITAL 1936,101935,NH,READM-30-HF-HRRP,510,,0.9587,0.1786,0.1863,91,07/01/2020,06/30/2023
SAMPLE HOSPITAL 1936,101935,NH,READM-30-PN-HRRP,335,,1.03,0.2023,0.1964,68,07/01/2020,06/30/2023
SAMPLE HOSPITAL 1936,101935,NH,READM-30-HIP-KNEE-HRRP,56,,0.9148,0.2012,0.2199,11,07/01/2020,06/30/2023
SAMPLE HOSPITAL 1936,101935,NH,READM-30-AMI-HRRP,192,,0.9098,0.1547,0.17,30,07/01/2020,06/30/2023
SAMPLE HOSPITAL 1937,101936,MN,READM-30-CABG-HRRP,231,,1.0373,0.1412,0.1361,33,07/01/2020,06/30/2023
SAMPLE HOSPITAL 1937,101936,MN,READM-30-HF-HRRP,92,,0.9404,0.1581,0.1681,15,07/01/2020,06/30/2023
SAMPLE HOSPITAL 1937,101936,MN,READM-30-PN-HRRP,58,,1.0257,0.1891,0.1844,11,07/01/2020,06/30/2023
SAMPLE HOSPITAL 1937,101936,MN,READM-30-COPD-HRRP,132,,0.9909,0.2271,0.2292,30,07/01/2020,06/30/2023
SAMPLE HOSPITAL 1937,101936,MN,READM-30-HIP-KNEE-HRRP,213,,1.098,0.142,0.1293,30,07/01/2020,06/30/2023
SAMPLE HOSPITAL 1937,101936,MN,READM-30-AMI-HRRP,84,,1.0378,0.2147,0.2069,18,07/01/2020,06/30/2023
SAMPLE HOSPITAL 1938,101937,MT,READM-30-HIP-KNEE-HRRP,192,,0.9356,0.1922,0.2054,37,07/01/2020,06/30/2023
SAMPLE HOSPITAL 1938,101937,MT,READM-30-PN-HRRP,105,,0.9373,0.1481,0.158,16,07/01/2020,06/30/2023
SAMPLE HOSPITAL 1938,101937,MT,READM-30-CABG-HRRP,59,,1.0019,0.1705,0.1702,10,07/01/2020,06/30/2023
SAMPLE HOSPITAL 1938,101937,MT,READM-30-AMI-HRRP,418,,1.0336,0.1541,0.1491,64,07/01/2020,06/30/2023
SAMPLE HOSPITAL 1938,101937,MT,READM-30-HF-HRRP,513,,0.9689,0.2003,0.2067,103,07/01/2020,06/30/2023
SAMPLE HOSPITAL 1938,101937,MT,READM-30-COPD-HRRP,122,,0.9857,0.1355,0.1375,17,07/01/2020,06/30/2023
SAMPLE HOSPITAL 1939,101938,TX,READM-30-AMI-HRRP,293,,1.0759,0.2594,0.2411,76,07/01/2020,06/30/2023
SAMPLE HOSPITAL 1939,101938,TX,READM-30-CABG-HRRP,44,,0.8905,0.2216,0.2488,10,07/01/2020,06/30/2023
SAMPLE HOSPITAL 1939,101938,TX,READM-30-HF-HRRP,95,,0.9179,0.2319,0.2526,22,07/01/2020,06/30/2023
SAMPLE HOSPITAL 1939,101938,TX,READM-30-COPD-HRRP,99,,1.0503,0.2144,0.2041,21,07/01/2020,06/30/2023
SAMPLE HOSPITAL 1939,101938,TX,READM-30-PN-HRRP,240,,0.9,0.2213,0.2459,53,07/01/2020,06/30/2023
SAMPLE HOSPITAL 1939,101938,TX,READM-30-HIP-KNEE-HRRP,189,,1.0418,0.2048,0.1966,39,07/01/2020,06/30/2023
SAMPLE HOSPITAL 1940,101939,VT,READM-30-AMI-HRRP,385,,0.9784,0.2067,0.2113,80,07/01/2020,06/30/2023
SAMPLE HOSPITAL 1940,101939,VT,READM-30-PN-HRRP,80,,0.9806,0.2094,0.2135,17,07/01/2020,06/30/2023
SAMPLE HOSPITAL 1940,101939,VT,READM-30-COPD-HRRP,27,,0.9828,0.2019,0.2054,5,07/01/2020,06/30/2023
SAMPLE HOSPITAL 1941,101940,NM,READM-30-HIP-KNEE-HRRP,235,,0.9751,0.1914,0.1963,45,07/01/2020,06/30/2023
SAMPLE HOSPITAL 1941,101940,NM,READM-30-COPD-HRRP,113,,1.0203,0.1796,0.176,20,07/01/2020,06/30/2023
SAMPLE HOSPITAL 1941,101940,NM,READM-30-PN-HRRP,96,,0.9523,0.2186,0.2295,21,07/01/2020,06/30/2023
SAMPLE HOSPITAL 1941,101940,NM,READM-30-HF-HRRP,272,,1.0972,0.188,0.1713,51,07/01/2020,06/30/2023
SAMPLE HOSPITAL 1941,101940,NM,READM-30-CABG-HRRP,398,,1.0119,0.1329,0.1313,53,07/01/2020,06/30/2023
SAMPLE HOSPITAL 1942,101941,SC,READM-30-HF-HRRP,70,,0.9782,0.1229,0.1256,9,07/01/2020,06/30/2023
SAMPLE HOSPITAL 1942,101941,SC,READM-30-AMI-HRRP,272,,0.9842,0.2049,0.2082,56,07/01/2020,06/30/2023
SAMPLE HOSPITAL 1942,101941,SC,READM-30-COPD-HRRP,88,,0.992,0.2016,0.2032,18,07/01/2020,06/30/2023
SAMPLE HOSPITAL 1942,101941,SC,READM-30-PN-HRRP,83,,1.0033,0.222,0.2213,18,07/01/2020,06/30/2023
SAMPLE HOSPITAL 1942,101941,SC,READM-30-HIP-KNEE-HRRP,88,,0.9867,0.2549,0.2583,22,07/01/2020,06/30/2023
SAMPLE HOSPITAL 1942,101941,SC,READM-30-CABG-HRRP,47,,0.8413,0.175,0.208,8,07/01/2020,06/30/2023
SAMPLE HOSPITAL 1943,101942,RI,READM-30-HF-HRRP,649,,1.0597,0.2653,0.2504,172,07/01/2020,06/30/2023
SAMPLE HOSPITAL 1943,101942,RI,READM-30-PN-HRRP,112,,1.0588,0.1888,0.1783,21,07/01/2020,06/30/2023
SAMPLE HOSPITAL 1943,101942,RI,READM-30-AMI-HRRP,753,,1.0705,0.2333,0.2179,176,07/01/2020,06/30/2023
SAMPLE HOSPITAL 1943,101942,RI,READM-30-COPD-HRRP,268,,1.1166,0.2846,0.2549,76,07/01/2020,06/30/2023
SAMPLE HOSPITAL 1943,101942,RI,READM-30-CABG-HRRP,157,,1.081,0.2281,0.211,36,07/01/2020,06/30/2023
SAMPLE HOSPITAL 1944,101943,VA,READM-30-COPD-HRRP,125,,0.9919,0.251,0.2531,31,07/01/2020,06/30/2023
SAMPLE HOSPITAL 1944,101943,VA,READM-30-CABG-HRRP,257,,1.0517,0.1958,0.1862,50,07/01/2020,06/30/2023
SAMPLE HOSPITAL 1944,101943,VA,READM-30-AMI-HRRP,Too Few to Report,1,Too Few to Report,,,,07/01/2020,06/30/2023
SAMPLE HOSPITAL 1945,101944,WI,READM-30-COPD-HRRP,50,,0.9769,0.2108,0.2158,11,07/01/2020,06/30/2023
SAMPLE HOSPITAL 1945,101944,WI,READM-30-HIP-KNEE-HRRP,220,,0.916,0.1458,0.1592,32,07/01/2020,06/30/2023
SAMPLE HOSPITAL 1945,101944,WI,READM-30-CABG-HRRP,41,,1.0552,0.1773,0.168,7,07/01/2020,06/30/2023
SAMPLE HOSPITAL 1946,101945,DE,READM-30-HF-HRRP,481,,1.0829,0.1506,0.1391,72,07/01/2020,06/30/2023
SAMPLE HOSPITAL 1946,101945,DE,READM-30-COPD-HRRP,209,,0.9721,0.2498,0.257,52,07/01/2020,06/30/2023
SAMPLE HOSPITAL 1946,101945,DE,READM-30-HIP-KNEE-HRRP,352,,0.9534,0.1995,0.2092,70,07/01/2020,06/30/2023
SAMPLE HOSPITAL 1946,101945,DE,READM-30-CABG-HRRP,207,,1.0579,0.2091,0.1977,43,07/01/2020,06/30/2023
SAMPLE HOSPITAL 1946,101945,DE,READM-30-AMI-HRRP,174,,0.963,0.1526,0.1585,27,07/01/2020,06/30/2023
SAMPLE HOSPITAL 1947,101946,MI,READM-30-COPD-HRRP,221,,1.0948,0.1805,0.1649,40,07/01/2020,06/30/2023
SAMPLE HOSPITAL 1947,101946,MI,READM-30-PN-HRRP,220,,0.9587,0.1162,0.1212,26,07/01/2020,06/30/2023
SAMPLE HOSPITAL 1947,101946,MI,READM-30-HF-HRRP,275,,0.9221,0.1515,0.1643,42,07/01/2020,06/30/2023
SAMPLE HOSPITAL 1948,101947,WI,READM-30-PN-HRRP,477,,0.9795,0.1867,0.1906,89,07/01/2020,06/30/2023
SAMPLE HOSPITAL 1948,101947,WI,READM-30-HF-HRRP,376,,0.9705,0.1319,0.1359,50,07/01/2020,06/30/2023
SAMPLE HOSPITAL 1948,101947,WI,READM-30-COPD-HRRP,342,,1.0564,0.2251,0.2131,77,07/01/2020,06/30/2023
SAMPLE HOSPITAL 1948,101947,WI,READM-30-HIP-KNEE-HRRP,1696,,0.9504,0.234,0.2462,397,07/01/2020,06/30/2023
SAMPLE HOSPITAL 1948,101947,WI,READM-30-AMI-HRRP,111,,0.9809,0.2418,0.2465,27,07/01/2020,06/30/2023
SAMPLE HOSPITAL 1949,101948,WY,READM-30-HIP-KNEE-HRRP,295,,0.8751,0.1626,0.1858,48,07/01/2020,06/30/2023
SAMPLE HOSPITAL 1949,101948,WY,READM-30-AMI-HRRP,283,,1.0618,0.2527,0.238,72,07/01/2020,06/30/2023
SAMPLE HOSPITAL 1949,101948,WY,READM-30-COPD-HRRP,145,,0.9138,0.1205,0.1319,17,07/01/2020,06/30/2023
SAMPLE HOSPITAL 1950,101949,NC,READM-30-HF-HRRP,65,,0.9361,0.1402,0.1498,9,07/01/2020,06/30/2023
SAMPLE HOSPITAL 1950,101949,NC,READM-30-HIP-KNEE-HRRP,233,,0.9714,0.2083,0.2144,49,07/01/2020,06/30/2023
SAMPLE HOSPITAL 1950,101949,NC,READM-30-CABG-HRRP,365,,0.9341,0.185,0.198,68,07/01/2020,06/30/2023
SAMPLE HOSPITAL 1950,101949,NC,READM-30-PN-HRRP,645,,1.0606,0.2256,0.2127,146,07/01/2020,06/30/2023
SAMPLE HOSPITAL 1950,101949,NC,READM-30-AMI-HRRP,303,,1.032,0.1851,0.1794,56,07/01/2020,06/30/2023
SAMPLE HOSPITAL 1950,101949,NC,READM-30-COPD-HRRP,214,,0.913,0.183,0.2004,39,07/01/2020,06/30/2023
SAMPLE HOSPITAL 1951,101950,CT,READM-30-AMI-HRRP,926,,1.0612,0.2574,0.2426,238,07/01/2020,06/30/2023
SAMPLE HOSPITAL 1951,101950,CT,READM-30-COPD-HRRP,157,,0.946,0.1762,0.1863,28,07/01/2020,06/30/2023
SAMPLE HOSPITAL 1951,101950,CT,READM-30-HIP-KNEE-HRRP,123,,0.9488,0.1255,0.1323,15,07/01/2020,06/30/2023
SAMPLE HOSPITAL 1951,101950,CT,READM-30-PN-HRRP,76,,0.9008,0.1095,0.1216,8,07/01/2020,06/30/2023
SAMPLE HOSPITAL 1951,101950,CT,READM-30-CABG-HRRP,371,,0.9445,0.184,0.1948,68,07/01/2020,06/30/2023
SAMPLE HOSPITAL 1951,101950,CT,READM-30-HF-HRRP,926,,0.9148,0.1985,0.217,184,07/01/2020,06/30/2023
SAMPLE HOSPITAL 1952,101951,NC,READM-30-AMI-HRRP,26,,1.0226,0.2501,0.2446,7,07/01/2020,06/30/2023
SAMPLE HOSPITAL 1952,101951,NC,READM-30-PN-HRRP,330,,1.0017,0.1569,0.1566,52,07/01/2020,06/30/2023
SAMPLE HOSPITAL 1952,101951,NC,READM-30-CABG-HRRP,26,,1.0357,0.2495,0.2409,6,07/01/2020,06/30/2023
SAMPLE HOSPITAL 1953,101952,GA,READM-30-AMI-HRRP,174,,0.9643,0.1693,0.1756,29,07/01/2020,06/30/2023
SAMPLE HOSPITAL 1953,101952,GA,READM-30-COPD-HRRP,290,,0.9531,0.2319,0.2433,67,07/01/2020,06/30/2023
SAMPLE HOSPITAL 1953,101952,GA,READM-30-HF-HRRP,42,,1.0283,0.1578,0.1535,7,07/01/2020,06/30/2023
SAMPLE HOSPITAL 1953,101952,GA,READM-30-CABG-HRRP,175,,0.9675,0.2065,0.2134,36,07/01/2020,06/30/2023
SAMPLE HOSPITAL 1953,101952,GA,READM-30-PN-HRRP,99,,0.9434,0.1543,0.1636,15,07/01/2020,06/30/2023
SAMPLE HOSPITAL 1954,101953,UT,READM-30-HF-HRRP,394,,1.0141,0.2556,0.252,101,07/01/2020,06/30/2023
SAMPLE HOSPITAL 1954,101953,UT,READM-30-AMI-HRRP,67,,0.9547,0.1774,0.1858,12,07/01/2020,06/30/2023
SAMPLE HOSPITAL 1954,101953,UT,READM-30-CABG-HRRP,29,,0.9975,0.1843,0.1848,5,07/01/2020,06/30/2023
SAMPLE HOSPITAL 1954,101953,UT,READM-30-HIP-KNEE-HRRP,259,,0.9462,0.1772,0.1873,46,07/01/2020,06/30/2023
SAMPLE HOSPITAL 1955,101954,VT,READM-30-CABG-HRRP,224,,1.0945,0.1991,0.1819,45,07/01/2020,06/30/2023
SAMPLE HOSPITAL 1955,101954,VT,READM-30-HIP-KNEE-HRRP,Too Few to Report,1,Too Few to Report,,,,07/01/2020,06/30/2023
SAMPLE HOSPITAL 1955,101954,VT,READM-30-HF-HRRP,140,,0.9788,0.1803,0.1842,25,07/01/2020,06/30/2023
SAMPLE HOSPITAL 1955,101954,VT,READM-30-PN-HRRP,83,,1.0362,0.2426,0.2341,20,07/01/2020,06/30/2023
SAMPLE HOSPITAL 1955,101954,VT,READM-30-AMI-HRRP,120,,1.0192,0.1759,0.1726,21,07/01/2020,06/30/2023
SAMPLE HOSPITAL 1956,101955,TX,READM-30-AMI-HRRP,38,,0.9521,0.2419,0.2541,9,07/01/2020,06/30/2023
SAMPLE HOSPITAL 1956,101955,TX,READM-30-CABG-HRRP,384,,0.9535,0.167,0.1751,64,07/01/2020,06/30/2023
SAMPLE HOSPITAL 1956,101955,TX,READM-30-PN-HRRP,1257,,0.98,0.2008,0.2049,252,07/01/2020,06/30/2023
SAMPLE HOSPITAL 1956,101955,TX,READM-30-HIP-KNEE-HRRP,132,,0.8616,0.1111,0.129,15,07/01/2020,06/30/2023
SAMPLE HOSPITAL 1956,101955,TX,READM-30-HF-HRRP,376,,0.8896,0.1975,0.222,74,07/01/2020,06/30/2023
SAMPLE HOSPITAL 1956,101955,TX,READM-30-COPD-HRRP,591,,1.0317,0.2245,0.2176,133,07/01/2020,06/30/2023
SAMPLE HOSPITAL 1957,101956,WY,READM-30-HIP-KNEE-HRRP,Too Few to Report,1,Too Few to Report,,,,07/01/2020,06/30/2023
SAMPLE HOSPITAL 1957,101956,WY,READM-30-AMI-HRRP,191,,0.9259,0.1602,0.173,31,07/01/2020,06/30/2023
SAMPLE HOSPITAL 1957,101956,WY,READM-30-CABG-HRRP,62,,0.9807,0.2213,0.2257,14,07/01/2020,06/30/2023
SAMPLE HOSPITAL 1957,101956,WY,READM-30-COPD-HRRP,171,,1.066,0.2054,0.1927,35,07/01/2020,06/30/2023
SAMPLE HOSPITAL 1958,101957,NV,READM-30-AMI-HRRP,390,,1.0467,0.2666,0.2547,104,07/01/2020,06/30/2023
SAMPLE HOSPITAL 1958,101957,NV,READM-30-CABG-HRRP,29,,1.0384,0.2544,0.245,7,07/01/2020,06/30/2023
SAMPLE HOSPITAL 1958,101957,NV,READM-30-PN-HRRP,416,,1.0194,0.2482,0.2435,103,07/01/2020,06/30/2023
SAMPLE HOSPITAL 1959,101958,NY,READM-30-HIP-KNEE-HRRP,1394,,0.9803,0.2494,0.2544,348,07/01/2020,06/30/2023
SAMPLE HOSPITAL 1959,101958,NY,READM-30-COPD-HRRP,115,,0.9993,0.232,0.2322,27,07/01/2020,06/30/2023
SAMPLE HOSPITAL 1959,101958,NY,READM-30-AMI-HRRP,140,,0.8399,0.1256,0.1496,18,07/01/2020,06/30/2023
SAMPLE HOSPITAL 1959,101958,NY,READM-30-HF-HRRP,86,,1.0481,0.2413,0.2302,21,07/01/2020,06/30/2023
SAMPLE HOSPITAL 1959,101958,NY,READM-30-PN-HRRP,412,,0.9932,0.1997,0.2011,82,07/01/2020,06/30/2023
SAMPLE HOSPITAL 1960,101959,NM,READM-30-COPD-HRRP,314,,1.0877,0.2493,0.2292,78,07/01/2020,06/30/2023
SAMPLE HOSPITAL 1960,101959,NM,READM-30-PN-HRRP,71,,1.1307,0.185,0.1636,13,07/01/2020,06/30/2023
SAMPLE HOSPITAL 1960,101959,NM,READM-30-CABG-HRRP,156,,1.0442,0.2676,0.2563,42,07/01/2020,06/30/2023
SAMPLE HOSPITAL 1960,101959,NM,READM-30-HIP-KNEE-HRRP,332,,1.0099,0.1788,0.177,59,07/01/2020,06/30/2023
SAMPLE HOSPITAL 1960,101959,NM,READM-30-HF-HRRP,71,,1.0441,0.249,0.2385,18,07/01/2020,06/30/2023
SAMPLE HOSPITAL 1960,101959,NM,READM-30-AMI-HRRP,279,,1.0094,0.2202,0.2181,61,07/01/2020,06/30/2023
SAMPLE HOSPITAL 1961,101960,NM,READM-30-COPD-HRRP,169,,1.1154,0.1972,0.1768,33,07/01/2020,06/30/2023
SAMPLE HOSPITAL 1961,101960,NM,READM-30-AMI-HRRP,561,,1.099,0.2047,0.1863,115,07/01/2020,06/30/2023
SAMPLE HOSPITAL 1961,101960,NM,READM-30-HF-HRRP,173,,1.061,0.1819,0.1714,31,07/01/2020,06/30/2023
SAMPLE HOSPITAL 1961,101960,NM,READM-30-PN-HRRP,71,,1.0824,0.1396,0.129,10,07/01/2020,06/30/2023
SAMPLE HOSPITAL 1961,101960,NM,READM-30-HIP-KNEE-HRRP,35,,0.8803,0.1467,0.1666,5,07/01/2020,06/30/2023
SAMPLE HOSPITAL 1962,101961,AR,READM-30-AMI-HRRP,865,,1.0612,0.1893,0.1784,164,07/01/2020,06/30/2023
SAMPLE HOSPITAL 1962,101961,AR,READM-30-PN-HRRP,457,,0.9732,0.1612,0.1656,74,07/01/2020,06/30/2023
SAMPLE HOSPITAL 1962,101961,AR,READM-30-HIP-KNEE-HRRP,1451,,0.9595,0.152,0.1584,221,07/01/2020,06/30/2023
SAMPLE HOSPITAL 1963,101962,CT,READM-30-COPD-HRRP,54,,0.9372,0.1792,0.1912,10,07/01/2020,06/30/2023
SAMPLE HOSPITAL 1963,101962,CT,READM-30-HF-HRRP,311,,0.9146,0.214,0.234,67,07/01/2020,06/30/2023
SAMPLE HOSPITAL 1963,101962,CT,READM-30-HIP-KNEE-HRRP,627,,0.949,0.178,0.1876,112,07/01/2020,06/30/2023
SAMPLE HOSPITAL 1964,101963,CT,READM-30-COPD-HRRP,266,,0.9575,0.1253,0.1309,33,07/01/2020,06/30/2023
SAMPLE HOSPITAL 1964,101963,CT,READM-30-HF-HRRP,300,,1.0358,0.1995,0.1926,60,07/01/2020,06/30/2023
SAMPLE HOSPITAL 1964,101963,CT,READM-30-AMI-HRRP,109,,0.9953,0.147,0.1477,16,07/01/2020,06/30/2023
SAMPLE HOSPITAL 1964,101963,CT,READM-30-PN-HRRP,80,,0.8815,0.199,0.2258,16,07/01/2020,06/30/2023
SAMPLE HOSPITAL 1964,101963,CT,READM-30-CABG-HRRP,123,,1.0489,0.2554,0.2435,31,07/01/2020,06/30/2023
SAMPLE HOSPITAL 1965,101964,WI,READM-30-AMI-HRRP,674,,0.9935,0.1972,0.1985,133,07/01/2020,06/30/2023
SAMPLE HOSPITAL 1965,101964,WI,READM-30-COPD-HRRP,285,,0.9603,0.1963,0.2044,56,07/01/2020,06/30/2023
SAMPLE HOSPITAL 1965,101964,WI,READM-30-PN-HRRP,450,,0.8648,0.1573,0.1819,71,07/01/2020,06/30/2023
SAMPLE HOSPITAL 1965,101964,WI,READM-30-HIP-KNEE-HRRP,109,,0.9444,0.1483,0.157,16,07/01/2020,06/30/2023
SAMPLE HOSPITAL 1966,101965,ID,READM-30-HIP-KNEE-HRRP,650,,0.9284,0.1373,0.1479,89,07/01/2020,06/30/2023
SAMPLE HOSPITAL 1966,101965,ID,READM-30-COPD-HRRP,37,,1.0277,0.2656,0.2584,10,07/01/2020,06/30/2023
SAMPLE HOSPITAL 1966,101965,ID,READM-30-HF-HRRP,246,,1.0247,0.1521,0.1484,37,07/01/2020,06/30/2023
SAMPLE HOSPITAL 1966,101965,ID,READM-30-AMI-HRRP,171,,0.9842,0.1612,0.1638,28,07/01/2020,06/30/2023
SAMPLE HOSPITAL 1966,101965,ID,READM-30-CABG-HRRP,55,,0.9049,0.1381,0.1526,8,07/01/2020,06/30/2023
SAMPLE HOSPITAL 1967,101966,NV,READM-30-CABG-HRRP,107,,1.0205,0.1485,0.1455,16,07/01/2020,06/30/2023
SAMPLE HOSPITAL 1967,101966,NV,READM-30-HF-HRRP,242,,0.9261,0.1426,0.154,35,07/01/2020,06/30/2023
SAMPLE HOSPITAL 1967,101966,NV,READM-30-PN-HRRP,103,,0.985,0.2047,0.2078,21,07/01/2020,06/30/2023
SAMPLE HOSPITAL 1967,101966,NV,READM-30-AMI-HRRP,121,,1.0666,0.2392,0.2243,29,07/01/2020,06/30/2023
SAMPLE HOSPITAL 1968,101967,CT,READM-30-CABG-HRRP,146,,1.0741,0.2491,0.2319,36,07/01/2020,06/30/2023
SAMPLE HOSPITAL 1968,101967,CT,READM-30-HF-HRRP,31,,1.0499,0.2503,0.2384,8,07/01/2020,06/30/2023
SAMPLE HOSPITAL 1968,101967,CT,READM-30-HIP-KNEE-HRRP,142,,1.004,0.131,0.1305,19,07/01/2020,06/30/2023
SAMPLE HOSPITAL 1968,101967,CT,READM-30-PN-HRRP,55,,0.9296,0.1261,0.1356,7,07/01/2020,06/30/2023
SAMPLE HOSPITAL 1969,101968,HI,READM-30-HIP-KNEE-HRRP,899,,0.9553,0.2231,0.2335,201,07/01/2020,06/30/2023
SAMPLE HOSPITAL 1969,101968,HI,READM-30-COPD-HRRP,701,,0.9621,0.1983,0.2061,139,07/01/2020,06/30/2023
SAMPLE HOSPITAL 1969,101968,HI,READM-30-CABG-HRRP,296,,0.9321,0.1642,0.1762,49,07/01/2020,06/30/2023
SAMPLE HOSPITAL 1969,101968,HI,READM-30-PN-HRRP,139,,1.0092,0.2579,0.2555,36,07/01/2020,06/30/2023
SAMPLE HOSPITAL 1969,101968,HI,READM-30-HF-HRRP,189,,0.9968,0.1757,0.1763,33,07/01/2020,06/30/2023
SAMPLE HOSPITAL 1969,101968,HI,READM-30-AMI-HRRP,394,,0.9845,0.2538,0.2578,100,07/01/2020,06/30/2023
SAMPLE HOSPITAL 1970,101969,TN,READM-30-HIP-KNEE-HRRP,242,,0.9028,0.1157,0.1282,28,07/01/2020,06/30/2023
SAMPLE HOSPITAL 1970,101969,TN,READM-30-AMI-HRRP,47,,0.9804,0.2428,0.2477,11,07/01/2020,06/30/2023
SAMPLE HOSPITAL 1970,101969,TN,READM-30-CABG-HRRP,62,,0.9585,0.2083,0.2173,13,07/01/2020,06/30/2023
SAMPLE HOSPITAL 1970,101969,TN,READM-30-PN-HRRP,70,,1.008,0.2559,0.2539,18,07/01/2020,06/30/2023
SAMPLE HOSPITAL 1970,101969,TN,READM-30-COPD-HRRP,82,,0.9716,0.1215,0.125,10,07/01/2020,06/30/2023
SAMPLE HOSPITAL 1970,101969,TN,READM-30-HF-HRRP,75,,0.9532,0.1477,0.1549,11,07/01/2020,06/30/2023
SAMPLE HOSPITAL 1971,101970,SC,READM-30-HIP-KNEE-HRRP,259,,0.9449,0.1334,0.1412,35,07/01/2020,06/30/2023
SAMPLE HOSPITAL 1971,101970,SC,READM-30-HF-HRRP,51,,0.9765,0.2265,0.2319,12,07/01/2020,06/30/2023
SAMPLE HOSPITAL 1971,101970,SC,READM-30-AMI-HRRP,481,,0.909,0.2352,0.2588,113,07/01/2020,06/30/2023
SAMPLE HOSPITAL 1971,101970,SC,READM-30-CABG-HRRP,91,,0.9936,0.2512,0.2528,23,07/01/2020,06/30/2023
SAMPLE HOSPITAL 1971,101970,SC,READM-30-PN-HRRP,74,,0.8512,0.1999,0.2348,15,07/01/2020,06/30/2023
SAMPLE HOSPITAL 1972,101971,WI,READM-30-HF-HRRP,130,,0.947,0.1904,0.2011,25,07/01/2020,06/30/2023
SAMPLE HOSPITAL 1972,101971,WI,READM-30-COPD-HRRP,2679,,1.0184,0.211,0.2072,565,07/01/2020,06/30/2023
SAMPLE HOSPITAL 1972,101971,WI,READM-30-CABG-HRRP,302,,0.9508,0.1888,0.1986,57,07/01/2020,06/30/2023
SAMPLE HOSPITAL 1972,101971,WI,READM-30-PN-HRRP,370,,0.9955,0.1367,0.1373,51,07/01/2020,06/30/2023
SAMPLE HOSPITAL 1972,101971,WI,READM-30-HIP-KNEE-HRRP,79,,0.9644,0.1556,0.1613,12,07/01/2020,06/30/2023
SAMPLE HOSPITAL 1973,101972,RI,READM-30-AMI-HRRP,73,,1.033,0.2041,0.1976,15,07/01/2020,06/30/2023
SAMPLE HOSPITAL 1973,101972,RI,READM-30-PN-HRRP,436,,0.9714,0.2071,0.2132,90,07/01/2020,06/30/2023
SAMPLE HOSPITAL 1973,101972,RI,READM-30-CABG-HRRP,188,,0.9533,0.1389,0.1457,26,07/01/2020,06/30/2023
SAMPLE HOSPITAL 1973,101972,RI,READM-30-HIP-KNEE-HRRP,275,,1.1053,0.2709,0.2451,74,07/01/2020,06/30/2023
SAMPLE HOSPITAL 1974,101973,PA,READM-30-HF-HRRP,145,,1.015,0.1855,0.1828,27,07/01/2020,06/30/2023
SAMPLE HOSPITAL 1974,101973,PA,READM-30-COPD-HRRP,98,,1.0815,0.1473,0.1362,14,07/01/2020,06/30/2023
SAMPLE HOSPITAL 1974,101973,PA,READM-30-AMI-HRRP,259,,0.99,0.2459,0.2484,64,07/01/2020,06/30/2023
SAMPLE HOSPITAL 1974,101973,PA,READM-30-HIP-KNEE-HRRP,193,,1.0012,0.1678,0.1676,32,07/01/2020,06/30/2023
SAMPLE HOSPITAL 1974,101973,PA,READM-30-CABG-HRRP,382,,0.9231,0.2345,0.254,90,07/01/2020,06/30/2023
SAMPLE HOSPITAL 1975,101974,CA,READM-30-PN-HRRP,193,,1.082,0.2161,0.1997,42,07/01/2020,06/30/2023
SAMPLE HOSPITAL 1975,101974,CA,READM-30-CABG-HRRP,26,,1.2095,0.2181,0.1803,6,07/01/2020,06/30/2023
SAMPLE HOSPITAL 1975,101974,CA,READM-30-HIP-KNEE-HRRP,35,,0.9572,0.2271,0.2373,8,07/01/2020,06/30/2023
SAMPLE HOSPITAL 1975,101974,CA,READM-30-HF-HRRP,492,,1.1311,0.215,0.1901,106,07/01/2020,06/30/2023
SAMPLE HOSPITAL 1975,101974,CA,READM-30-AMI-HRRP,112,,1.0981,0.275,0.2504,31,07/01/2020,06/30/2023
SAMPLE HOSPITAL 1976,101975,ME,READM-30-AMI-HRRP,126,,1.0046,0.1757,0.1749,22,07/01/2020,06/30/2023
SAMPLE HOSPITAL 1976,101975,ME,READM-30-CABG-HRRP,988,,0.9954,0.1788,0.1796,177,07/01/2020,06/30/2023
SAMPLE HOSPITAL 1976,101975,ME,READM-30-PN-HRRP,701,,0.9907,0.1475,0.1489,103,07/01/2020,06/30/2023
SAMPLE HOSPITAL 1976,101975,ME,READM-30-HIP-KNEE-HRRP,318,,0.9837,0.2443,0.2483,78,07/01/2020,06/30/2023
SAMPLE HOSPITAL 1976,101975,ME,READM-30-HF-HRRP,261,,0.9962,0.2276,0.2285,59,07/01/2020,06/30/2023
SAMPLE HOSPITAL 1976,101975,ME,READM-30-COPD-HRRP,271,,0.9793,0.1751,0.1788,47,07/01/2020,06/30/2023
SAMPLE HOSPITAL 1977,101976,SC,READM-30-HF-HRRP,1638,,1.0347,0.2591,0.2504,424,07/01/2020,06/30/2023
SAMPLE HOSPITAL 1977,101976,SC,READM-30-HIP-KNEE-HRRP,251,,0.9088,0.1908,0.21,48,07/01/2020,06/30/2023
SAMPLE HOSPITAL 1977,101976,SC,READM-30-COPD-HRRP,289,,0.9996,0.2537,0.2538,73,07/01/2020,06/30/2023
SAMPLE HOSPITAL 1978,101977,MN,READM-30-CABG-HRRP,306,,0.9034,0.1147,0.127,35,07/01/2020,06/30/2023
SAMPLE HOSPITAL 1978,101977,MN,READM-30-HIP-KNEE-HRRP,697,,0.9308,0.1756,0.1887,122,07/01/2020,06/30/2023
SAMPLE HOSPITAL 1978,101977,MN,READM-30-HF-HRRP,582,,0.9807,0.2459,0.2507,143,07/01/2020,06/30/2023
SAMPLE HOSPITAL 1978,101977,MN,READM-30-PN-HRRP,155,,0.921,0.1182,0.1283,18,07/01/2020,06/30/2023
SAMPLE HOSPITAL 1978,101977,MN,READM-30-COPD-HRRP,368,,0.8614,0.1787,0.2075,66,07/01/2020,06/30/2023
SAMPLE HOSPITAL 1979,101978,NH,READM-30-AMI-HRRP,116,,0.9359,0.126,0.1346,15,07/01/2020,06/30/2023
SAMPLE HOSPITAL 1979,101978,NH,READM-30-PN-HRRP,324,,1.0646,0.1676,0.1574,54,07/01/2020,06/30/2023
SAMPLE HOSPITAL 1979,101978,NH,READM-30-HF-HRRP,38,,1.002,0.2224,0.222,8,07/01/2020,06/30/2023
SAMPLE HOSPITAL 1980,101979,MT,READM-30-AMI-HRRP,540,,1.0257,0.1596,0.1556,86,07/01/2020,06/30/2023
SAMPLE HOSPITAL 1980,101979,MT,READM-30-HIP-KNEE-HRRP,407,,1.0557,0.1345,0.1274,55,07/01/2020,06/30/2023
SAMPLE HOSPITAL 1980,101979,MT,READM-30-PN-HRRP,967,,1.0669,0.1564,0.1466,151,07/01/2020,06/30/2023
SAMPLE HOSPITAL 1980,101979,MT,READM-30-HF-HRRP,Too Few to Report,1,Too Few to Report,,,,07/01/2020,06/30/2023
SAMPLE HOSPITAL 1980,101979,MT,READM-30-COPD-HRRP,481,,0.9349,0.1989,0.2127,96,07/01/2020,06/30/2023
SAMPLE HOSPITAL 1981,101980,TN,READM-30-AMI-HRRP,98,,1.0458,0.1839,0.1758,18,07/01/2020,06/30/2023
SAMPLE HOSPITAL 1981,101980,TN,READM-30-CABG-HRRP,194,,0.9419,0.2028,0.2153,39,07/01/2020,06/30/2023
SAMPLE HOSPITAL 1981,101980,TN,READM-30-HF-HRRP,154,,1.0876,0.2091,0.1923,32,07/01/2020,06/30/2023
SAMPLE HOSPITAL 1982,101981,NM,READM-30-AMI-HRRP,237,,0.9963,0.1739,0.1745,41,07/01/2020,06/30/2023
SAMPLE HOSPITAL 1982,101981,NM,READM-30-HF-HRRP,283,,0.9775,0.18,0.1841,51,07/01/2020,06/30/2023
SAMPLE HOSPITAL 1982,101981,NM,READM-30-PN-HRRP,414,,1.0061,0.2378,0.2364,98,07/01/2020,06/30/2023
SAMPLE HOSPITAL 1982,101981,NM,READM-30-COPD-HRRP,87,,1.0408,0.1369,0.1315,12,07/01/2020,06/30/2023
SAMPLE HOSPITAL 1982,101981,NM,READM-30-CABG-HRRP,126,,0.9278,0.1958,0.211,25,07/01/2020,06/30/2023
SAMPLE HOSPITAL 1983,101982,KY,READM-30-COPD-HRRP,87,,1.0621,0.1929,0.1816,17,07/01/2020,06/30/2023
SAMPLE HOSPITAL 1983,101982,KY,READM-30-HF-HRRP,687,,0.9389,0.1963,0.2091,135,07/01/2020,06/30/2023
SAMPLE HOSPITAL 1983,101982,KY,READM-30-CABG-HRRP,569,,1.0017,0.1713,0.171,97,07/01/2020,06/30/2023
SAMPLE HOSPITAL 1983,101982,KY,READM-30-AMI-HRRP,318,,1.0651,0.1402,0.1316,45,07/01/2020,06/30/2023
SAMPLE HOSPITAL 1983,101982,KY,READM-30-HIP-KNEE-HRRP,77,,0.9198,0.1825,0.1984,14,07/01/2020,06/30/2023
SAMPLE HOSPITAL 1983,101982,KY,READM-30-PN-HRRP,623,,1.0236,0.2264,0.2212,141,07/01/2020,06/30/2023
SAMPLE HOSPITAL 1984,101983,TX,READM-30-HF-HRRP,185,,1.0297,0.1535,0.1491,28,07/01/2020,06/30/2023
SAMPLE HOSPITAL 1984,101983,TX,READM-30-CABG-HRRP,78,,0.9097,0.2105,0.2314,16,07/01/2020,06/30/2023
SAMPLE HOSPITAL 1984,101983,TX,READM-30-COPD-HRRP,83,,0.9412,0.2051,0.2179,17,07/01/2020,06/30/2023
SAMPLE HOSPITAL 1984,101983,TX,READM-30-AMI-HRRP,113,,0.9977,0.2529,0.2535,29,07/01/2020,06/30/2023
SAMPLE HOSPITAL 1985,101984,MN,READM-30-HIP-KNEE-HRRP,93,,1.1028,0.1433,0.1299,13,07/01/2020,06/30/2023
SAMPLE HOSPITAL 1985,101984,MN,READM-30-AMI-HRRP,191,,0.9639,0.2372,0.2461,45,07/01/2020,06/30/2023
SAMPLE HOSPITAL 1985,101984,MN,READM-30-CABG-HRRP,384,,0.9831,0.2255,0.2294,87,07/01/2020,06/30/2023
SAMPLE HOSPITAL 1985,101984,MN,READM-30-HF-HRRP,389,,0.9275,0.1468,0.1583,57,07/01/2020,06/30/2023
SAMPLE HOSPITAL 1986,101985,TX,READM-30-HIP-KNEE-HRRP,184,,1.0779,0.1836,0.1703,34,07/01/2020,06/30/2023
SAMPLE HOSPITAL 1986,101985,TX,READM-30-COPD-HRRP,47,,0.9031,0.1129,0.125,5,07/01/2020,06/30/2023
SAMPLE HOSPITAL 1986,101985,TX,READM-30-HF-HRRP,1138,,1.0329,0.2147,0.2079,244,07/01/2020,06/30/2023
SAMPLE HOSPITAL 1987,101986,MS,READM-30-COPD-HRRP,152,,0.9536,0.1364,0.143,21,07/01/2020,06/30/2023
SAMPLE HOSPITAL 1987,101986,MS,READM-30-HIP-KNEE-HRRP,257,,0.9105,0.123,0.1351,32,07/01/2020,06/30/2023
SAMPLE HOSPITAL 1987,101986,MS,READM-30-CABG-HRRP,60,,0.8637,0.2221,0.2572,13,07/01/2020,06/30/2023
SAMPLE HOSPITAL 1987,101986,MS,READM-30-AMI-HRRP,187,,0.9927,0.187,0.1884,35,07/01/2020,06/30/2023
SAMPLE HOSPITAL 1987,101986,MS,READM-30-HF-HRRP,78,,1.0874,0.2821,0.2594,22,07/01/2020,06/30/2023
SAMPLE HOSPITAL 1987,101986,MS,READM-30-PN-HRRP,295,,0.996,0.1266,0.1271,37,07/01/2020,06/30/2023
SAMPLE HOSPITAL 1988,101987,PA,READM-30-PN-HRRP,111,,0.8956,0.2132,0.238,24,07/01/2020,06/30/2023
SAMPLE HOSPITAL 1988,101987,PA,READM-30-HF-HRRP,65,,1.0805,0.1971,0.1824,13,07/01/2020,06/30/2023
SAMPLE HOSPITAL 1988,101987,PA,READM-30-CABG-HRRP,1380,,0.9707,0.2135,0.2199,295,07/01/2020,06/30/2023
SAMPLE HOSPITAL 1988,101987,PA,READM-30-COPD-HRRP,600,,0.9569,0.1502,0.157,90,07/01/2020,06/30/2023
SAMPLE HOSPITAL 1989,101988,OR,READM-30-HIP-KNEE-HRRP,48,,0.8743,0.193,0.2208,9,07/01/2020,06/30/2023
SAMPLE HOSPITAL 1989,101988,OR,READM-30-AMI-HRRP,377,,1.0527,0.1861,0.1768,70,07/01/2020,06/30/2023
SAMPLE HOSPITAL 1989,101988,OR,READM-30-PN-HRRP,60,,1.0015,0.2025,0.2022,12,07/01/2020,06/30/2023
SAMPLE HOSPITAL 1990,101989,HI,READM-30-CABG-HRRP,123,,0.9157,0.1179,0.1287,15,07/01/2020,06/30/2023
SAMPLE HOSPITAL 1990,101989,HI,READM-30-HIP-KNEE-HRRP,159,,1.0348,0.1358,0.1312,22,07/01/2020,06/30/2023
SAMPLE HOSPITAL 1990,101989,HI,READM-30-HF-HRRP,92,,1.0642,0.2173,0.2042,20,07/01/2020,06/30/2023
SAMPLE HOSPITAL 1990,101989,HI,READM-30-PN-HRRP,431,,1.0618,0.276,0.2599,119,07/01/2020,06/30/2023
SAMPLE HOSPITAL 1990,101989,HI,READM-30-COPD-HRRP,393,,1.0302,0.2431,0.236,96,07/01/2020,06/30/2023
SAMPLE HOSPITAL 1990,101989,HI,READM-30-AMI-HRRP,212,,0.9666,0.1342,0.1388,28,07/01/2020,06/30/2023
SAMPLE HOSPITAL 1991,101990,WV,READM-30-HF-HRRP,351,,1.0073,0.1732,0.1719,61,07/01/2020,06/30/2023
SAMPLE HOSPITAL 1991,101990,WV,READM-30-AMI-HRRP,211,,0.9774,0.1441,0.1474,30,07/01/2020,06/30/2023
SAMPLE HOSPITAL 1991,101990,WV,READM-30-COPD-HRRP,27,,0.9968,0.1592,0.1597,4,07/01/2020,06/30/2023
SAMPLE HOSPITAL 1991,101990,WV,READM-30-CABG-HRRP,141,,0.9866,0.1978,0.2005,28,07/01/2020,06/30/2023
SAMPLE HOSPITAL 1991,101990,WV,READM-30-HIP-KNEE-HRRP,265,,1.0292,0.2537,0.2465,67,07/01/2020,06/30/2023
SAMPLE HOSPITAL 1992,101991,AK,READM-30-PN-HRRP,80,,1.0002,0.2141,0.2141,17,07/01/2020,06/30/2023
SAMPLE HOSPITAL 1992,101991,AK,READM-30-AMI-HRRP,264,,0.9185,0.1909,0.2078,50,07/01/2020,06/30/2023
SAMPLE HOSPITAL 1992,101991,AK,READM-30-CABG-HRRP,169,,0.9283,0.2057,0.2216,35,07/01/2020,06/30/2023
SAMPLE HOSPITAL 1992,101991,AK,READM-30-HF-HRRP,53,,1.0382,0.1348,0.1298,7,07/01/2020,06/30/2023
SAMPLE HOSPITAL 1992,101991,AK,READM-30-COPD-HRRP,235,,0.9905,0.2436,0.2459,57,07/01/2020,06/30/2023
SAMPLE HOSPITAL 1993,101992,WV,READM-30-HIP-KNEE-HRRP,117,,1.1288,0.2151,0.1906,25,07/01/2020,06/30/2023
SAMPLE HOSPITAL 1993,101992,WV,READM-30-COPD-HRRP,75,,0.925,0.1894,0.2048,14,07/01/2020,06/30/2023
SAMPLE HOSPITAL 1993,101992,WV,READM-30-PN-HRRP,180,,0.9015,0.1148,0.1273,21,07/01/2020,06/30/2023
SAMPLE HOSPITAL 1994,101993,HI,READM-30-HIP-KNEE-HRRP,277,,0.9609,0.2044,0.2127,57,07/01/2020,06/30/2023
SAMPLE HOSPITAL 1994,101993,HI,READM-30-AMI-HRRP,68,,0.9902,0.2018,0.2038,14,07/01/2020,06/30/2023
SAMPLE HOSPITAL 1994,101993,HI,READM-30-CABG-HRRP,79,,1.0109,0.1782,0.1763,14,07/01/2020,06/30/2023
SAMPLE HOSPITAL 1994,101993,HI,READM-30-HF-HRRP,178,,0.9617,0.1936,0.2013,34,07/01/2020,06/30/2023
SAMPLE HOSPITAL 1995,101994,CO,READM-30-COPD-HRRP,295,,1.0744,0.1592,0.1482,47,07/01/2020,06/30/2023
SAMPLE HOSPITAL 1995,101994,CO,READM-30-CABG-HRRP,386,,1.1021,0.19,0.1724,73,07/01/2020,06/30/2023
SAMPLE HOSPITAL 1995,101994,CO,READM-30-PN-HRRP,280,,1.0379,0.2519,0.2427,71,07/01/2020,06/30/2023
SAMPLE HOSPITAL 1995,101994,CO,READM-30-HF-HRRP,48,,1.0675,0.2623,0.2457,13,07/01/2020,06/30/2023
SAMPLE HOSPITAL 1996,101995,VT,READM-30-HIP-KNEE-HRRP,321,,0.984,0.2512,0.2553,81,07/01/2020,06/30/2023
SAMPLE HOSPITAL 1996,101995,VT,READM-30-AMI-HRRP,76,,1.0789,0.1998,0.1852,15,07/01/2020,06/30/2023
SAMPLE HOSPITAL 1996,101995,VT,READM-30-COPD-HRRP,373,,1.0243,0.1797,0.1754,67,07/01/2020,06/30/2023
SAMPLE HOSPITAL 1996,101995,VT,READM-30-HF-HRRP,67,,1.0026,0.1852,0.1847,12,07/01/2020,06/30/2023
SAMPLE HOSPITAL 1996,101995,VT,READM-30-PN-HRRP,150,,1.0522,0.1688,0.1604,25,07/01/2020,06/30/2023
SAMPLE HOSPITAL 1996,101995,VT,READM-30-CABG-HRRP,374,,0.9844,0.149,0.1514,56,07/01/2020,06/30/2023
SAMPLE HOSPITAL 1997,101996,NV,READM-30-CABG-HRRP,781,,1.0582,0.2381,0.225,186,07/01/2020,06/30/2023
SAMPLE HOSPITAL 1997,101996,NV,READM-30-HF-HRRP,714,,1.0714,0.2257,0.2107,161,07/01/2020,06/30/2023
SAMPLE HOSPITAL 1997,101996,NV,READM-30-AMI-HRRP,123,,0.9822,0.208,0.2118,26,07/01/2020,06/30/2023
SAMPLE HOSPITAL 1997,101996,NV,READM-30-PN-HRRP,127,,0.8979,0.2064,0.2299,26,07/01/2020,06/30/2023
SAMPLE HOSPITAL 1997,101996,NV,READM-30-HIP-KNEE-HRRP,78,,0.9661,0.2303,0.2384,18,07/01/2020,06/30/2023
SAMPLE HOSPITAL 1998,101997,OR,READM-30-COPD-HRRP,114,,0.9654,0.1242,0.1286,14,07/01/2020,06/30/2023
SAMPLE HOSPITAL 1998,101997,OR,READM-30-HF-HRRP,72,,0.9627,0.1785,0.1854,13,07/01/2020,06/30/2023
SAMPLE HOSPITAL 1998,101997,OR,READM-30-AMI-HRRP,419,,0.9581,0.2364,0.2467,99,07/01/2020,06/30/2023
SAMPLE HOSPITAL 1998,101997,OR,READM-30-CABG-HRRP,429,,0.9411,0.1638,0.174,70,07/01/2020,06/30/2023
SAMPLE HOSPITAL 1998,101997,OR,READM-30-HIP-KNEE-HRRP,91,,1.0989,0.2753,0.2505,25,07/01/2020,06/30/2023
SAMPLE HOSPITAL 1998,101997,OR,READM-30-PN-HRRP,38,,1.0026,0.1232,0.1229,5,07/01/2020,06/30/2023
SAMPLE HOSPITAL 1999,101998,AL,READM-30-COPD-HRRP,42,,0.8983,0.1347,0.1499,6,07/01/2020,06/30/2023
SAMPLE HOSPITAL 1999,101998,AL,READM-30-HF-HRRP,94,,0.7909,0.1912,0.2418,18,07/01/2020,06/30/2023
SAMPLE HOSPITAL 1999,101998,AL,READM-30-AMI-HRRP,231,,1.0314,0.2166,0.21,50,07/01/2020,06/30/2023
SAMPLE HOSPITAL 1999,101998,AL,READM-30-HIP-KNEE-HRRP,95,,0.9604,0.1598,0.1664,15,07/01/2020,06/30/2023
SAMPLE HOSPITAL 2000,101999,MT,READM-30-PN-HRRP,1971,,1.0405,0.1996,0.1918,393,07/01/2020,06/30/2023
SAMPLE HOSPITAL 2000,101999,MT,READM-30-HIP-KNEE-HRRP,561,,0.9204,0.1451,0.1576,81,07/01/2020,06/30/2023
SAMPLE HOSPITAL 2000,101999,MT,READM-30-CABG-HRRP,214,,1.0587,0.2416,0.2282,52,07/01/2020,06/30/2023
SAMPLE HOSPITAL 2000,101999,MT,READM-30-AMI-HRRP,Too Few to Report,1,Too Few to Report,,,,07/01/2020,06/30/2023
SAMPLE HOSPITAL 2000,101999,MT,READM-30-HF-HRRP,39,,1.0843,0.2664,0.2457,10,07/01/2020,06/30/2023
SAMPLE HOSPITAL 2001,102000,AL,READM-30-HF-HRRP,35,,1.1078,0.2694,0.2432,9,07/01/2020,06/30/2023
SAMPLE HOSPITAL 2001,102000,AL,READM-30-PN-HRRP,114,,1.1392,0.2295,0.2015,26,07/01/2020,06/30/2023
SAMPLE HOSPITAL 2001,102000,AL,READM-30-CABG-HRRP,49,,0.9585,0.1745,0.1821,9,07/01/2020,06/30/2023
SAMPLE HOSPITAL 2001,102000,AL,READM-30-COPD-HRRP,99,,1.0333,0.2552,0.247,25,07/01/2020,06/30/2023
SAMPLE HOSPITAL 2002,102001,IA,READM-30-HIP-KNEE-HRRP,199,,0.8896,0.1694,0.1904,34,07/01/2020,06/30/2023
SAMPLE HOSPITAL 2002,102001,IA,READM-30-PN-HRRP,250,,0.9338,0.1395,0.1494,35,07/01/2020,06/30/2023
SAMPLE HOSPITAL 2002,102001,IA,READM-30-COPD-HRRP,82,,0.9968,0.1299,0.1303,11,07/01/2020,06/30/2023
SAMPLE HOSPITAL 2002,102001,IA,READM-30-HF-HRRP,Too Few to Report,1,Too Few to Report,,,,07/01/2020,06/30/2023
SAMPLE HOSPITAL 2003,102002,IL,READM-30-HIP-KNEE-HRRP,372,,1.0221,0.1886,0.1845,70,07/01/2020,06/30/2023
SAMPLE HOSPITAL 2003,102002,IL,READM-30-PN-HRRP,140,,1.0564,0.1342,0.127,19,07/01/2020,06/30/2023
SAMPLE HOSPITAL 2003,102002,IL,READM-30-AMI-HRRP,212,,1.0173,0.2514,0.2471,53,07/01/2020,06/30/2023
SAMPLE HOSPITAL 2003,102002,IL,READM-30-HF-HRRP,784,,1.0185,0.1994,0.1958,156,07/01/2020,06/30/2023
SAMPLE HOSPITAL 2004,102003,NM,READM-30-COPD-HRRP,178,,0.9862,0.2533,0.2568,45,07/01/2020,06/30/2023
SAMPLE HOSPITAL 2004,102003,NM,READM-30-AMI-HRRP,73,,1.0295,0.2333,0.2266,17,07/01/2020,06/30/2023
SAMPLE HOSPITAL 2004,102003,NM,READM-30-HIP-KNEE-HRRP,301,,1.0577,0.237,0.2241,71,07/01/2020,06/30/2023
SAMPLE HOSPITAL 2005,102004,ID,READM-30-COPD-HRRP,370,,0.9175,0.114,0.1243,42,07/01/2020,06/30/2023
SAMPLE HOSPITAL 2005,102004,ID,READM-30-HIP-KNEE-HRRP,849,,0.985,0.1568,0.1592,133,07/01/2020,06/30/2023
SAMPLE HOSPITAL 2005,102004,ID,READM-30-HF-HRRP,240,,0.9306,0.1817,0.1952,44,07/01/2020,06/30/2023
SAMPLE HOSPITAL 2005,102004,ID,READM-30-PN-HRRP,194,,0.9552,0.1297,0.1358,25,07/01/2020,06/30/2023
SAMPLE HOSPITAL 2005,102004,ID,READM-30-CABG-HRRP,97,,1.0722,0.2304,0.2149,22,07/01/2020,06/30/2023
SAMPLE HOSPITAL 2006,102005,AK,READM-30-COPD-HRRP,41,,0.9997,0.2561,0.2562,11,07/01/2020,06/30/2023
SAMPLE HOSPITAL 2006,102005,AK,READM-30-HF-HRRP,441,,0.986,0.1185,0.1202,52,07/01/2020,06/30/2023
SAMPLE HOSPITAL 2006,102005,AK,READM-30-CABG-HRRP,132,,1.0825,0.228,0.2106,30,07/01/2020,06/30/2023
SAMPLE HOSPITAL 2006,102005,AK,READM-30-PN-HRRP,600,,0.9592,0.1893,0.1973,114,07/01/2020,06/30/2023
SAMPLE HOSPITAL 2006,102005,AK,READM-30-HIP-KNEE-HRRP,106,,1.0423,0.1627,0.1561,17,07/01/2020,06/30/2023
SAMPLE HOSPITAL 2007,102006,NH,READM-30-PN-HRRP,185,,1.068,0.1508,0.1412,28,07/01/2020,06/30/2023
SAMPLE HOSPITAL 2007,102006,NH,READM-30-COPD-HRRP,258,,1.0026,0.2461,0.2455,63,07/01/2020,06/30/2023
SAMPLE HOSPITAL 2007,102006,NH,READM-30-CABG-HRRP,394,,0.9673,0.1697,0.1754,67,07/01/2020,06/30/2023
SAMPLE HOSPITAL 2007,102006,NH,READM-30-AMI-HRRP,87,,0.9297,0.2078,0.2235,18,07/01/2020,06/30/2023
SAMPLE HOSPITAL 2007,102006,NH,READM-30-HIP-KNEE-HRRP,38,,0.9229,0.1921,0.2082,7,07/01/2020,06/30/2023
SAMPLE HOSPITAL 2008,102007,OR,READM-30-HF-HRRP,92,,1.0263,0.2612,0.2545,24,07/01/2020,06/30/2023
SAMPLE HOSPITAL 2008,102007,OR,READM-30-CABG-HRRP,529,,1.0665,0.2509,0.2353,133,07/01/2020,06/30/2023
SAMPLE HOSPITAL 2008,102007,OR,READM-30-HIP-KNEE-HRRP,698,,1.0092,0.2092,0.2073,146,07/01/2020,06/30/2023
SAMPLE HOSPITAL 2008,102007,OR,READM-30-AMI-HRRP,283,,1.1403,0.2421,0.2123,69,07/01/2020,06/30/2023
SAMPLE HOSPITAL 2008,102007,OR,READM-30-PN-HRRP,137,,0.9769,0.2252,0.2305,31,07/01/2020,06/30/2023
SAMPLE HOSPITAL 2008,102007,OR,READM-30-COPD-HRRP,230,,1.0454,0.1595,0.1526,37,07/01/2020,06/30/2023
SAMPLE HOSPITAL 2009,102008,NE,READM-30-PN-HRRP,152,,1.055,0.2016,0.1911,31,07/01/2020,06/30/2023
SAMPLE HOSPITAL 2009,102008,NE,READM-30-COPD-HRRP,448,,1.0773,0.1472,0.1366,66,07/01/2020,06/30/2023
SAMPLE HOSPITAL 2009,102008,NE,READM-30-HIP-KNEE-HRRP,436,,0.9456,0.1154,0.122,50,07/01/2020,06/30/2023
SAMPLE HOSPITAL 2009,102008,NE,READM-30-HF-HRRP,120,,1.0007,0.2425,0.2423,29,07/01/2020,06/30/2023
SAMPLE HOSPITAL 2009,102008,NE,READM-30-AMI-HRRP,434,,1.044,0.1738,0.1665,75,07/01/2020,06/30/2023
SAMPLE HOSPITAL 2010,102009,RI,READM-30-AMI-HRRP,320,,0.9462,0.1416,0.1497,45,07/01/2020,06/30/2023
SAMPLE HOSPITAL 2010,102009,RI,READM-30-HF-HRRP,231,,1.0847,0.1736,0.16,40,07/01/2020,06/30/2023
SAMPLE HOSPITAL 2010,102009,RI,READM-30-HIP-KNEE-HRRP,71,,1.1092,0.1676,0.1511,12,07/01/2020,06/30/2023
SAMPLE HOSPITAL 2010,102009,RI,READM-30-COPD-HRRP,136,,0.9913,0.2079,0.2097,28,07/01/2020,06/30/2023
SAMPLE HOSPITAL 2010,102009,RI,READM-30-CABG-HRRP,97,,0.8369,0.2044,0.2442,20,07/01/2020,06/30/2023
SAMPLE HOSPITAL 2011,102010,WA,READM-30-CABG-HRRP,76,,1.1104,0.2623,0.2362,20,07/01/2020,06/30/2023
SAMPLE HOSPITAL 2011,102010,WA,READM-30-HF-HRRP,77,,0.9097,0.2035,0.2237,16,07/01/2020,06/30/2023
SAMPLE HOSPITAL 2011,102010,WA,READM-30-AMI-HRRP,Too Few to Report,1,Too Few to Report,,,,07/01/2020,06/30/2023
SAMPLE HOSPITAL 2012,102011,AR,READM-30-COPD-HRRP,103,,1.0246,0.2019,0.1971,21,07/01/2020,06/30/2023
SAMPLE HOSPITAL 2012,102011,AR,READM-30-HF-HRRP,41,,0.9512,0.2432,0.2557,10,07/01/2020,06/30/2023
SAMPLE HOSPITAL 2012,102011,AR,READM-30-AMI-HRRP,59,,0.9857,0.1362,0.1382,8,07/01/2020,06/30/2023
SAMPLE HOSPITAL 2012,102011,AR,READM-30-CABG-HRRP,604,,0.958,0.1944,0.2029,117,07/01/2020,06/30/2023
SAMPLE HOSPITAL 2012,102011,AR,READM-30-HIP-KNEE-HRRP,216,,1.0285,0.2032,0.1976,44,07/01/2020,06/30/2023
SAMPLE HOSPITAL 2013,102012,LA,READM-30-HIP-KNEE-HRRP,208,,1.0366,0.1981,0.1911,41,07/01/2020,06/30/2023
SAMPLE HOSPITAL 2013,102012,LA,READM-30-PN-HRRP,102,,1.0557,0.2414,0.2287,25,07/01/2020,06/30/2023
SAMPLE HOSPITAL 2013,102012,LA,READM-30-HF-HRRP,131,,1.0313,0.2148,0.2083,28,07/01/2020,06/30/2023
SAMPLE HOSPITAL 2013,102012,LA,READM-30-AMI-HRRP,198,,1.0526,0.195,0.1853,39,07/01/2020,06/30/2023
SAMPLE HOSPITAL 2013,102012,LA,READM-30-COPD-HRRP,241,,1.0025,0.2445,0.2439,59,07/01/2020,06/30/2023
SAMPLE HOSPITAL 2014,102013,NJ,READM-30-PN-HRRP,190,,1.0238,0.1982,0.1936,38,07/01/2020,06/30/2023
SAMPLE HOSPITAL 2014,102013,NJ,READM-30-HIP-KNEE-HRRP,45,,1.0667,0.2158,0.2023,10,07/01/2020,06/30/2023
SAMPLE HOSPITAL 2014,102013,NJ,READM-30-COPD-HRRP,157,,0.9991,0.2333,0.2335,37,07/01/2020,06/30/2023
SAMPLE HOSPITAL 2015,102014,TX,READM-30-HIP-KNEE-HRRP,119,,1.0585,0.217,0.205,26,07/01/2020,06/30/2023
SAMPLE HOSPITAL 2015,102014,TX,READM-30-CABG-HRRP,109,,1.0767,0.1563,0.1452,17,07/01/2020,06/30/2023
SAMPLE HOSPITAL 2015,102014,TX,READM-30-HF-HRRP,193,,0.9299,0.2399,0.258,46,07/01/2020,06/30/2023
SAMPLE HOSPITAL 2015,102014,TX,READM-30-COPD-HRRP,71,,0.9699,0.2086,0.2151,15,07/01/2020,06/30/2023
SAMPLE HOSPITAL 2015,102014,TX,READM-30-PN-HRRP,92,,0.965,0.1544,0.16,14,07/01/2020,06/30/2023
SAMPLE HOSPITAL 2016,102015,OR,READM-30-AMI-HRRP,187,,1.0215,0.1545,0.1512,29,07/01/2020,06/30/2023
SAMPLE HOSPITAL 2016,102015,OR,READM-30-CABG-HRRP,572,,1.0566,0.1809,0.1712,103,07/01/2020,06/30/2023
SAMPLE HOSPITAL 2016,102015,OR,READM-30-PN-HRRP,33,,1.1416,0.2137,0.1872,7,07/01/2020,06/30/2023
SAMPLE HOSPITAL 2016,102015,OR,READM-30-HIP-KNEE-HRRP,80,,1.0377,0.1994,0.1922,16,07/01/2020,06/30/2023
SAMPLE HOSPITAL 2017,102016,MS,READM-30-PN-HRRP,477,,0.9317,0.1589,0.1705,76,07/01/2020,06/30/2023
SAMPLE HOSPITAL 2017,102016,MS,READM-30-AMI-HRRP,130,,1.0566,0.2523,0.2388,33,07/01/2020,06/30/2023
SAMPLE HOSPITAL 2017,102016,MS,READM-30-HF-HRRP,188,,0.8646,0.1301,0.1505,24,07/01/2020,06/30/2023
SAMPLE HOSPITAL 2018,102017,AK,READM-30-HIP-KNEE-HRRP,226,,1.0323,0.2123,0.2057,48,07/01/2020,06/30/2023
SAMPLE HOSPITAL 2018,102017,AK,READM-30-AMI-HRRP,101,,0.9348,0.2227,0.2382,22,07/01/2020,06/30/2023
SAMPLE HOSPITAL 2018,102017,AK,READM-30-COPD-HRRP,189,,0.9706,0.2446,0.252,46,07/01/2020,06/30/2023
SAMPLE HOSPITAL 2018,102017,AK,READM-30-HF-HRRP,164,,0.9414,0.1165,0.1237,19,07/01/2020,06/30/2023
SAMPLE HOSPITAL 2019,102018,WV,READM-30-HIP-KNEE-HRRP,1358,,1.0419,0.2319,0.2226,315,07/01/2020,06/30/2023
SAMPLE HOSPITAL 2019,102018,WV,READM-30-AMI-HRRP,102,,1.07,0.2616,0.2445,27,07/01/2020,06/30/2023
SAMPLE HOSPITAL 2019,102018,WV,READM-30-PN-HRRP,371,,1.0014,0.1771,0.1769,66,07/01/2020,06/30/2023
SAMPLE HOSPITAL 2019,102018,WV,READM-30-COPD-HRRP,173,,1.0115,0.2472,0.2444,43,07/01/2020,06/30/2023
SAMPLE HOSPITAL 2019,102018,WV,READM-30-CABG-HRRP,560,,0.924,0.1181,0.1278,66,07/01/2020,06/30/2023
SAMPLE HOSPITAL 2019,102018,WV,READM-30-HF-HRRP,131,,0.9945,0.1253,0.126,16,07/01/2020,06/30/2023
SAMPLE HOSPITAL 2020,102019,MI,READM-30-CABG-HRRP,73,,1.0498,0.2017,0.1921,15,07/01/2020,06/30/2023
SAMPLE HOSPITAL 2020,102019,MI,READM-30-HF-HRRP,166,,1.0393,0.2545,0.2449,42,07/01/2020,06/30/2023
SAMPLE HOSPITAL 2020,102019,MI,READM-30-PN-HRRP,311,,1.065,0.2357,0.2213,73,07/01/2020,06/30/2023
SAMPLE HOSPITAL 2020,102019,MI,READM-30-AMI-HRRP,192,,1.0032,0.1368,0.1364,26,07/01/2020,06/30/2023
SAMPLE HOSPITAL 2021,102020,IN,READM-30-COPD-HRRP,245,,0.9838,0.1644,0.1671,40,07/01/2020,06/30/2023
SAMPLE HOSPITAL 2021,102020,IN,READM-30-CABG-HRRP,714,,0.8436,0.103,0.1221,74,07/01/2020,06/30/2023
SAMPLE HOSPITAL 2021,102020,IN,READM-30-AMI-HRRP,62,,1.0609,0.1496,0.141,9,07/01/2020,06/30/2023
SAMPLE HOSPITAL 2021,102020,IN,READM-30-HIP-KNEE-HRRP,198,,0.9689,0.141,0.1455,28,07/01/2020,06/30/2023
SAMPLE HOSPITAL 2021,102020,IN,READM-30-HF-HRRP,158,,0.9758,0.2043,0.2094,32,07/01/2020,06/30/2023
SAMPLE HOSPITAL 2022,102021,AK,READM-30-PN-HRRP,1388,,1.0555,0.2024,0.1918,281,07/01/2020,06/30/2023
SAMPLE HOSPITAL 2022,102021,AK,READM-30-HF-HRRP,87,,0.9154,0.2289,0.2501,20,07/01/2020,06/30/2023
SAMPLE HOSPITAL 2022,102021,AK,READM-30-COPD-HRRP,555,,0.9559,0.2112,0.2209,117,07/01/2020,06/30/2023
SAMPLE HOSPITAL 2023,102022,WI,READM-30-HIP-KNEE-HRRP,217,,1.019,0.197,0.1933,43,07/01/2020,06/30/2023
SAMPLE HOSPITAL 2023,102022,WI,READM-30-PN-HRRP,466,,0.8989,0.1858,0.2067,87,07/01/2020,06/30/2023
SAMPLE HOSPITAL 2023,102022,WI,READM-30-AMI-HRRP,197,,0.9674,0.126,0.1302,25,07/01/2020,06/30/2023
SAMPLE HOSPITAL 2023,102022,WI,READM-30-CABG-HRRP,105,,0.9907,0.1972,0.1991,21,07/01/2020,06/30/2023
SAMPLE HOSPITAL 2024,102023,WI,READM-30-COPD-HRRP,312,,0.9844,0.1696,0.1723,53,07/01/2020,06/30/2023
SAMPLE HOSPITAL 2024,102023,WI,READM-30-CABG-HRRP,1073,,1.0072,0.1242,0.1233,133,07/01/2020,06/30/2023
SAMPLE HOSPITAL 2024,102023,WI,READM-30-HIP-KNEE-HRRP,29,,1.0459,0.146,0.1396,4,07/01/2020,06/30/2023
SAMPLE HOSPITAL 2024,102023,WI,READM-30-PN-HRRP,1276,,1.1036,0.2192,0.1986,280,07/01/2020,06/30/2023
SAMPLE HOSPITAL 2024,102023,WI,READM-30-HF-HRRP,179,,0.9609,0.1935,0.2014,35,07/01/2020,06/30/2023
SAMPLE HOSPITAL 2024,102023,WI,READM-30-AMI-HRRP,163,,0.9882,0.1361,0.1377,22,07/01/2020,06/30/2023
SAMPLE HOSPITAL 2025,102024,UT,READM-30-HF-HRRP,318,,1.0358,0.1935,0.1868,62,07/01/2020,06/30/2023
SAMPLE HOSPITAL 2025,102024,UT,READM-30-CABG-HRRP,552,,0.8828,0.1292,0.1464,71,07/01/2020,06/30/2023
SAMPLE HOSPITAL 2025,102024,UT,READM-30-AMI-HRRP,164,,1.0092,0.2417,0.2395,40,07/01/2020,06/30/2023
SAMPLE HOSPITAL 2026,102025,WV,READM-30-AMI-HRRP,152,,0.9572,0.2124,0.2219,32,07/01/2020,06/30/2023
SAMPLE HOSPITAL 2026,102025,WV,READM-30-CABG-HRRP,196,,1.0247,0.194,0.1893,38,07/01/2020,06/30/2023
SAMPLE HOSPITAL 2026,102025,WV,READM-30-COPD-HRRP,76,,0.9722,0.2311,0.2377,18,07/01/2020,06/30/2023
SAMPLE HOSPITAL 2026,102025,WV,READM-30-PN-HRRP,145,,0.9369,0.1632,0.1742,24,07/01/2020,06/30/2023
SAMPLE HOSPITAL 2026,102025,WV,READM-30-HF-HRRP,1173,,0.858,0.1458,0.1699,171,07/01/2020,06/30/2023
SAMPLE HOSPITAL 2026,102025,WV,READM-30-HIP-KNEE-HRRP,70,,0.9338,0.2084,0.2232,15,07/01/2020,06/30/2023
SAMPLE HOSPITAL 2027,102026,CO,READM-30-PN-HRRP,812,,1.0126,0.1762,0.174,143,07/01/2020,06/30/2023
SAMPLE HOSPITAL 2027,102026,CO,READM-30-COPD-HRRP,55,,0.9611,0.2179,0.2267,12,07/01/2020,06/30/2023
SAMPLE HOSPITAL 2027,102026,CO,READM-30-AMI-HRRP,560,,1.0078,0.1266,0.1256,71,07/01/2020,06/30/2023
SAMPLE HOSPITAL 2027,102026,CO,READM-30-HF-HRRP,103,,0.9807,0.2408,0.2455,25,07/01/2020,06/30/2023
SAMPLE HOSPITAL 2027,102026,CO,READM-30-CABG-HRRP,408,,1.0722,0.1457,0.1359,59,07/01/2020,06/30/2023
SAMPLE HOSPITAL 2028,102027,WY,READM-30-COPD-HRRP,854,,0.9486,0.219,0.2309,187,07/01/2020,06/30/2023
SAMPLE HOSPITAL 2028,102027,WY,READM-30-HIP-KNEE-HRRP,517,,1.0009,0.1849,0.1847,96,07/01/2020,06/30/2023
SAMPLE HOSPITAL 2028,102027,WY,READM-30-PN-HRRP,330,,0.96,0.2124,0.2212,70,07/01/2020,06/30/2023
SAMPLE HOSPITAL 2029,102028,KY,READM-30-HF-HRRP,1100,,1.0349,0.2524,0.2439,278,07/01/2020,06/30/2023
SAMPLE HOSPITAL 2029,102028,KY,READM-30-HIP-KNEE-HRRP,470,,0.9812,0.1785,0.1819,84,07/01/2020,06/30/2023
SAMPLE HOSPITAL 2029,102028,KY,READM-30-CABG-HRRP,358,,0.9467,0.1247,0.1317,45,07/01/2020,06/30/2023
SAMPLE HOSPITAL 2029,102028,KY,READM-30-PN-HRRP,409,,1.1241,0.2408,0.2142,98,07/01/2020,06/30/2023
SAMPLE HOSPITAL 2029,102028,KY,READM-30-COPD-HRRP,446,,0.8894,0.195,0.2193,87,07/01/2020,06/30/2023
SAMPLE HOSPITAL 2029,102028,KY,READM-30-AMI-HRRP,759,,0.9036,0.144,0.1594,109,07/01/2020,06/30/2023
SAMPLE HOSPITAL 2030,102029,NJ,READM-30-COPD-HRRP,237,,1.011,0.2589,0.2561,61,07/01/2020,06/30/2023
SAMPLE HOSPITAL 2030,102029,NJ,READM-30-AMI-HRRP,131,,1.0456,0.1445,0.1382,19,07/01/2020,06/30/2023
SAMPLE HOSPITAL 2030,102029,NJ,READM-30-PN-HRRP,1481,,0.9758,0.2518,0.258,373,07/01/2020,06/30/2023
SAMPLE HOSPITAL 2031,102030,TX,READM-30-HIP-KNEE-HRRP,382,,0.9806,0.1841,0.1877,70,07/01/2020,06/30/2023
SAMPLE HOSPITAL 2031,102030,TX,READM-30-AMI-HRRP,105,,0.9747,0.1693,0.1737,18,07/01/2020,06/30/2023
SAMPLE HOSPITAL 2031,102030,TX,READM-30-PN-HRRP,193,,1.1647,0.2845,0.2443,55,07/01/2020,06/30/2023
SAMPLE HOSPITAL 2031,102030,TX,READM-30-COPD-HRRP,597,,1.1154,0.1382,0.1239,83,07/01/2020,06/30/2023
SAMPLE HOSPITAL 2031,102030,TX,READM-30-HF-HRRP,453,,1.1329,0.1938,0.1711,88,07/01/2020,06/30/2023
SAMPLE HOSPITAL 2031,102030,TX,READM-30-CABG-HRRP,438,,1.145,0.1421,0.1241,62,07/01/2020,06/30/2023
SAMPLE HOSPITAL 2032,102031,WY,READM-30-PN-HRRP,56,,0.9907,0.1837,0.1854,10,07/01/2020,06/30/2023
SAMPLE HOSPITAL 2032,102031,WY,READM-30-COPD-HRRP,86,,0.9299,0.168,0.1807,14,07/01/2020,06/30/2023
SAMPLE HOSPITAL 2032,102031,WY,READM-30-HF-HRRP,222,,0.964,0.2338,0.2425,52,07/01/2020,06/30/2023
SAMPLE HOSPITAL 2032,102031,WY,READM-30-AMI-HRRP,458,,0.9439,0.2407,0.255,110,07/01/2020,06/30/2023
SAMPLE HOSPITAL 2032,102031,WY,READM-30-HIP-KNEE-HRRP,103,,0.9477,0.1901,0.2006,20,07/01/2020,06/30/2023
SAMPLE HOSPITAL 2033,102032,WY,READM-30-PN-HRRP,172,,1.1739,0.1597,0.136,27,07/01/2020,06/30/2023
SAMPLE HOSPITAL 2033,102032,WY,READM-30-COPD-HRRP,46,,1.1825,0.2728,0.2307,13,07/01/2020,06/30/2023
SAMPLE HOSPITAL 2033,102032,WY,READM-30-AMI-HRRP,92,,1.1122,0.1467,0.1319,13,07/01/2020,06/30/2023
SAMPLE HOSPITAL 2033,102032,WY,READM-30-HIP-KNEE-HRRP,325,,0.9979,0.1552,0.1555,50,07/01/2020,06/30/2023
SAMPLE HOSPITAL 2033,102032,WY,READM-30-CABG-HRRP,870,,0.9795,0.1436,0.1466,125,07/01/2020,06/30/2023
SAMPLE HOSPITAL 2034,102033,ND,READM-30-AMI-HRRP,118,,1.0251,0.1538,0.15,18,07/01/2020,06/30/2023
SAMPLE HOSPITAL 2034,102033,ND,READM-30-HIP-KNEE-HRRP,262,,1.0553,0.1978,0.1874,52,07/01/2020,06/30/2023
SAMPLE HOSPITAL 2034,102033,ND,READM-30-PN-HRRP,341,,0.9383,0.2098,0.2236,72,07/01/2020,06/30/2023
SAMPLE HOSPITAL 2034,102033,ND,READM-30-HF-HRRP,121,,1.03,0.1918,0.1862,23,07/01/2020,06/30/2023
SAMPLE HOSPITAL 2034,102033,ND,READM-30-COPD-HRRP,32,,1.016,0.1907,0.1877,6,07/01/2020,06/30/2023
SAMPLE HOSPITAL 2034,102033,ND,READM-30-CABG-HRRP,166,,0.9384,0.2126,0.2266,35,07/01/2020,06/30/2023
SAMPLE HOSPITAL 2035,102034,OK,READM-30-COPD-HRRP,212,,1.0507,0.2257,0.2148,48,07/01/2020,06/30/2023
SAMPLE HOSPITAL 2035,102034,OK,READM-30-CABG-HRRP,96,,0.9295,0.1876,0.2018,18,07/01/2020,06/30/2023
SAMPLE HOSPITAL 2035,102034,OK,READM-30-HF-HRRP,33,,0.9531,0.1385,0.1453,5,07/01/2020,06/30/2023
SAMPLE HOSPITAL 2035,102034,OK,READM-30-HIP-KNEE-HRRP,429,,1.0198,0.1734,0.17,74,07/01/2020,06/30/2023
SAMPLE HOSPITAL 2036,102035,OR,READM-30-AMI-HRRP,179,,1.0135,0.1219,0.1203,22,07/01/2020,06/30/2023
SAMPLE HOSPITAL 2036,102035,OR,READM-30-COPD-HRRP,172,,0.9977,0.1921,0.1925,33,07/01/2020,06/30/2023
SAMPLE HOSPITAL 2036,102035,OR,READM-30-HIP-KNEE-HRRP,932,,1.0176,0.1688,0.1659,157,07/01/2020,06/30/2023
SAMPLE HOSPITAL 2036,102035,OR,READM-30-CABG-HRRP,194,,1.0564,0.2131,0.2017,41,07/01/2020,06/30/2023
SAMPLE HOSPITAL 2036,102035,OR,READM-30-PN-HRRP,414,,0.9872,0.188,0.1904,78,07/01/2020,06/30/2023
SAMPLE HOSPITAL 2037,102036,WA,READM-30-COPD-HRRP,240,,0.9804,0.1361,0.1388,33,07/01/2020,06/30/2023
SAMPLE HOSPITAL 2037,102036,WA,READM-30-CABG-HRRP,236,,0.8984,0.2032,0.2262,48,07/01/2020,06/30/2023
SAMPLE HOSPITAL 2037,102036,WA,READM-30-HIP-KNEE-HRRP,646,,0.9975,0.1243,0.1246,80,07/01/2020,06/30/2023
SAMPLE HOSPITAL 2037,102036,WA,READM-30-HF-HRRP,103,,0.9607,0.2289,0.2383,24,07/01/2020,06/30/2023
SAMPLE HOSPITAL 2038,102037,KS,READM-30-PN-HRRP,147,,1.0383,0.2375,0.2287,35,07/01/2020,06/30/2023
SAMPLE HOSPITAL 2038,102037,KS,READM-30-HIP-KNEE-HRRP,384,,1.0614,0.1826,0.172,70,07/01/2020,06/30/2023
SAMPLE HOSPITAL 2038,102037,KS,READM-30-CABG-HRRP,193,,1.1026,0.2184,0.1981,42,07/01/2020,06/30/2023
SAMPLE HOSPITAL 2039,102038,MA,READM-30-PN-HRRP,Too Few to Report,1,Too Few to Report,,,,07/01/2020,06/30/2023
SAMPLE HOSPITAL 2039,102038,MA,READM-30-CABG-HRRP,195,,1.0637,0.247,0.2322,48,07/01/2020,06/30/2023
SAMPLE HOSPITAL 2039,102038,MA,READM-30-HF-HRRP,158,,0.9991,0.1947,0.1949,31,07/01/2020,06/30/2023
SAMPLE HOSPITAL 2039,102038,MA,READM-30-AMI-HRRP,103,,1.0367,0.2378,0.2294,24,07/01/2020,06/30/2023
SAMPLE HOSPITAL 2039,102038,MA,READM-30-HIP-KNEE-HRRP,283,,0.8529,0.1702,0.1996,48,07/01/2020,06/30/2023
SAMPLE HOSPITAL 2040,102039,AL,READM-30-COPD-HRRP,87,,0.9919,0.1407,0.1418,12,07/01/2020,06/30/2023
SAMPLE HOSPITAL 2040,102039,AL,READM-30-HF-HRRP,65,,0.9485,0.1146,0.1208,7,07/01/2020,06/30/2023
SAMPLE HOSPITAL 2040,102039,AL,READM-30-CABG-HRRP,929,,0.9443,0.1582,0.1675,147,07/01/2020,06/30/2023
SAMPLE HOSPITAL 2040,102039,AL,READM-30-HIP-KNEE-HRRP,55,,0.9362,0.2085,0.2227,11,07/01/2020,06/30/2023
SAMPLE HOSPITAL 2041,102040,NJ,READM-30-CABG-HRRP,669,,1.0571,0.1409,0.1333,94,07/01/2020,06/30/2023
SAMPLE HOSPITAL 2041,102040,NJ,READM-30-HF-HRRP,548,,1.0825,0.2013,0.186,110,07/01/2020,06/30/2023
SAMPLE HOSPITAL 2041,102040,NJ,READM-30-HIP-KNEE-HRRP,129,,0.9062,0.1132,0.1249,15,07/01/2020,06/30/2023
SAMPLE HOSPITAL 2041,102040,NJ,READM-30-PN-HRRP,214,,1.0126,0.2455,0.2424,53,07/01/2020,06/30/2023
SAMPLE HOSPITAL 2042,102041,KS,READM-30-HIP-KNEE-HRRP,447,,1.0576,0.2499,0.2363,112,07/01/2020,06/30/2023
SAMPLE HOSPITAL 2042,102041,KS,READM-30-HF-HRRP,295,,1.0265,0.155,0.151,46,07/01/2020,06/30/2023
SAMPLE HOSPITAL 2042,102041,KS,READM-30-PN-HRRP,104,,1.0484,0.2266,0.2161,24,07/01/2020,06/30/2023
SAMPLE HOSPITAL 2042,102041,KS,READM-30-COPD-HRRP,1725,,1.0235,0.2283,0.2231,394,07/01/2020,06/30/2023
SAMPLE HOSPITAL 2043,102042,AZ,READM-30-HIP-KNEE-HRRP,188,,1.1454,0.1945,0.1698,37,07/01/2020,06/30/2023
SAMPLE HOSPITAL 2043,102042,AZ,READM-30-COPD-HRRP,461,,1.0605,0.265,0.2499,122,07/01/2020,06/30/2023
SAMPLE HOSPITAL 2043,102042,AZ,READM-30-HF-HRRP,186,,1.0012,0.139,0.1388,26,07/01/2020,06/30/2023
SAMPLE HOSPITAL 2043,102042,AZ,READM-30-AMI-HRRP,289,,1.1088,0.2653,0.2393,77,07/01/2020,06/30/2023
SAMPLE HOSPITAL 2043,102042,AZ,READM-30-PN-HRRP,252,,0.986,0.1727,0.1752,44,07/01/2020,06/30/2023
SAMPLE HOSPITAL 2043,102042,AZ,READM-30-CABG-HRRP,75,,1.007,0.1682,0.167,13,07/01/2020,06/30/2023
SAMPLE HOSPITAL 2044,102043,WY,READM-30-CABG-HRRP,48,,1.0661,0.2531,0.2374,12,07/01/2020,06/30/2023
SAMPLE HOSPITAL 2044,102043,WY,READM-30-HF-HRRP,29,,1.0042,0.145,0.1444,4,07/01/2020,06/30/2023
SAMPLE HOSPITAL 2044,102043,WY,READM-30-AMI-HRRP,462,,0.8583,0.1423,0.1658,66,07/01/2020,06/30/2023
SAMPLE HOSPITAL 2044,102043,WY,READM-30-COPD-HRRP,206,,0.926,0.1904,0.2056,39,07/01/2020,06/30/2023
SAMPLE HOSPITAL 2045,102044,LA,READM-30-CABG-HRRP,301,,0.9377,0.1152,0.1229,35,07/01/2020,06/30/2023
SAMPLE HOSPITAL 2045,102044,LA,READM-30-PN-HRRP,166,,1.0046,0.2034,0.2025,34,07/01/2020,06/30/2023
SAMPLE HOSPITAL 2045,102044,LA,READM-30-HIP-KNEE-HRRP,327,,0.9773,0.1753,0.1794,57,07/01/2020,06/30/2023
SAMPLE HOSPITAL 2045,102044,LA,READM-30-COPD-HRRP,87,,0.9349,0.173,0.185,15,07/01/2020,06/30/2023
SAMPLE HOSPITAL 2045,102044,LA,READM-30-HF-HRRP,554,,0.8477,0.1953,0.2304,108,07/01/2020,06/30/2023
SAMPLE HOSPITAL 2046,102045,ME,READM-30-HIP-KNEE-HRRP,208,,1.0092,0.2568,0.2545,53,07/01/2020,06/30/2023
SAMPLE HOSPITAL 2046,102045,ME,READM-30-AMI-HRRP,339,,1.0224,0.1674,0.1637,57,07/01/2020,06/30/2023
SAMPLE HOSPITAL 2046,102045,ME,READM-30-PN-HRRP,218,,0.9673,0.1186,0.1226,26,07/01/2020,06/30/2023
SAMPLE HOSPITAL 2046,102045,ME,READM-30-HF-HRRP,130,,1.053,0.2389,0.2269,31,07/01/2020,06/30/2023
SAMPLE HOSPITAL 2047,102046,KY,READM-30-CABG-HRRP,224,,1.009,0.1997,0.1979,45,07/01/2020,06/30/2023
SAMPLE HOSPITAL 2047,102046,KY,READM-30-PN-HRRP,99,,1.0008,0.2486,0.2484,25,07/01/2020,06/30/2023
SAMPLE HOSPITAL 2047,102046,KY,READM-30-AMI-HRRP,336,,0.9663,0.1174,0.1215,39,07/01/2020,06/30/2023
SAMPLE HOSPITAL 2047,102046,KY,READM-30-HF-HRRP,113,,1.026,0.2625,0.2558,30,07/01/2020,06/30/2023
SAMPLE HOSPITAL 2048,102047,CA,READM-30-CABG-HRRP,671,,1.0125,0.136,0.1343,91,07/01/2020,06/30/2023
SAMPLE HOSPITAL 2048,102047,CA,READM-30-PN-HRRP,94,,0.9816,0.1418,0.1445,13,07/01/2020,06/30/2023
SAMPLE HOSPITAL 2048,102047,CA,READM-30-HF-HRRP,60,,0.8817,0.136,0.1542,8,07/01/2020,06/30/2023
SAMPLE HOSPITAL 2049,102048,PA,READM-30-AMI-HRRP,72,,0.8855,0.1955,0.2208,14,07/01/2020,06/30/2023
SAMPLE HOSPITAL 2049,102048,PA,READM-30-COPD-HRRP,364,,0.8703,0.1292,0.1485,47,07/01/2020,06/30/2023
SAMPLE HOSPITAL 2049,102048,PA,READM-30-HF-HRRP,78,,1.0263,0.1719,0.1675,13,07/01/2020,06/30/2023
SAMPLE HOSPITAL 2049,102048,PA,READM-30-CABG-HRRP,229,,0.9433,0.2409,0.2554,55,07/01/2020,06/30/2023
SAMPLE HOSPITAL 2049,102048,PA,READM-30-PN-HRRP,263,,0.9856,0.1333,0.1352,35,07/01/2020,06/30/2023
SAMPLE HOSPITAL 2049,102048,PA,READM-30-HIP-KNEE-HRRP,87,,0.8902,0.1998,0.2245,17,07/01/2020,06/30/2023
SAMPLE HOSPITAL 2050,102049,VA,READM-30-COPD-HRRP,341,,1.0246,0.205,0.2001,70,07/01/2020,06/30/2023
SAMPLE HOSPITAL 2050,102049,VA,READM-30-HIP-KNEE-HRRP,85,,0.9697,0.1359,0.1401,12,07/01/2020,06/30/2023
SAMPLE HOSPITAL 2050,102049,VA,READM-30-PN-HRRP,123,,0.9378,0.1527,0.1628,19,07/01/2020,06/30/2023
SAMPLE HOSPITAL 2051,102050,AR,READM-30-CABG-HRRP,43,,0.9811,0.1759,0.1793,8,07/01/2020,06/30/2023
SAMPLE HOSPITAL 2051,102050,AR,READM-30-AMI-HRRP,27,,0.9598,0.1471,0.1533,4,07/01/2020,06/30/2023
SAMPLE HOSPITAL 2051,102050,AR,READM-30-HF-HRRP,160,,1.0583,0.262,0.2476,42,07/01/2020,06/30/2023
SAMPLE HOSPITAL 2051,102050,AR,READM-30-HIP-KNEE-HRRP,Too Few to Report,1,Too Few to Report,,,,07/01/2020,06/30/2023
SAMPLE HOSPITAL 2052,102051,GA,READM-30-HIP-KNEE-HRRP,102,,1.0617,0.1666,0.1569,17,07/01/2020,06/30/2023
SAMPLE HOSPITAL 2052,102051,GA,READM-30-AMI-HRRP,244,,1.0258,0.2121,0.2068,52,07/01/2020,06/30/2023
SAMPLE HOSPITAL 2052,102051,GA,READM-30-CABG-HRRP,76,,0.9385,0.1248,0.133,9,07/01/2020,06/30/2023
SAMPLE HOSPITAL 2052,102051,GA,READM-30-COPD-HRRP,59,,0.9732,0.1199,0.1232,7,07/01/2020,06/30/2023
SAMPLE HOSPITAL 2052,102051,GA,READM-30-HF-HRRP,520,,1.1472,0.2618,0.2282,136,07/01/2020,06/30/2023
SAMPLE HOSPITAL 2052,102051,GA,READM-30-PN-HRRP,945,,1.0708,0.1907,0.1781,180,07/01/2020,06/30/2023
SAMPLE HOSPITAL 2053,102052,SC,READM-30-AMI-HRRP,105,,0.9541,0.1725,0.1808,18,07/01/2020,06/30/2023
SAMPLE HOSPITAL 2053,102052,SC,READM-30-COPD-HRRP,80,,0.9103,0.1163,0.1278,9,07/01/2020,06/30/2023
SAMPLE HOSPITAL 2053,102052,SC,READM-30-PN-HRRP,35,,0.9602,0.2036,0.212,7,07/01/2020,06/30/2023
SAMPLE HOSPITAL 2053,102052,SC,READM-30-HIP-KNEE-HRRP,1474,,0.9804,0.1659,0.1692,245,07/01/2020,06/30/2023
SAMPLE HOSPITAL 2054,102053,IN,READM-30-HIP-KNEE-HRRP,158,,1.0076,0.1483,0.1472,23,07/01/2020,06/30/2023
SAMPLE HOSPITAL 2054,102053,IN,READM-30-PN-HRRP,544,,0.9504,0.2251,0.2369,122,07/01/2020,06/30/2023
SAMPLE HOSPITAL 2054,102053,IN,READM-30-COPD-HRRP,351,,1.0128,0.1556,0.1536,55,07/01/2020,06/30/2023
SAMPLE HOSPITAL 2055,102054,TN,READM-30-HIP-KNEE-HRRP,424,,1.0135,0.1666,0.1644,71,07/01/2020,06/30/2023
SAMPLE HOSPITAL 2055,102054,TN,READM-30-CABG-HRRP,530,,1.0648,0.2043,0.1919,108,07/01/2020,06/30/2023
SAMPLE HOSPITAL 2055,102054,TN,READM-30-COPD-HRRP,183,,0.9086,0.1494,0.1644,27,07/01/2020,06/30/2023
SAMPLE HOSPITAL 2056,102055,MI,READM-30-HF-HRRP,345,,0.9715,0.23,0.2367,79,07/01/2020,06/30/2023
SAMPLE HOSPITAL 2056,102055,MI,READM-30-AMI-HRRP,113,,0.9218,0.142,0.1541,16,07/01/2020,06/30/2023
SAMPLE HOSPITAL 2056,102055,MI,READM-30-PN-HRRP,2609,,0.8966,0.2032,0.2266,530,07/01/2020,06/30/2023
SAMPLE HOSPITAL 2056,102055,MI,READM-30-HIP-KNEE-HRRP,25,,1.0291,0.2018,0.1961,5,07/01/2020,06/30/2023
SAMPLE HOSPITAL 2057,102056,RI,READM-30-CABG-HRRP,113,,0.9623,0.2342,0.2434,26,07/01/2020,06/30/2023
SAMPLE HOSPITAL 2057,102056,RI,READM-30-PN-HRRP,290,,0.8667,0.1227,0.1416,36,07/01/2020,06/30/2023
SAMPLE HOSPITAL 2057,102056,RI,READM-30-HF-HRRP,121,,1.0375,0.164,0.1581,20,07/01/2020,06/30/2023
SAMPLE HOSPITAL 2057,102056,RI,READM-30-COPD-HRRP,76,,0.9484,0.2392,0.2522,18,07/01/2020,06/30/2023
SAMPLE HOSPITAL 2057,102056,RI,READM-30-AMI-HRRP,127,,1.0632,0.1291,0.1214,16,07/01/2020,06/30/2023
SAMPLE HOSPITAL 2058,102057,TN,READM-30-PN-HRRP,107,,0.9038,0.2288,0.2531,24,07/01/2020,06/30/2023
SAMPLE HOSPITAL 2058,102057,TN,READM-30-HF-HRRP,49,,0.898,0.1677,0.1868,8,07/01/2020,06/30/2023
SAMPLE HOSPITAL 2058,102057,TN,READM-30-CABG-HRRP,779,,0.9938,0.1966,0.1978,153,07/01/2020,06/30/2023
SAMPLE HOSPITAL 2058,102057,TN,READM-30-HIP-KNEE-HRRP,117,,0.9858,0.1974,0.2002,23,07/01/2020,06/30/2023
SAMPLE HOSPITAL 2058,102057,TN,READM-30-AMI-HRRP,168,,0.9662,0.2458,0.2544,41,07/01/2020,06/30/2023
SAMPLE HOSPITAL 2058,102057,TN,READM-30-COPD-HRRP,194,,0.9677,0.1573,0.1625,31,07/01/2020,06/30/2023
SAMPLE HOSPITAL 2059,102058,OR,READM-30-HIP-KNEE-HRRP,322,,0.9635,0.1862,0.1933,60,07/01/2020,06/30/2023
SAMPLE HOSPITAL 2059,102058,OR,READM-30-HF-HRRP,130,,1.0494,0.1889,0.18,25,07/01/2020,06/30/2023
SAMPLE HOSPITAL 2059,102058,OR,READM-30-AMI-HRRP,489,,1.0795,0.2518,0.2333,123,07/01/2020,06/30/2023
SAMPLE HOSPITAL 2059,102058,OR,READM-30-CABG-HRRP,155,,0.9451,0.1988,0.2103,31,07/01/2020,06/30/2023
SAMPLE HOSPITAL 2059,102058,OR,READM-30-PN-HRRP,221,,0.9626,0.1341,0.1393,30,07/01/2020,06/30/2023
SAMPLE HOSPITAL 2059,102058,OR,READM-30-COPD-HRRP,200,,1.0835,0.1602,0.1479,32,07/01/2020,06/30/2023
SAMPLE HOSPITAL 2060,102059,MD,READM-30-HIP-KNEE-HRRP,39,,0.9023,0.229,0.2538,9,07/01/2020,06/30/2023
SAMPLE HOSPITAL 2060,102059,MD,READM-30-CABG-HRRP,70,,1.0055,0.1906,0.1896,13,07/01/2020,06/30/2023
SAMPLE HOSPITAL 2060,102059,MD,READM-30-HF-HRRP,235,,1.0182,0.1944,0.1909,46,07/01/2020,06/30/2023
SAMPLE HOSPITAL 2060,102059,MD,READM-30-AMI-HRRP,864,,1.0253,0.1348,0.1315,116,07/01/2020,06/30/2023
SAMPLE HOSPITAL 2060,102059,MD,READM-30-COPD-HRRP,139,,0.9408,0.1645,0.1749,23,07/01/2020,06/30/2023
SAMPLE HOSPITAL 2061,102060,MT,READM-30-HIP-KNEE-HRRP,96,,1.0548,0.163,0.1545,16,07/01/2020,06/30/2023
SAMPLE HOSPITAL 2061,102060,MT,READM-30-CABG-HRRP,96,,1.0294,0.1506,0.1463,14,07/01/2020,06/30/2023
SAMPLE HOSPITAL 2061,102060,MT,READM-30-AMI-HRRP,52,,1.048,0.2012,0.192,10,07/01/2020,06/30/2023
SAMPLE HOSPITAL 2061,102060,MT,READM-30-HF-HRRP,196,,0.9246,0.1423,0.1539,28,07/01/2020,06/30/2023
SAMPLE HOSPITAL 2061,102060,MT,READM-30-PN-HRRP,129,,1.1504,0.2232,0.194,29,07/01/2020,06/30/2023
SAMPLE HOSPITAL 2061,102060,MT,READM-30-COPD-HRRP,103,,0.9958,0.202,0.2029,21,07/01/2020,06/30/2023
SAMPLE HOSPITAL 2062,102061,IA,READM-30-HIP-KNEE-HRRP,257,,0.9675,0.2276,0.2352,58,07/01/2020,06/30/2023
SAMPLE HOSPITAL 2062,102061,IA,READM-30-AMI-HRRP,101,,1.0677,0.1478,0.1384,15,07/01/2020,06/30/2023
SAMPLE HOSPITAL 2062,102061,IA,READM-30-PN-HRRP,58,,1.0761,0.2422,0.2251,14,07/01/2020,06/30/2023
SAMPLE HOSPITAL 2062,102061,IA,READM-30-COPD-HRRP,Too Few to Report,1,Too Few to Report,,,,07/01/2020,06/30/2023
SAMPLE HOSPITAL 2062,102061,IA,READM-30-CABG-HRRP,297,,0.9777,0.238,0.2434,71,07/01/2020,06/30/2023
SAMPLE HOSPITAL 2063,102062,PA,READM-30-HF-HRRP,140,,1.048,0.1877,0.1791,26,07/01/2020,06/30/2023
SAMPLE HOSPITAL 2063,102062,PA,READM-30-COPD-HRRP,177,,0.9344,0.1803,0.193,32,07/01/2020,06/30/2023
SAMPLE HOSPITAL 2063,102062,PA,READM-30-PN-HRRP,645,,1.0293,0.2578,0.2505,166,07/01/2020,06/30/2023
SAMPLE HOSPITAL 2064,102063,ME,READM-30-COPD-HRRP,406,,1.014,0.2546,0.2511,103,07/01/2020,06/30/2023
SAMPLE HOSPITAL 2064,102063,ME,READM-30-CABG-HRRP,339,,0.9999,0.2136,0.2136,72,07/01/2020,06/30/2023
SAMPLE HOSPITAL 2064,102063,ME,READM-30-HIP-KNEE-HRRP,128,,1.0197,0.184,0.1804,24,07/01/2020,06/30/2023
SAMPLE HOSPITAL 2065,102064,AL,READM-30-PN-HRRP,70,,0.9524,0.1898,0.1993,13,07/01/2020,06/30/2023
SAMPLE HOSPITAL 2065,102064,AL,READM-30-CABG-HRRP,60,,1.0393,0.2017,0.1941,12,07/01/2020,06/30/2023
SAMPLE HOSPITAL 2065,102064,AL,READM-30-HF-HRRP,116,,0.952,0.124,0.1302,14,07/01/2020,06/30/2023
SAMPLE HOSPITAL 2065,102064,AL,READM-30-COPD-HRRP,88,,1.0358,0.1929,0.1862,17,07/01/2020,06/30/2023
SAMPLE HOSPITAL 2065,102064,AL,READM-30-HIP-KNEE-HRRP,122,,0.9932,0.1513,0.1523,18,07/01/2020,06/30/2023
SAMPLE HOSPITAL 2065,102064,AL,READM-30-AMI-HRRP,347,,0.9915,0.2041,0.2058,71,07/01/2020,06/30/2023
SAMPLE HOSPITAL 2066,102065,CO,READM-30-AMI-HRRP,205,,1.021,0.1326,0.1299,27,07/01/2020,06/30/2023
SAMPLE HOSPITAL 2066,102065,CO,READM-30-COPD-HRRP,230,,0.9498,0.1934,0.2036,44,07/01/2020,06/30/2023
SAMPLE HOSPITAL 2066,102065,CO,READM-30-HIP-KNEE-HRRP,62,,0.9796,0.2032,0.2074,13,07/01/2020,06/30/2023
SAMPLE HOSPITAL 2066,102065,CO,READM-30-CABG-HRRP,313,,1.0421,0.2247,0.2156,70,07/01/2020,06/30/2023
SAMPLE HOSPITAL 2067,102066,KY,READM-30-CABG-HRRP,371,,1.1671,0.1651,0.1415,61,07/01/2020,06/30/2023
SAMPLE HOSPITAL 2067,102066,KY,READM-30-HF-HRRP,122,,0.9122,0.1716,0.1881,21,07/01/2020,06/30/2023
SAMPLE HOSPITAL 2067,102066,KY,READM-30-AMI-HRRP,159,,1.0315,0.1991,0.193,32,07/01/2020,06/30/2023
SAMPLE HOSPITAL 2067,102066,KY,READM-30-COPD-HRRP,81,,1.0677,0.1411,0.1322,11,07/01/2020,06/30/2023
SAMPLE HOSPITAL 2067,102066,KY,READM-30-HIP-KNEE-HRRP,98,,1.0737,0.2314,0.2155,23,07/01/2020,06/30/2023
SAMPLE HOSPITAL 2068,102067,MA,READM-30-COPD-HRRP,657,,1.09,0.2313,0.2122,152,07/01/2020,06/30/2023
SAMPLE HOSPITAL 2068,102067,MA,READM-30-AMI-HRRP,3045,,0.9164,0.1118,0.122,340,07/01/2020,06/30/2023
SAMPLE HOSPITAL 2068,102067,MA,READM-30-CABG-HRRP,127,,1.0009,0.1515,0.1514,19,07/01/2020,06/30/2023
SAMPLE HOSPITAL 2069,102068,AR,READM-30-PN-HRRP,139,,1.0839,0.1379,0.1272,19,07/01/2020,06/30/2023
SAMPLE HOSPITAL 2069,102068,AR,READM-30-CABG-HRRP,102,,0.9683,0.1284,0.1326,13,07/01/2020,06/30/2023
SAMPLE HOSPITAL 2069,102068,AR,READM-30-COPD-HRRP,177,,1.1276,0.1799,0.1595,32,07/01/2020,06/30/2023
SAMPLE HOSPITAL 2069,102068,AR,READM-30-HIP-KNEE-HRRP,64,,0.9073,0.1237,0.1363,8,07/01/2020,06/30/2023
SAMPLE HOSPITAL 2069,102068,AR,READM-30-HF-HRRP,96,,1.0919,0.2765,0.2532,27,07/01/2020,06/30/2023
SAMPLE HOSPITAL 2070,102069,AK,READM-30-CABG-HRRP,216,,0.9437,0.1954,0.2071,42,07/01/2020,06/30/2023
SAMPLE HOSPITAL 2070,102069,AK,READM-30-COPD-HRRP,644,,0.9388,0.1699,0.181,109,07/01/2020,06/30/2023
SAMPLE HOSPITAL 2070,102069,AK,READM-30-AMI-HRRP,245,,0.9782,0.1471,0.1504,36,07/01/2020,06/30/2023
SAMPLE HOSPITAL 2070,102069,AK,READM-30-HIP-KNEE-HRRP,82,,1.0856,0.2515,0.2317,21,07/01/2020,06/30/2023
SAMPLE HOSPITAL 2070,102069,AK,READM-30-HF-HRRP,150,,0.8732,0.2035,0.233,31,07/01/2020,06/30/2023
SAMPLE HOSPITAL 2071,102070,KS,READM-30-AMI-HRRP,344,,0.8679,0.1066,0.1228,37,07/01/2020,06/30/2023
SAMPLE HOSPITAL 2071,102070,KS,READM-30-PN-HRRP,665,,0.9373,0.1461,0.1559,97,07/01/2020,06/30/2023
SAMPLE HOSPITAL 2071,102070,KS,READM-30-HIP-KNEE-HRRP,192,,1.0021,0.1786,0.1782,34,07/01/2020,06/30/2023
SAMPLE HOSPITAL 2071,102070,KS,READM-30-CABG-HRRP,280,,0.8826,0.1353,0.1533,38,07/01/2020,06/30/2023
SAMPLE HOSPITAL 2071,102070,KS,READM-30-HF-HRRP,178,,0.937,0.1689,0.1803,30,07/01/2020,06/30/2023
SAMPLE HOSPITAL 2071,102070,KS,READM-30-COPD-HRRP,240,,1.0375,0.2585,0.2492,62,07/01/2020,06/30/2023
SAMPLE HOSPITAL 2072,102071,TX,READM-30-PN-HRRP,100,,0.9275,0.2164,0.2333,22,07/01/2020,06/30/2023
SAMPLE HOSPITAL 2072,102071,TX,READM-30-HIP-KNEE-HRRP,1554,,0.9527,0.228,0.2393,354,07/01/2020,06/30/2023
SAMPLE HOSPITAL 2072,102071,TX,READM-30-HF-HRRP,159,,1.1087,0.2603,0.2348,41,07/01/2020,06/30/2023
SAMPLE HOSPITAL 2072,102071,TX,READM-30-COPD-HRRP,146,,0.9737,0.2141,0.2199,31,07/01/2020,06/30/2023
SAMPLE HOSPITAL 2072,102071,TX,READM-30-CABG-HRRP,Too Few to Report,1,Too Few to Report,,,,07/01/2020,06/30/2023
SAMPLE HOSPITAL 2073,102072,IN,READM-30-HIP-KNEE-HRRP,143,,1.0204,0.1875,0.1838,27,07/01/2020,06/30/2023
SAMPLE HOSPITAL 2073,102072,IN,READM-30-PN-HRRP,46,,0.9146,0.2047,0.2238,9,07/01/2020,06/30/2023
SAMPLE HOSPITAL 2073,102072,IN,READM-30-CABG-HRRP,630,,0.9263,0.2297,0.248,145,07/01/2020,06/30/2023
SAMPLE HOSPITAL 2073,102072,IN,READM-30-COPD-HRRP,37,,0.9915,0.1664,0.1678,6,07/01/2020,06/30/2023
SAMPLE HOSPITAL 2073,102072,IN,READM-30-AMI-HRRP,82,,1.0134,0.1832,0.1808,15,07/01/2020,06/30/2023
SAMPLE HOSPITAL 2074,102073,AK,READM-30-AMI-HRRP,109,,0.9065,0.2328,0.2568,25,07/01/2020,06/30/2023
SAMPLE HOSPITAL 2074,102073,AK,READM-30-PN-HRRP,299,,0.965,0.1817,0.1883,54,07/01/2020,06/30/2023
SAMPLE HOSPITAL 2074,102073,AK,READM-30-HIP-KNEE-HRRP,224,,1.0461,0.1439,0.1376,32,07/01/2020,06/30/2023
SAMPLE HOSPITAL 2074,102073,AK,READM-30-CABG-HRRP,107,,1.0336,0.1742,0.1685,19,07/01/2020,06/30/2023
SAMPLE HOSPITAL 2074,102073,AK,READM-30-HF-HRRP,111,,1.078,0.2194,0.2035,24,07/01/2020,06/30/2023
SAMPLE HOSPITAL 2075,102074,RI,READM-30-AMI-HRRP,437,,1.0375,0.2062,0.1987,90,07/01/2020,06/30/2023
SAMPLE HOSPITAL 2075,102074,RI,READM-30-CABG-HRRP,122,,1.0531,0.1622,0.154,20,07/01/2020,06/30/2023
SAMPLE HOSPITAL 2075,102074,RI,READM-30-HF-HRRP,368,,0.9189,0.119,0.1295,44,07/01/2020,06/30/2023
SAMPLE HOSPITAL 2075,102074,RI,READM-30-HIP-KNEE-HRRP,191,,1.0926,0.2044,0.1871,39,07/01/2020,06/30/2023
SAMPLE HOSPITAL 2076,102075,IA,READM-30-CABG-HRRP,225,,1.0163,0.1793,0.1764,40,07/01/2020,06/30/2023
SAMPLE HOSPITAL 2076,102075,IA,READM-30-AMI-HRRP,110,,0.9606,0.1534,0.1597,17,07/01/2020,06/30/2023
SAMPLE HOSPITAL 2076,102075,IA,READM-30-HIP-KNEE-HRRP,260,,0.9942,0.1702,0.1712,44,07/01/2020,06/30/2023
SAMPLE HOSPITAL 2076,102075,IA,READM-30-COPD-HRRP,77,,1.0227,0.2361,0.2309,18,07/01/2020,06/30/2023
SAMPLE HOSPITAL 2077,102076,KS,READM-30-HIP-KNEE-HRRP,60,,1.0196,0.1463,0.1435,9,07/01/2020,06/30/2023
SAMPLE HOSPITAL 2077,102076,KS,READM-30-COPD-HRRP,139,,1.0313,0.1613,0.1564,22,07/01/2020,06/30/2023
SAMPLE HOSPITAL 2077,102076,KS,READM-30-PN-HRRP,241,,1.0271,0.1382,0.1346,33,07/01/2020,06/30/2023
SAMPLE HOSPITAL 2077,102076,KS,READM-30-AMI-HRRP,666,,0.9987,0.2218,0.2221,148,07/01/2020,06/30/2023
SAMPLE HOSPITAL 2077,102076,KS,READM-30-CABG-HRRP,492,,1.0852,0.1835,0.1691,90,07/01/2020,06/30/2023
SAMPLE HOSPITAL 2077,102076,KS,READM-30-HF-HRRP,32,,1.0822,0.2269,0.2097,7,07/01/2020,06/30/2023
SAMPLE HOSPITAL 2078,102077,GA,READM-30-AMI-HRRP,34,,0.926,0.2037,0.22,7,07/01/2020,06/30/2023
SAMPLE HOSPITAL 2078,102077,GA,READM-30-HIP-KNEE-HRRP,61,,0.9454,0.1671,0.1767,10,07/01/2020,06/30/2023
SAMPLE HOSPITAL 2078,102077,GA,READM-30-CABG-HRRP,51,,1.0029,0.1264,0.126,6,07/01/2020,06/30/2023
SAMPLE HOSPITAL 2078,102077,GA,READM-30-COPD-HRRP,167,,0.9452,0.1755,0.1857,29,07/01/2020,06/30/2023
SAMPLE HOSPITAL 2078,102077,GA,READM-30-PN-HRRP,71,,0.9519,0.1189,0.1249,8,07/01/2020,06/30/2023
SAMPLE HOSPITAL 2079,102078,SD,READM-30-AMI-HRRP,1678,,1.0036,0.1739,0.1733,292,07/01/2020,06/30/2023
SAMPLE HOSPITAL 2079,102078,SD,READM-30-CABG-HRRP,326,,1.0953,0.1701,0.1553,55,07/01/2020,06/30/2023
SAMPLE HOSPITAL 2079,102078,SD,READM-30-PN-HRRP,235,,1.0662,0.2629,0.2466,62,07/01/2020,06/30/2023
SAMPLE HOSPITAL 2079,102078,SD,READM-30-COPD-HRRP,227,,1.0264,0.2439,0.2376,55,07/01/2020,06/30/2023
SAMPLE HOSPITAL 2080,102079,NY,READM-30-PN-HRRP,78,,0.8171,0.1184,0.1449,9,07/01/2020,06/30/2023
SAMPLE HOSPITAL 2080,102079,NY,READM-30-CABG-HRRP,87,,1.0366,0.2289,0.2208,20,07/01/2020,06/30/2023
SAMPLE HOSPITAL 2080,102079,NY,READM-30-AMI-HRRP,265,,0.993,0.255,0.2568,68,07/01/2020,06/30/2023
SAMPLE HOSPITAL 2080,102079,NY,READM-30-COPD-HRRP,1440,,0.9942,0.1674,0.1684,241,07/01/2020,06/30/2023
SAMPLE HOSPITAL 2080,102079,NY,READM-30-HIP-KNEE-HRRP,330,,0.9748,0.248,0.2544,82,07/01/2020,06/30/2023
SAMPLE HOSPITAL 2080,102079,NY,READM-30-HF-HRRP,138,,0.9238,0.124,0.1342,17,07/01/2020,06/30/2023
SAMPLE HOSPITAL 2081,102080,FL,READM-30-COPD-HRRP,3273,,0.9236,0.1856,0.2009,607,07/01/2020,06/30/2023
SAMPLE HOSPITAL 2081,102080,FL,READM-30-HF-HRRP,48,,1.0206,0.1751,0.1716,8,07/01/2020,06/30/2023
SAMPLE HOSPITAL 2081,102080,FL,READM-30-HIP-KNEE-HRRP,209,,0.991,0.1879,0.1896,39,07/01/2020,06/30/2023
SAMPLE HOSPITAL 2081,102080,FL,READM-30-CABG-HRRP,246,,1.0073,0.198,0.1966,49,07/01/2020,06/30/2023
SAMPLE HOSPITAL 2081,102080,FL,READM-30-PN-HRRP,1173,,1.0243,0.2069,0.202,243,07/01/2020,06/30/2023
SAMPLE HOSPITAL 2081,102080,FL,READM-30-AMI-HRRP,1955,,1.0103,0.1892,0.1873,370,07/01/2020,06/30/2023
SAMPLE HOSPITAL 2082,102081,AR,READM-30-PN-HRRP,179,,0.9061,0.1326,0.1463,24,07/01/2020,06/30/2023
SAMPLE HOSPITAL 2082,102081,AR,READM-30-COPD-HRRP,251,,0.9647,0.1817,0.1884,46,07/01/2020,06/30/2023
SAMPLE HOSPITAL 2082,102081,AR,READM-30-AMI-HRRP,Too Few to Report,1,Too Few to Report,,,,07/01/2020,06/30/2023
SAMPLE HOSPITAL 2082,102081,AR,READM-30-CABG-HRRP,314,,1.0471,0.1936,0.1849,61,07/01/2020,06/30/2023
SAMPLE HOSPITAL 2082,102081,AR,READM-30-HIP-KNEE-HRRP,71,,1.0052,0.1298,0.1291,9,07/01/2020,06/30/2023
SAMPLE HOSPITAL 2082,102081,AR,READM-30-HF-HRRP,185,,1.0978,0.2084,0.1898,39,07/01/2020,06/30/2023
SAMPLE HOSPITAL 2083,102082,TN,READM-30-HF-HRRP,336,,0.9469,0.1488,0.1571,50,07/01/2020,06/30/2023
SAMPLE HOSPITAL 2083,102082,TN,READM-30-AMI-HRRP,480,,0.8598,0.1651,0.192,79,07/01/2020,06/30/2023
SAMPLE HOSPITAL 2083,102082,TN,READM-30-PN-HRRP,120,,0.9931,0.2497,0.2514,30,07/01/2020,06/30/2023
SAMPLE HOSPITAL 2083,102082,TN,READM-30-COPD-HRRP,102,,0.9817,0.2337,0.2381,24,07/01/2020,06/30/2023
SAMPLE HOSPITAL 2084,102083,HI,READM-30-CABG-HRRP,93,,0.9681,0.2407,0.2486,22,07/01/2020,06/30/2023
SAMPLE HOSPITAL 2084,102083,HI,READM-30-COPD-HRRP,214,,0.9721,0.1318,0.1356,28,07/01/2020,06/30/2023
SAMPLE HOSPITAL 2084,102083,HI,READM-30-HIP-KNEE-HRRP,142,,1.1519,0.2631,0.2284,37,07/01/2020,06/30/2023
SAMPLE HOSPITAL 2084,102083,HI,READM-30-PN-HRRP,160,,1.049,0.1426,0.1359,23,07/01/2020,06/30/2023
SAMPLE HOSPITAL 2084,102083,HI,READM-30-AMI-HRRP,217,,1.0715,0.1841,0.1718,40,07/01/2020,06/30/2023
SAMPLE HOSPITAL 2084,102083,HI,READM-30-HF-HRRP,69,,0.987,0.1681,0.1703,12,07/01/2020,06/30/2023
SAMPLE HOSPITAL 2085,102084,WI,READM-30-PN-HRRP,311,,0.9553,0.2124,0.2223,66,07/01/2020,06/30/2023
SAMPLE HOSPITAL 2085,102084,WI,READM-30-COPD-HRRP,162,,0.9163,0.1451,0.1584,24,07/01/2020,06/30/2023
SAMPLE HOSPITAL 2085,102084,WI,READM-30-CABG-HRRP,149,,1.0113,0.1716,0.1697,26,07/01/2020,06/30/2023
SAMPLE HOSPITAL 2086,102085,AZ,READM-30-CABG-HRRP,429,,0.9807,0.1519,0.1549,65,07/01/2020,06/30/2023
SAMPLE HOSPITAL 2086,102085,AZ,READM-30-HIP-KNEE-HRRP,239,,1.0115,0.2369,0.2342,57,07/01/2020,06/30/2023
SAMPLE HOSPITAL 2086,102085,AZ,READM-30-PN-HRRP,26,,1.0038,0.1942,0.1935,5,07/01/2020,06/30/2023
SAMPLE HOSPITAL 2086,102085,AZ,READM-30-AMI-HRRP,344,,1.1037,0.2608,0.2363,90,07/01/2020,06/30/2023
SAMPLE HOSPITAL 2087,102086,KY,READM-30-AMI-HRRP,65,,1.0383,0.1812,0.1745,12,07/01/2020,06/30/2023
SAMPLE HOSPITAL 2087,102086,KY,READM-30-COPD-HRRP,148,,1.0655,0.1729,0.1623,26,07/01/2020,06/30/2023
SAMPLE HOSPITAL 2087,102086,KY,READM-30-HF-HRRP,242,,0.8565,0.1167,0.1362,28,07/01/2020,06/30/2023
SAMPLE HOSPITAL 2087,102086,KY,READM-30-CABG-HRRP,246,,1.0055,0.1993,0.1982,49,07/01/2020,06/30/2023
SAMPLE HOSPITAL 2088,102087,VT,READM-30-HIP-KNEE-HRRP,398,,1.0551,0.2641,0.2503,105,07/01/2020,06/30/2023
SAMPLE HOSPITAL 2088,102087,VT,READM-30-AMI-HRRP,217,,0.9646,0.2427,0.2516,53,07/01/2020,06/30/2023
SAMPLE HOSPITAL 2088,102087,VT,READM-30-CABG-HRRP,239,,0.9795,0.1782,0.1819,43,07/01/2020,06/30/2023
SAMPLE HOSPITAL 2088,102087,VT,READM-30-HF-HRRP,343,,0.939,0.2204,0.2347,76,07/01/2020,06/30/2023
SAMPLE HOSPITAL 2089,102088,MN,READM-30-CABG-HRRP,51,,0.9884,0.1635,0.1654,8,07/01/2020,06/30/2023
SAMPLE HOSPITAL 2089,102088,MN,READM-30-PN-HRRP,262,,1.1112,0.136,0.1224,36,07/01/2020,06/30/2023
SAMPLE HOSPITAL 2089,102088,MN,READM-30-COPD-HRRP,327,,1.1175,0.2032,0.1818,66,07/01/2020,06/30/2023
SAMPLE HOSPITAL 2090,102089,GA,READM-30-CABG-HRRP,335,,1.0635,0.2178,0.2048,73,07/01/2020,06/30/2023
SAMPLE HOSPITAL 2090,102089,GA,READM-30-HIP-KNEE-HRRP,246,,0.97,0.2147,0.2213,53,07/01/2020,06/30/2023
SAMPLE HOSPITAL 2090,102089,GA,READM-30-COPD-HRRP,171,,1.0025,0.1273,0.127,22,07/01/2020,06/30/2023
SAMPLE HOSPITAL 2090,102089,GA,READM-30-PN-HRRP,84,,1.0439,0.1463,0.1401,12,07/01/2020,06/30/2023
SAMPLE HOSPITAL 2091,102090,NE,READM-30-PN-HRRP,98,,1.0427,0.2156,0.2068,21,07/01/2020,06/30/2023
SAMPLE HOSPITAL 2091,102090,NE,READM-30-HIP-KNEE-HRRP,207,,0.9013,0.1668,0.1851,35,07/01/2020,06/30/2023
SAMPLE HOSPITAL 2091,102090,NE,READM-30-CABG-HRRP,539,,0.9758,0.1219,0.1249,66,07/01/2020,06/30/2023
SAMPLE HOSPITAL 2092,102091,FL,READM-30-HIP-KNEE-HRRP,2323,,0.9402,0.2431,0.2586,565,07/01/2020,06/30/2023
SAMPLE HOSPITAL 2092,102091,FL,READM-30-CABG-HRRP,511,,0.994,0.1487,0.1496,76,07/01/2020,06/30/2023
SAMPLE HOSPITAL 2092,102091,FL,READM-30-AMI-HRRP,467,,1.0184,0.1628,0.1599,76,07/01/2020,06/30/2023
SAMPLE HOSPITAL 2092,102091,FL,READM-30-COPD-HRRP,245,,1.0035,0.2013,0.2006,49,07/01/2020,06/30/2023
SAMPLE HOSPITAL 2093,102092,CA,READM-30-HIP-KNEE-HRRP,335,,1.0128,0.22,0.2172,74,07/01/2020,06/30/2023
SAMPLE HOSPITAL 2093,102092,CA,READM-30-PN-HRRP,137,,1.0316,0.1878,0.182,26,07/01/2020,06/30/2023
SAMPLE HOSPITAL 2093,102092,CA,READM-30-COPD-HRRP,244,,0.9668,0.2174,0.2249,53,07/01/2020,06/30/2023
SAMPLE HOSPITAL 2093,102092,CA,READM-30-HF-HRRP,48,,0.9644,0.2132,0.2211,10,07/01/2020,06/30/2023
SAMPLE HOSPITAL 2093,102092,CA,READM-30-AMI-HRRP,923,,0.9886,0.1896,0.1918,175,07/01/2020,06/30/2023
SAMPLE HOSPITAL 2093,102092,CA,READM-30-CABG-HRRP,72,,1.05,0.194,0.1848,14,07/01/2020,06/30/2023
SAMPLE HOSPITAL 2094,102093,ND,READM-30-HIP-KNEE-HRRP,141,,1.0415,0.1797,0.1725,25,07/01/2020,06/30/2023
SAMPLE HOSPITAL 2094,102093,ND,READM-30-CABG-HRRP,109,,1.039,0.2303,0.2217,25,07/01/2020,06/30/2023
SAMPLE HOSPITAL 2094,102093,ND,READM-30-HF-HRRP,742,,0.9327,0.1798,0.1928,133,07/01/2020,06/30/2023
SAMPLE HOSPITAL 2095,102094,OR,READM-30-COPD-HRRP,1593,,0.9979,0.224,0.2245,357,07/01/2020,06/30/2023
SAMPLE HOSPITAL 2095,102094,OR,READM-30-HF-HRRP,192,,0.8898,0.2006,0.2254,39,07/01/2020,06/30/2023
SAMPLE HOSPITAL 2095,102094,OR,READM-30-PN-HRRP,172,,1.0711,0.1417,0.1323,24,07/01/2020,06/30/2023
SAMPLE HOSPITAL 2095,102094,OR,READM-30-HIP-KNEE-HRRP,452,,0.9844,0.1406,0.1428,64,07/01/2020,06/30/2023
SAMPLE HOSPITAL 2096,102095,DE,READM-30-CABG-HRRP,412,,1.0293,0.1421,0.1381,59,07/01/2020,06/30/2023
SAMPLE HOSPITAL 2096,102095,DE,READM-30-AMI-HRRP,526,,1.1183,0.2829,0.253,149,07/01/2020,06/30/2023
SAMPLE HOSPITAL 2096,102095,DE,READM-30-HF-HRRP,113,,0.974,0.2293,0.2354,26,07/01/2020,06/30/2023
SAMPLE HOSPITAL 2096,102095,DE,READM-30-PN-HRRP,44,,0.9386,0.1391,0.1482,6,07/01/2020,06/30/2023
SAMPLE HOSPITAL 2096,102095,DE,READM-30-HIP-KNEE-HRRP,156,,0.9952,0.2272,0.2283,35,07/01/2020,06/30/2023
SAMPLE HOSPITAL 2096,102095,DE,READM-30-COPD-HRRP,439,,1.0175,0.1331,0.1308,58,07/01/2020,06/30/2023
SAMPLE HOSPITAL 2097,102096,VA,READM-30-CABG-HRRP,169,,1.0615,0.2629,0.2477,44,07/01/2020,06/30/2023
SAMPLE HOSPITAL 2097,102096,VA,READM-30-HIP-KNEE-HRRP,153,,1.0352,0.1618,0.1563,25,07/01/2020,06/30/2023
SAMPLE HOSPITAL 2097,102096,VA,READM-30-HF-HRRP,277,,1.1391,0.1473,0.1293,41,07/01/2020,06/30/2023
SAMPLE HOSPITAL 2097,102096,VA,READM-30-COPD-HRRP,175,,0.9328,0.2187,0.2345,38,07/01/2020,06/30/2023
SAMPLE HOSPITAL 2098,102097,MT,READM-30-HIP-KNEE-HRRP,137,,1.057,0.198,0.1873,27,07/01/2020,06/30/2023
SAMPLE HOSPITAL 2098,102097,MT,READM-30-CABG-HRRP,104,,1.1059,0.2754,0.249,29,07/01/2020,06/30/2023
SAMPLE HOSPITAL 2098,102097,MT,READM-30-PN-HRRP,248,,0.9475,0.2286,0.2413,57,07/01/2020,06/30/2023
SAMPLE HOSPITAL 2099,102098,NM,READM-30-COPD-HRRP,39,,1.0144,0.2549,0.2513,10,07/01/2020,06/30/2023
SAMPLE HOSPITAL 2099,102098,NM,READM-30-HIP-KNEE-HRRP,197,,1.0591,0.2033,0.192,40,07/01/2020,06/30/2023
SAMPLE HOSPITAL 2099,102098,NM,READM-30-PN-HRRP,390,,0.9697,0.1348,0.139,53,07/01/2020,06/30/2023
SAMPLE HOSPITAL 2099,102098,NM,READM-30-CABG-HRRP,146,,0.9699,0.1924,0.1984,28,07/01/2020,06/30/2023
SAMPLE HOSPITAL 2099,102098,NM,READM-30-AMI-HRRP,188,,0.9927,0.2463,0.2481,46,07/01/2020,06/30/2023
SAMPLE HOSPITAL 2099,102098,NM,READM-30-HF-HRRP,68,,0.9629,0.1208,0.1255,8,07/01/2020,06/30/2023
SAMPLE HOSPITAL 2100,102099,IN,READM-30-PN-HRRP,Too Few to Report,1,Too Few to Report,,,,07/01/2020,06/30/2023
SAMPLE HOSPITAL 2100,102099,IN,READM-30-HF-HRRP,112,,1.0653,0.2365,0.222,26,07/01/2020,06/30/2023
SAMPLE HOSPITAL 2100,102099,IN,READM-30-CABG-HRRP,471,,0.954,0.1912,0.2004,90,07/01/2020,06/30/2023
SAMPLE HOSPITAL 2100,102099,IN,READM-30-HIP-KNEE-HRRP,128,,0.9189,0.2236,0.2433,29,07/01/2020,06/30/2023
SAMPLE HOSPITAL 2100,102099,IN,READM-30-COPD-HRRP,354,,1.0017,0.1777,0.1774,63,07/01/2020,06/30/2023
SAMPLE HOSPITAL 2100,102099,IN,READM-30-AMI-HRRP,100,,0.9298,0.1518,0.1633,15,07/01/2020,06/30/2023
SAMPLE HOSPITAL 2101,102100,MT,READM-30-HIP-KNEE-HRRP,240,,1.0217,0.2505,0.2452,60,07/01/2020,06/30/2023
SAMPLE HOSPITAL 2101,102100,MT,READM-30-AMI-HRRP,201,,1.0313,0.1575,0.1527,32,07/01/2020,06/30/2023
SAMPLE HOSPITAL 2101,102100,MT,READM-30-PN-HRRP,32,,0.9019,0.2097,0.2325,7,07/01/2020,06/30/2023
SAMPLE HOSPITAL 2102,102101,IA,READM-30-COPD-HRRP,150,,0.9874,0.1686,0.1708,25,07/01/2020,06/30/2023
SAMPLE HOSPITAL 2102,102101,IA,READM-30-HF-HRRP,40,,0.9057,0.1607,0.1774,6,07/01/2020,06/30/2023
SAMPLE HOSPITAL 2102,102101,IA,READM-30-HIP-KNEE-HRRP,347,,0.9743,0.1699,0.1744,59,07/01/2020,06/30/2023
SAMPLE HOSPITAL 2102,102101,IA,READM-30-AMI-HRRP,445,,0.9269,0.1575,0.1699,70,07/01/2020,06/30/2023
SAMPLE HOSPITAL 2102,102101,IA,READM-30-CABG-HRRP,91,,1.0637,0.2183,0.2052,20,07/01/2020,06/30/2023
SAMPLE HOSPITAL 2102,102101,IA,READM-30-PN-HRRP,116,,0.9611,0.1641,0.1707,19,07/01/2020,06/30/2023
SAMPLE HOSPITAL 2103,102102,VT,READM-30-PN-HRRP,42,,1.0452,0.1893,0.1811,8,07/01/2020,06/30/2023
SAMPLE HOSPITAL 2103,102102,VT,READM-30-AMI-HRRP,35,,1.0286,0.207,0.2012,7,07/01/2020,06/30/2023
SAMPLE HOSPITAL 2103,102102,VT,READM-30-HIP-KNEE-HRRP,550,,0.9965,0.1327,0.1332,73,07/01/2020,06/30/2023
SAMPLE HOSPITAL 2103,102102,VT,READM-30-HF-HRRP,152,,0.9899,0.2383,0.2407,36,07/01/2020,06/30/2023
SAMPLE HOSPITAL 2103,102102,VT,READM-30-COPD-HRRP,172,,1.0589,0.2394,0.2261,41,07/01/2020,06/30/2023
SAMPLE HOSPITAL 2103,102102,VT,READM-30-CABG-HRRP,1008,,0.941,0.1666,0.177,168,07/01/2020,06/30/2023
SAMPLE HOSPITAL 2104,102103,RI,READM-30-COPD-HRRP,319,,1.0391,0.1765,0.1699,56,07/01/2020,06/30/2023
SAMPLE HOSPITAL 2104,102103,RI,READM-30-HF-HRRP,Too Few to Report,1,Too Few to Report,,,,07/01/2020,06/30/2023
SAMPLE HOSPITAL 2104,102103,RI,READM-30-CABG-HRRP,110,,0.9386,0.202,0.2152,22,07/01/2020,06/30/2023
SAMPLE HOSPITAL 2104,102103,RI,READM-30-AMI-HRRP,609,,0.9936,0.1605,0.1615,98,07/01/2020,06/30/2023
SAMPLE HOSPITAL 2105,102104,MO,READM-30-AMI-HRRP,73,,1.0778,0.2399,0.2226,18,07/01/2020,06/30/2023
SAMPLE HOSPITAL 2105,102104,MO,READM-30-CABG-HRRP,45,,0.9922,0.2473,0.2492,11,07/01/2020,06/30/2023
SAMPLE HOSPITAL 2105,102104,MO,READM-30-PN-HRRP,183,,0.9745,0.1306,0.134,24,07/01/2020,06/30/2023
SAMPLE HOSPITAL 2105,102104,MO,READM-30-COPD-HRRP,393,,0.9984,0.2049,0.2052,81,07/01/2020,06/30/2023
SAMPLE HOSPITAL 2105,102104,MO,READM-30-HIP-KNEE-HRRP,693,,1.0619,0.2644,0.249,183,07/01/2020,06/30/2023
SAMPLE HOSPITAL 2106,102105,ME,READM-30-COPD-HRRP,176,,1.0838,0.2375,0.2191,42,07/01/2020,06/30/2023
SAMPLE HOSPITAL 2106,102105,ME,READM-30-AMI-HRRP,31,,0.9458,0.2142,0.2265,7,07/01/2020,06/30/2023
SAMPLE HOSPITAL 2106,102105,ME,READM-30-CABG-HRRP,78,,0.9211,0.18,0.1954,14,07/01/2020,06/30/2023
SAMPLE HOSPITAL 2106,102105,ME,READM-30-HF-HRRP,94,,0.8902,0.2213,0.2486,21,07/01/2020,06/30/2023
SAMPLE HOSPITAL 2106,102105,ME,READM-30-HIP-KNEE-HRRP,184,,0.9719,0.2505,0.2577,46,07/01/2020,06/30/2023
SAMPLE HOSPITAL 2106,102105,ME,READM-30-PN-HRRP,57,,0.9746,0.1763,0.1809,10,07/01/2020,06/30/2023
SAMPLE HOSPITAL 2107,102106,NJ,READM-30-AMI-HRRP,34,,1.0639,0.1814,0.1705,6,07/01/2020,06/30/2023
SAMPLE HOSPITAL 2107,102106,NJ,READM-30-CABG-HRRP,192,,0.9508,0.1547,0.1627,30,07/01/2020,06/30/2023
SAMPLE HOSPITAL 2107,102106,NJ,READM-30-HIP-KNEE-HRRP,144,,1.0475,0.2116,0.202,30,07/01/2020,06/30/2023
SAMPLE HOSPITAL 2107,102106,NJ,READM-30-PN-HRRP,443,,0.9651,0.2123,0.22,94,07/01/2020,06/30/2023
SAMPLE HOSPITAL 2107,102106,NJ,READM-30-COPD-HRRP,71,,1.0399,0.1892,0.1819,13,07/01/2020,06/30/2023
SAMPLE HOSPITAL 2108,102107,NH,READM-30-HF-HRRP,108,,1.0283,0.1446,0.1406,16,07/01/2020,06/30/2023
SAMPLE HOSPITAL 2108,102107,NH,READM-30-COPD-HRRP,662,,0.8808,0.1735,0.197,115,07/01/2020,06/30/2023
SAMPLE HOSPITAL 2108,102107,NH,READM-30-CABG-HRRP,1728,,1.0214,0.1593,0.156,275,07/01/2020,06/30/2023
SAMPLE HOSPITAL 2109,102108,CO,READM-30-CABG-HRRP,90,,0.9483,0.2014,0.2124,18,07/01/2020,06/30/2023
SAMPLE HOSPITAL 2109,102108,CO,READM-30-HIP-KNEE-HRRP,28,,0.9881,0.2424,0.2453,7,07/01/2020,06/30/2023
SAMPLE HOSPITAL 2109,102108,CO,READM-30-HF-HRRP,776,,0.9873,0.1812,0.1835,141,07/01/2020,06/30/2023
SAMPLE HOSPITAL 2109,102108,CO,READM-30-COPD-HRRP,169,,1.0298,0.2636,0.256,45,07/01/2020,06/30/2023
SAMPLE HOSPITAL 2110,102109,NC,READM-30-AMI-HRRP,240,,0.9609,0.184,0.1915,44,07/01/2020,06/30/2023
SAMPLE HOSPITAL 2110,102109,NC,READM-30-HF-HRRP,81,,0.9242,0.2335,0.2526,19,07/01/2020,06/30/2023
SAMPLE HOSPITAL 2110,102109,NC,READM-30-COPD-HRRP,153,,0.9971,0.2204,0.221,34,07/01/2020,06/30/2023
SAMPLE HOSPITAL 2110,102109,NC,READM-30-CABG-HRRP,75,,0.9633,0.206,0.2139,15,07/01/2020,06/30/2023
SAMPLE HOSPITAL 2110,102109,NC,READM-30-PN-HRRP,262,,1.0189,0.2469,0.2423,65,07/01/2020,06/30/2023
SAMPLE HOSPITAL 2111,102110,AZ,READM-30-PN-HRRP,158,,0.9911,0.1478,0.1491,23,07/01/2020,06/30/2023
SAMPLE HOSPITAL 2111,102110,AZ,READM-30-HIP-KNEE-HRRP,336,,1.0136,0.2276,0.2245,76,07/01/2020,06/30/2023
SAMPLE HOSPITAL 2111,102110,AZ,READM-30-AMI-HRRP,69,,1.0724,0.2398,0.2236,17,07/01/2020,06/30/2023
SAMPLE HOSPITAL 2111,102110,AZ,READM-30-CABG-HRRP,133,,1.0366,0.1356,0.1308,18,07/01/2020,06/30/2023
SAMPLE HOSPITAL 2111,102110,AZ,READM-30-HF-HRRP,164,,0.9819,0.1342,0.1367,22,07/01/2020,06/30/2023
SAMPLE HOSPITAL 2112,102111,KY,READM-30-AMI-HRRP,282,,0.9574,0.1234,0.1289,35,07/01/2020,06/30/2023
SAMPLE HOSPITAL 2112,102111,KY,READM-30-CABG-HRRP,Too Few to Report,1,Too Few to Report,,,,07/01/2020,06/30/2023
SAMPLE HOSPITAL 2112,102111,KY,READM-30-HIP-KNEE-HRRP,222,,0.9335,0.2097,0.2246,47,07/01/2020,06/30/2023
SAMPLE HOSPITAL 2112,102111,KY,READM-30-PN-HRRP,131,,1.0462,0.2144,0.2049,28,07/01/2020,06/30/2023
SAMPLE HOSPITAL 2113,102112,WV,READM-30-AMI-HRRP,76,,0.9313,0.1407,0.1511,11,07/01/2020,06/30/2023
SAMPLE HOSPITAL 2113,102112,WV,READM-30-CABG-HRRP,204,,1.0063,0.15,0.1491,31,07/01/2020,06/30/2023
SAMPLE HOSPITAL 2113,102112,WV,READM-30-HIP-KNEE-HRRP,583,,0.9904,0.1893,0.1911,110,07/01/2020,06/30/2023
SAMPLE HOSPITAL 2113,102112,WV,READM-30-COPD-HRRP,105,,0.8918,0.2166,0.2429,23,07/01/2020,06/30/2023
SAMPLE HOSPITAL 2114,102113,AZ,READM-30-CABG-HRRP,1895,,0.9392,0.1887,0.2009,358,07/01/2020,06/30/2023
SAMPLE HOSPITAL 2114,102113,AZ,READM-30-AMI-HRRP,216,,0.9659,0.1909,0.1976,41,07/01/2020,06/30/2023
SAMPLE HOSPITAL 2114,102113,AZ,READM-30-COPD-HRRP,252,,0.9802,0.1886,0.1924,48,07/01/2020,06/30/2023
SAMPLE HOSPITAL 2114,102113,AZ,READM-30-HIP-KNEE-HRRP,691,,1.0833,0.2796,0.2581,193,07/01/2020,06/30/2023
SAMPLE HOSPITAL 2115,102114,ME,READM-30-AMI-HRRP,138,,0.8695,0.1076,0.1237,15,07/01/2020,06/30/2023
SAMPLE HOSPITAL 2115,102114,ME,READM-30-HIP-KNEE-HRRP,536,,1.0132,0.1356,0.1338,73,07/01/2020,06/30/2023
SAMPLE HOSPITAL 2115,102114,ME,READM-30-COPD-HRRP,183,,1.0475,0.1485,0.1418,27,07/01/2020,06/30/2023
SAMPLE HOSPITAL 2115,102114,ME,READM-30-PN-HRRP,40,,0.9106,0.2209,0.2426,9,07/01/2020,06/30/2023
SAMPLE HOSPITAL 2116,102115,TX,READM-30-COPD-HRRP,229,,0.847,0.1095,0.1293,25,07/01/2020,06/30/2023
SAMPLE HOSPITAL 2116,102115,TX,READM-30-AMI-HRRP,922,,0.9565,0.2325,0.2431,214,07/01/2020,06/30/2023
SAMPLE HOSPITAL 2116,102115,TX,READM-30-PN-HRRP,179,,1.0173,0.2517,0.2474,45,07/01/2020,06/30/2023
SAMPLE HOSPITAL 2117,102116,WV,READM-30-AMI-HRRP,220,,1.069,0.2424,0.2268,53,07/01/2020,06/30/2023
SAMPLE HOSPITAL 2117,102116,WV,READM-30-COPD-HRRP,307,,0.9975,0.2466,0.2472,76,07/01/2020,06/30/2023
SAMPLE HOSPITAL 2117,102116,WV,READM-30-HIP-KNEE-HRRP,465,,0.9414,0.1845,0.196,86,07/01/2020,06/30/2023
SAMPLE HOSPITAL 2117,102116,WV,READM-30-CABG-HRRP,57,,1.0076,0.1875,0.1861,11,07/01/2020,06/30/2023
SAMPLE HOSPITAL 2117,102116,WV,READM-30-HF-HRRP,273,,1.0323,0.1377,0.1334,38,07/01/2020,06/30/2023
SAMPLE HOSPITAL 2117,102116,WV,READM-30-PN-HRRP,31,,1.0166,0.178,0.1751,6,07/01/2020,06/30/2023
SAMPLE HOSPITAL 2118,102117,SD,READM-30-HIP-KNEE-HRRP,140,,0.9743,0.1279,0.1313,18,07/01/2020,06/30/2023
SAMPLE HOSPITAL 2118,102117,SD,READM-30-HF-HRRP,65,,1.1065,0.2454,0.2218,16,07/01/2020,06/30/2023
SAMPLE HOSPITAL 2118,102117,SD,READM-30-AMI-HRRP,114,,0.9878,0.2213,0.224,25,07/01/2020,06/30/2023
SAMPLE HOSPITAL 2119,102118,FL,READM-30-PN-HRRP,219,,0.9379,0.2026,0.216,44,07/01/2020,06/30/2023
SAMPLE HOSPITAL 2119,102118,FL,READM-30-AMI-HRRP,25,,1.0148,0.1908,0.188,5,07/01/2020,06/30/2023
SAMPLE HOSPITAL 2119,102118,FL,READM-30-HF-HRRP,174,,1.092,0.1397,0.1279,24,07/01/2020,06/30/2023
SAMPLE HOSPITAL 2119,102118,FL,READM-30-HIP-KNEE-HRRP,541,,1.1538,0.1876,0.1626,101,07/01/2020,06/30/2023
SAMPLE HOSPITAL 2119,102118,FL,READM-30-CABG-HRRP,194,,0.9068,0.1824,0.2011,35,07/01/2020,06/30/2023
SAMPLE HOSPITAL 2119,102118,FL,READM-30-COPD-HRRP,225,,0.964,0.1823,0.1891,41,07/01/2020,06/30/2023
SAMPLE HOSPITAL 2120,102119,VT,READM-30-PN-HRRP,330,,1.0038,0.1299,0.1294,43,07/01/2020,06/30/2023
SAMPLE HOSPITAL 2120,102119,VT,READM-30-CABG-HRRP,79,,1.0227,0.1337,0.1307,11,07/01/2020,06/30/2023
SAMPLE HOSPITAL 2120,102119,VT,READM-30-HIP-KNEE-HRRP,274,,0.9749,0.1931,0.1981,53,07/01/2020,06/30/2023
SAMPLE HOSPITAL 2120,102119,VT,READM-30-HF-HRRP,Too Few to Report,1,Too Few to Report,,,,07/01/2020,06/30/2023
SAMPLE HOSPITAL 2122,102121,AL,READM-30-COPD-HRRP,87,,1.0138,0.2137,0.2108,19,07/01/2020,06/30/2023
SAMPLE HOSPITAL 2122,102121,AL,READM-30-HF-HRRP,87,,0.9867,0.2283,0.2314,20,07/01/2020,06/30/2023
SAMPLE HOSPITAL 2122,102121,AL,READM-30-CABG-HRRP,114,,0.9751,0.1833,0.188,21,07/01/2020,06/30/2023
SAMPLE HOSPITAL 2122,102121,AL,READM-30-PN-HRRP,57,,0.9295,0.1699,0.1828,10,07/01/2020,06/30/2023
SAMPLE HOSPITAL 2123,102122,NE,READM-30-COPD-HRRP,202,,0.9358,0.1706,0.1823,34,07/01/2020,06/30/2023
SAMPLE HOSPITAL 2123,102122,NE,READM-30-HF-HRRP,78,,1.0265,0.2605,0.2538,20,07/01/2020,06/30/2023
SAMPLE HOSPITAL 2123,102122,NE,READM-30-PN-HRRP,118,,1.0008,0.1381,0.138,16,07/01/2020,06/30/2023
SAMPLE HOSPITAL 2124,102123,MA,READM-30-AMI-HRRP,341,,0.9606,0.1231,0.1282,42,07/01/2020,06/30/2023
SAMPLE HOSPITAL 2124,102123,MA,READM-30-HF-HRRP,119,,1.0275,0.1467,0.1428,17,07/01/2020,06/30/2023
SAMPLE HOSPITAL 2124,102123,MA,READM-30-PN-HRRP,166,,0.9751,0.1738,0.1782,29,07/01/2020,06/30/2023
SAMPLE HOSPITAL 2124,102123,MA,READM-30-CABG-HRRP,109,,1.0878,0.2582,0.2374,28,07/01/2020,06/30/2023
SAMPLE HOSPITAL 2124,102123,MA,READM-30-COPD-HRRP,203,,1.0354,0.1276,0.1232,26,07/01/2020,06/30/2023
SAMPLE HOSPITAL 2125,102124,ND,READM-30-HF-HRRP,675,,0.9832,0.118,0.12,80,07/01/2020,06/30/2023
SAMPLE HOSPITAL 2125,102124,ND,READM-30-PN-HRRP,126,,1.0112,0.1869,0.1848,24,07/01/2020,06/30/2023
SAMPLE HOSPITAL 2125,102124,ND,READM-30-COPD-HRRP,118,,1.0289,0.1391,0.1352,16,07/01/2020,06/30/2023
SAMPLE HOSPITAL 2125,102124,ND,READM-30-AMI-HRRP,132,,0.9947,0.1404,0.1411,19,07/01/2020,06/30/2023
SAMPLE HOSPITAL 2125,102124,ND,READM-30-HIP-KNEE-HRRP,807,,0.8698,0.1362,0.1566,110,07/01/2020,06/30/2023
SAMPLE HOSPITAL 2125,102124,ND,READM-30-CABG-HRRP,177,,1.0182,0.1617,0.1588,29,07/01/2020,06/30/2023
SAMPLE HOSPITAL 2126,102125,ME,READM-30-PN-HRRP,107,,1.0294,0.251,0.2438,27,07/01/2020,06/30/2023
SAMPLE HOSPITAL 2126,102125,ME,READM-30-CABG-HRRP,42,,1.0228,0.192,0.1877,8,07/01/2020,06/30/2023
SAMPLE HOSPITAL 2126,102125,ME,READM-30-COPD-HRRP,147,,1.0438,0.2629,0.2519,39,07/01/2020,06/30/2023
SAMPLE HOSPITAL 2126,102125,ME,READM-30-HIP-KNEE-HRRP,68,,1.1507,0.1944,0.1689,13,07/01/2020,06/30/2023
SAMPLE HOSPITAL 2126,102125,ME,READM-30-AMI-HRRP,776,,1.162,0.2563,0.2206,199,07/01/2020,06/30/2023
SAMPLE HOSPITAL 2127,102126,WA,READM-30-COPD-HRRP,191,,1.024,0.1851,0.1808,35,07/01/2020,06/30/2023
SAMPLE HOSPITAL 2127,102126,WA,READM-30-HF-HRRP,123,,1.0283,0.2667,0.2594,33,07/01/2020,06/30/2023
SAMPLE HOSPITAL 2127,102126,WA,READM-30-CABG-HRRP,118,,0.9171,0.2038,0.2222,24,07/01/2020,06/30/2023
SAMPLE HOSPITAL 2127,102126,WA,READM-30-PN-HRRP,142,,0.8878,0.224,0.2523,32,07/01/2020,06/30/2023
SAMPLE HOSPITAL 2127,102126,WA,READM-30-AMI-HRRP,279,,0.9504,0.1485,0.1563,41,07/01/2020,06/30/2023
SAMPLE HOSPITAL 2128,102127,OH,READM-30-PN-HRRP,289,,0.8629,0.1896,0.2197,55,07/01/2020,06/30/2023
SAMPLE HOSPITAL 2128,102127,OH,READM-30-CABG-HRRP,75,,0.9507,0.1531,0.161,11,07/01/2020,06/30/2023
SAMPLE HOSPITAL 2128,102127,OH,READM-30-HF-HRRP,135,,0.8647,0.116,0.1342,16,07/01/2020,06/30/2023
SAMPLE HOSPITAL 2129,102128,PA,READM-30-CABG-HRRP,76,,0.9578,0.1961,0.2047,15,07/01/2020,06/30/2023
SAMPLE HOSPITAL 2129,102128,PA,READM-30-HF-HRRP,119,,0.9682,0.2052,0.2119,24,07/01/2020,06/30/2023
SAMPLE HOSPITAL 2129,102128,PA,READM-30-HIP-KNEE-HRRP,292,,1.0158,0.2519,0.248,74,07/01/2020,06/30/2023
SAMPLE HOSPITAL 2130,102129,MI,READM-30-AMI-HRRP,58,,1.0604,0.1334,0.1258,8,07/01/2020,06/30/2023
SAMPLE HOSPITAL 2130,102129,MI,READM-30-COPD-HRRP,1726,,1.0537,0.2557,0.2427,441,07/01/2020,06/30/2023
SAMPLE HOSPITAL 2130,102129,MI,READM-30-HF-HRRP,408,,1.0736,0.2257,0.2102,92,07/01/2020,06/30/2023
SAMPLE HOSPITAL 2130,102129,MI,READM-30-PN-HRRP,164,,1.1016,0.1603,0.1455,26,07/01/2020,06/30/2023
SAMPLE HOSPITAL 2130,102129,MI,READM-30-HIP-KNEE-HRRP,3253,,1.1085,0.1335,0.1204,434,07/01/2020,06/30/2023
SAMPLE HOSPITAL 2130,102129,MI,READM-30-CABG-HRRP,324,,1.0291,0.2178,0.2116,71,07/01/2020,06/30/2023
SAMPLE HOSPITAL 2131,102130,WI,READM-30-CABG-HRRP,258,,0.832,0.1978,0.2377,51,07/01/2020,06/30/2023
SAMPLE HOSPITAL 2131,102130,WI,READM-30-HF-HRRP,258,,0.9607,0.232,0.2415,60,07/01/2020,06/30/2023
SAMPLE HOSPITAL 2131,102130,WI,READM-30-PN-HRRP,75,,0.9599,0.1495,0.1557,11,07/01/2020,06/30/2023
SAMPLE HOSPITAL 2131,102130,WI,READM-30-COPD-HRRP,99,,1.0388,0.1511,0.1455,15,07/01/2020,06/30/2023
SAMPLE HOSPITAL 2131,102130,WI,READM-30-AMI-HRRP,37,,0.965,0.1296,0.1343,5,07/01/2020,06/30/2023
SAMPLE HOSPITAL 2132,102131,UT,READM-30-PN-HRRP,127,,1.0525,0.2405,0.2285,31,07/01/2020,06/30/2023
SAMPLE HOSPITAL 2132,102131,UT,READM-30-COPD-HRRP,191,,0.9802,0.1505,0.1535,29,07/01/2020,06/30/2023
SAMPLE HOSPITAL 2132,102131,UT,READM-30-HIP-KNEE-HRRP,607,,1.028,0.1619,0.1575,98,07/01/2020,06/30/2023
SAMPLE HOSPITAL 2132,102131,UT,READM-30-HF-HRRP,242,,1.0394,0.1336,0.1285,32,07/01/2020,06/30/2023
SAMPLE HOSPITAL 2132,102131,UT,READM-30-CABG-HRRP,41,,1.1098,0.2822,0.2543,12,07/01/2020,06/30/2023
SAMPLE HOSPITAL 2132,102131,UT,READM-30-AMI-HRRP,424,,1.0326,0.1323,0.1281,56,07/01/2020,06/30/2023
SAMPLE HOSPITAL 2133,102132,VA,READM-30-HIP-KNEE-HRRP,629,,1.0196,0.1599,0.1568,101,07/01/2020,06/30/2023
SAMPLE HOSPITAL 2133,102132,VA,READM-30-PN-HRRP,90,,1.0029,0.1607,0.1602,14,07/01/2020,06/30/2023
SAMPLE HOSPITAL 2133,102132,VA,READM-30-AMI-HRRP,88,,0.9562,0.2086,0.2182,18,07/01/2020,06/30/2023
SAMPLE HOSPITAL 2133,102132,VA,READM-30-HF-HRRP,Too Few to Report,1,Too Few to Report,,,,07/01/2020,06/30/2023
SAMPLE HOSPITAL 2134,102133,MI,READM-30-PN-HRRP,57,,0.8995,0.127,0.1412,7,07/01/2020,06/30/2023
SAMPLE HOSPITAL 2134,102133,MI,READM-30-HIP-KNEE-HRRP,286,,1.0494,0.1726,0.1645,49,07/01/2020,06/30/2023
SAMPLE HOSPITAL 2134,102133,MI,READM-30-HF-HRRP,159,,1.0315,0.1791,0.1736,28,07/01/2020,06/30/2023
SAMPLE HOSPITAL 2134,102133,MI,READM-30-AMI-HRRP,329,,1.0052,0.2058,0.2047,68,07/01/2020,06/30/2023
SAMPLE HOSPITAL 2134,102133,MI,READM-30-CABG-HRRP,27,,1.0716,0.2646,0.2469,7,07/01/2020,06/30/2023
SAMPLE HOSPITAL 2135,102134,TX,READM-30-HF-HRRP,167,,0.9826,0.1711,0.1741,29,07/01/2020,06/30/2023
SAMPLE HOSPITAL 2135,102134,TX,READM-30-CABG-HRRP,127,,1.0438,0.1944,0.1862,25,07/01/2020,06/30/2023
SAMPLE HOSPITAL 2135,102134,TX,READM-30-COPD-HRRP,115,,0.866,0.1645,0.19,19,07/01/2020,06/30/2023
SAMPLE HOSPITAL 2136,102135,UT,READM-30-AMI-HRRP,542,,1.1629,0.2112,0.1816,114,07/01/2020,06/30/2023
SAMPLE HOSPITAL 2136,102135,UT,READM-30-HIP-KNEE-HRRP,686,,1.0517,0.2199,0.2091,151,07/01/2020,06/30/2023
SAMPLE HOSPITAL 2136,102135,UT,READM-30-PN-HRRP,220,,1.0276,0.2671,0.2599,59,07/01/2020,06/30/2023
SAMPLE HOSPITAL 2136,102135,UT,READM-30-CABG-HRRP,252,,0.9711,0.162,0.1668,41,07/01/2020,06/30/2023
SAMPLE HOSPITAL 2137,102136,CT,READM-30-HIP-KNEE-HRRP,164,,1.0211,0.2321,0.2273,38,07/01/2020,06/30/2023
SAMPLE HOSPITAL 2137,102136,CT,READM-30-HF-HRRP,48,,1.0038,0.1408,0.1403,7,07/01/2020,06/30/2023
SAMPLE HOSPITAL 2137,102136,CT,READM-30-CABG-HRRP,274,,1.0395,0.128,0.1231,35,07/01/2020,06/30/2023
SAMPLE HOSPITAL 2137,102136,CT,READM-30-AMI-HRRP,212,,1.097,0.1822,0.1661,39,07/01/2020,06/30/2023
SAMPLE HOSPITAL 2137,102136,CT,READM-30-PN-HRRP,256,,1.0418,0.2265,0.2174,58,07/01/2020,06/30/2023
SAMPLE HOSPITAL 2137,102136,CT,READM-30-COPD-HRRP,Too Few to Report,1,Too Few to Report,,,,07/01/2020,06/30/2023
SAMPLE HOSPITAL 2138,102137,HI,READM-30-HIP-KNEE-HRRP,238,,0.9715,0.1595,0.1642,38,07/01/2020,06/30/2023
SAMPLE HOSPITAL 2138,102137,HI,READM-30-HF-HRRP,88,,0.9311,0.1499,0.161,13,07/01/2020,06/30/2023
SAMPLE HOSPITAL 2138,102137,HI,READM-30-AMI-HRRP,754,,1.0842,0.2771,0.2556,209,07/01/2020,06/30/2023
SAMPLE HOSPITAL 2138,102137,HI,READM-30-COPD-HRRP,40,,1.0282,0.1691,0.1645,7,07/01/2020,06/30/2023
SAMPLE HOSPITAL 2138,102137,HI,READM-30-PN-HRRP,74,,0.909,0.1463,0.161,11,07/01/2020,06/30/2023
SAMPLE HOSPITAL 2139,102138,MO,READM-30-HIP-KNEE-HRRP,284,,0.9075,0.1827,0.2013,52,07/01/2020,06/30/2023
SAMPLE HOSPITAL 2139,102138,MO,READM-30-PN-HRRP,380,,1.0166,0.1615,0.1589,61,07/01/2020,06/30/2023
SAMPLE HOSPITAL 2139,102138,MO,READM-30-HF-HRRP,59,,1.0654,0.1982,0.186,12,07/01/2020,06/30/2023
SAMPLE HOSPITAL 2139,102138,MO,READM-30-COPD-HRRP,151,,1.0006,0.1771,0.177,27,07/01/2020,06/30/2023
SAMPLE HOSPITAL 2139,102138,MO,READM-30-AMI-HRRP,127,,0.9896,0.1315,0.1329,17,07/01/2020,06/30/2023
SAMPLE HOSPITAL 2139,102138,MO,READM-30-CABG-HRRP,194,,0.9983,0.195,0.1953,38,07/01/2020,06/30/2023
SAMPLE HOSPITAL 2140,102139,NJ,READM-30-AMI-HRRP,59,,0.9663,0.217,0.2246,13,07/01/2020,06/30/2023
SAMPLE HOSPITAL 2140,102139,NJ,READM-30-PN-HRRP,121,,1.0821,0.184,0.17,22,07/01/2020,06/30/2023
SAMPLE HOSPITAL 2140,102139,NJ,READM-30-HF-HRRP,212,,1.0458,0.1565,0.1496,33,07/01/2020,06/30/2023
SAMPLE HOSPITAL 2140,102139,NJ,READM-30-COPD-HRRP,314,,1.0336,0.2267,0.2193,71,07/01/2020,06/30/2023
SAMPLE HOSPITAL 2141,102140,SC,READM-30-HIP-KNEE-HRRP,90,,1.0743,0.2229,0.2075,20,07/01/2020,06/30/2023
SAMPLE HOSPITAL 2141,102140,SC,READM-30-AMI-HRRP,197,,1.0375,0.1428,0.1376,28,07/01/2020,06/30/2023
SAMPLE HOSPITAL 2141,102140,SC,READM-30-HF-HRRP,91,,1.0066,0.2567,0.255,23,07/01/2020,06/30/2023
SAMPLE HOSPITAL 2141,102140,SC,READM-30-PN-HRRP,242,,0.9437,0.1753,0.1858,42,07/01/2020,06/30/2023
SAMPLE HOSPITAL 2141,102140,SC,READM-30-COPD-HRRP,45,,1.0372,0.2564,0.2472,12,07/01/2020,06/30/2023
SAMPLE HOSPITAL 2141,102140,SC,READM-30-CABG-HRRP,247,,1.048,0.2276,0.2172,56,07/01/2020,06/30/2023
SAMPLE HOSPITAL 2143,102142,AR,READM-30-COPD-HRRP,145,,0.9915,0.1609,0.1623,23,07/01/2020,06/30/2023
SAMPLE HOSPITAL 2143,102142,AR,READM-30-HF-HRRP,1417,,1.0931,0.1396,0.1277,198,07/01/2020,06/30/2023
SAMPLE HOSPITAL 2143,102142,AR,READM-30-PN-HRRP,182,,1.0112,0.1616,0.1598,29,07/01/2020,06/30/2023
SAMPLE HOSPITAL 2143,102142,AR,READM-30-HIP-KNEE-HRRP,711,,1.0923,0.2144,0.1963,152,07/01/2020,06/30/2023
SAMPLE HOSPITAL 2143,102142,AR,READM-30-AMI-HRRP,142,,0.9585,0.1175,0.1226,17,07/01/2020,06/30/2023
SAMPLE HOSPITAL 2144,102143,MA,READM-30-CABG-HRRP,166,,0.9919,0.2108,0.2125,35,07/01/2020,06/30/2023
SAMPLE HOSPITAL 2144,102143,MA,READM-30-AMI-HRRP,441,,1.0128,0.1854,0.1831,82,07/01/2020,06/30/2023
SAMPLE HOSPITAL 2144,102143,MA,READM-30-PN-HRRP,74,,1.1515,0.2673,0.2321,20,07/01/2020,06/30/2023
SAMPLE HOSPITAL 2145,102144,MN,READM-30-AMI-HRRP,289,,1.0747,0.2353,0.2189,68,07/01/2020,06/30/2023
SAMPLE HOSPITAL 2145,102144,MN,READM-30-COPD-HRRP,202,,0.9713,0.206,0.2121,42,07/01/2020,06/30/2023
SAMPLE HOSPITAL 2145,102144,MN,READM-30-PN-HRRP,332,,0.9684,0.2188,0.2259,73,07/01/2020,06/30/2023
SAMPLE HOSPITAL 2145,102144,MN,READM-30-HF-HRRP,217,,0.9569,0.1752,0.1831,38,07/01/2020,06/30/2023
SAMPLE HOSPITAL 2145,102144,MN,READM-30-HIP-KNEE-HRRP,29,,0.9673,0.1608,0.1662,5,07/01/2020,06/30/2023
SAMPLE HOSPITAL 2146,102145,HI,READM-30-PN-HRRP,97,,0.9281,0.1396,0.1504,14,07/01/2020,06/30/2023
SAMPLE HOSPITAL 2146,102145,HI,READM-30-CABG-HRRP,115,,0.9674,0.172,0.1778,20,07/01/2020,06/30/2023
SAMPLE HOSPITAL 2146,102145,HI,READM-30-COPD-HRRP,56,,1.099,0.1455,0.1324,8,07/01/2020,06/30/2023
SAMPLE HOSPITAL 2146,102145,HI,READM-30-HIP-KNEE-HRRP,69,,0.8665,0.1717,0.1982,12,07/01/2020,06/30/2023
SAMPLE HOSPITAL 2147,102146,MT,READM-30-CABG-HRRP,296,,0.9274,0.1751,0.1888,52,07/01/2020,06/30/2023
SAMPLE HOSPITAL 2147,102146,MT,READM-30-HIP-KNEE-HRRP,183,,1.0208,0.1226,0.1201,22,07/01/2020,06/30/2023
SAMPLE HOSPITAL 2147,102146,MT,READM-30-PN-HRRP,353,,0.8861,0.1845,0.2082,65,07/01/2020,06/30/2023
SAMPLE HOSPITAL 2147,102146,MT,READM-30-HF-HRRP,72,,1.0672,0.1497,0.1403,11,07/01/2020,06/30/2023
SAMPLE HOSPITAL 2147,102146,MT,READM-30-COPD-HRRP,545,,0.9337,0.1361,0.1458,74,07/01/2020,06/30/2023
SAMPLE HOSPITAL 2147,102146,MT,READM-30-AMI-HRRP,99,,1.034,0.1299,0.1256,13,07/01/2020,06/30/2023
SAMPLE HOSPITAL 2148,102147,SD,READM-30-AMI-HRRP,444,,1.0023,0.2525,0.2519,112,07/01/2020,06/30/2023
SAMPLE HOSPITAL 2148,102147,SD,READM-30-PN-HRRP,37,,0.9687,0.176,0.1817,7,07/01/2020,06/30/2023
SAMPLE HOSPITAL 2148,102147,SD,READM-30-CABG-HRRP,331,,0.9372,0.1926,0.2055,64,07/01/2020,06/30/2023
SAMPLE HOSPITAL 2148,102147,SD,READM-30-HF-HRRP,326,,0.9372,0.2143,0.2287,70,07/01/2020,06/30/2023
SAMPLE HOSPITAL 2148,102147,SD,READM-30-COPD-HRRP,162,,0.9904,0.1818,0.1836,29,07/01/2020,06/30/2023
SAMPLE HOSPITAL 2149,102148,NC,READM-30-HIP-KNEE-HRRP,236,,0.9095,0.1112,0.1223,26,07/01/2020,06/30/2023
SAMPLE HOSPITAL 2149,102148,NC,READM-30-AMI-HRRP,369,,0.9438,0.1244,0.1318,46,07/01/2020,06/30/2023
SAMPLE HOSPITAL 2149,102148,NC,READM-30-HF-HRRP,197,,1.0288,0.2327,0.2262,46,07/01/2020,06/30/2023
SAMPLE HOSPITAL 2149,102148,NC,READM-30-COPD-HRRP,160,,1.0326,0.242,0.2344,39,07/01/2020,06/30/2023
SAMPLE HOSPITAL 2149,102148,NC,READM-30-CABG-HRRP,162,,1.0064,0.2556,0.254,41,07/01/2020,06/30/2023
SAMPLE HOSPITAL 2149,102148,NC,READM-30-PN-HRRP,92,,0.9401,0.219,0.233,20,07/01/2020,06/30/2023
SAMPLE HOSPITAL 2150,102149,DE,READM-30-HF-HRRP,558,,0.9972,0.1489,0.1493,83,07/01/2020,06/30/2023
SAMPLE HOSPITAL 2150,102149,DE,READM-30-CABG-HRRP,Too Few to Report,1,Too Few to Report,,,,07/01/2020,06/30/2023
SAMPLE HOSPITAL 2150,102149,DE,READM-30-AMI-HRRP,441,,1.0705,0.1791,0.1673,79,07/01/2020,06/30/2023
SAMPLE HOSPITAL 2150,102149,DE,READM-30-PN-HRRP,435,,1.0585,0.1544,0.1459,67,07/01/2020,06/30/2023
SAMPLE HOSPITAL 2150,102149,DE,READM-30-HIP-KNEE-HRRP,160,,1.0513,0.1794,0.1706,29,07/01/2020,06/30/2023
SAMPLE HOSPITAL 2151,102150,IA,READM-30-HIP-KNEE-HRRP,79,,1.0799,0.238,0.2204,19,07/01/2020,06/30/2023
SAMPLE HOSPITAL 2151,102150,IA,READM-30-AMI-HRRP,226,,0.9643,0.1748,0.1813,40,07/01/2020,06/30/2023
SAMPLE HOSPITAL 2151,102150,IA,READM-30-CABG-HRRP,180,,1.0518,0.1603,0.1524,29,07/01/2020,06/30/2023
SAMPLE HOSPITAL 2151,102150,IA,READM-30-HF-HRRP,334,,0.9246,0.2397,0.2593,80,07/01/2020,06/30/2023
SAMPLE HOSPITAL 2151,102150,IA,READM-30-COPD-HRRP,131,,0.9761,0.2339,0.2396,31,07/01/2020,06/30/2023
SAMPLE HOSPITAL 2152,102151,NE,READM-30-HF-HRRP,414,,1.0641,0.2587,0.2431,107,07/01/2020,06/30/2023
SAMPLE HOSPITAL 2152,102151,NE,READM-30-CABG-HRRP,151,,0.9772,0.2053,0.2101,31,07/01/2020,06/30/2023
SAMPLE HOSPITAL 2152,102151,NE,READM-30-HIP-KNEE-HRRP,134,,1.0709,0.1675,0.1564,22,07/01/2020,06/30/2023
SAMPLE HOSPITAL 2152,102151,NE,READM-30-PN-HRRP,209,,1.0273,0.2458,0.2393,51,07/01/2020,06/30/2023
SAMPLE HOSPITAL 2152,102151,NE,READM-30-AMI-HRRP,46,,1.047,0.1843,0.176,8,07/01/2020,06/30/2023
SAMPLE HOSPITAL 2152,102151,NE,READM-30-COPD-HRRP,119,,0.9561,0.1584,0.1657,19,07/01/2020,06/30/2023
SAMPLE HOSPITAL 2153,102152,MI,READM-30-HIP-KNEE-HRRP,482,,0.9492,0.1912,0.2014,92,07/01/2020,06/30/2023
SAMPLE HOSPITAL 2153,102152,MI,READM-30-PN-HRRP,55,,0.9535,0.1199,0.1257,7,07/01/2020,06/30/2023
SAMPLE HOSPITAL 2153,102152,MI,READM-30-AMI-HRRP,272,,1.0169,0.2086,0.2051,57,07/01/2020,06/30/2023
SAMPLE HOSPITAL 2154,102153,MA,READM-30-COPD-HRRP,311,,1.0214,0.2569,0.2515,80,07/01/2020,06/30/2023
SAMPLE HOSPITAL 2154,102153,MA,READM-30-AMI-HRRP,132,,1.0488,0.22,0.2098,29,07/01/2020,06/30/2023
SAMPLE HOSPITAL 2154,102153,MA,READM-30-HIP-KNEE-HRRP,438,,1.0491,0.1751,0.1669,77,07/01/2020,06/30/2023
SAMPLE HOSPITAL 2154,102153,MA,READM-30-PN-HRRP,410,,0.9922,0.1789,0.1803,73,07/01/2020,06/30/2023
SAMPLE HOSPITAL 2154,102153,MA,READM-30-CABG-HRRP,113,,1.0601,0.2753,0.2597,31,07/01/2020,06/30/2023
SAMPLE HOSPITAL 2154,102153,MA,READM-30-HF-HRRP,137,,1.0496,0.1618,0.1542,22,07/01/2020,06/30/2023
SAMPLE HOSPITAL 2155,102154,ND,READM-30-HIP-KNEE-HRRP,116,,0.9451,0.1864,0.1972,22,07/01/2020,06/30/2023
SAMPLE HOSPITAL 2155,102154,ND,READM-30-HF-HRRP,284,,0.9292,0.1152,0.124,33,07/01/2020,06/30/2023
SAMPLE HOSPITAL 2155,102154,ND,READM-30-COPD-HRRP,71,,0.9691,0.2262,0.2334,16,07/01/2020,06/30/2023
SAMPLE HOSPITAL 2155,102154,ND,READM-30-AMI-HRRP,295,,1.0,0.2543,0.2543,75,07/01/2020,06/30/2023
SAMPLE HOSPITAL 2156,102155,MD,READM-30-AMI-HRRP,131,,1.0149,0.1738,0.1712,23,07/01/2020,06/30/2023
SAMPLE HOSPITAL 2156,102155,MD,READM-30-COPD-HRRP,261,,1.0799,0.2001,0.1853,52,07/01/2020,06/30/2023
SAMPLE HOSPITAL 2156,102155,MD,READM-30-CABG-HRRP,167,,1.0938,0.2174,0.1988,36,07/01/2020,06/30/2023
SAMPLE HOSPITAL 2156,102155,MD,READM-30-HIP-KNEE-HRRP,260,,1.0431,0.1292,0.1239,34,07/01/2020,06/30/2023
SAMPLE HOSPITAL 2157,102156,IL,READM-30-CABG-HRRP,91,,0.924,0.121,0.1309,11,07/01/2020,06/30/2023
SAMPLE HOSPITAL 2157,102156,IL,READM-30-COPD-HRRP,302,,0.9304,0.2319,0.2492,70,07/01/2020,06/30/2023
SAMPLE HOSPITAL 2157,102156,IL,READM-30-PN-HRRP,406,,1.0105,0.1602,0.1585,65,07/01/2020,06/30/2023
SAMPLE HOSPITAL 2157,102156,IL,READM-30-AMI-HRRP,67,,0.8795,0.1234,0.1403,8,07/01/2020,06/30/2023
SAMPLE HOSPITAL 2158,102157,NH,READM-30-HF-HRRP,151,,0.9237,0.1977,0.214,30,07/01/2020,06/30/2023
SAMPLE HOSPITAL 2158,102157,NH,READM-30-AMI-HRRP,378,,0.9906,0.1885,0.1903,71,07/01/2020,06/30/2023
SAMPLE HOSPITAL 2158,102157,NH,READM-30-COPD-HRRP,146,,1.0913,0.1806,0.1655,26,07/01/2020,06/30/2023
SAMPLE HOSPITAL 2158,102157,NH,READM-30-HIP-KNEE-HRRP,154,,1.0286,0.1468,0.1427,23,07/01/2020,06/30/2023
SAMPLE HOSPITAL 2159,102158,KY,READM-30-PN-HRRP,139,,1.0423,0.2319,0.2225,32,07/01/2020,06/30/2023
SAMPLE HOSPITAL 2159,102158,KY,READM-30-AMI-HRRP,107,,1.0268,0.1997,0.1945,21,07/01/2020,06/30/2023
SAMPLE HOSPITAL 2159,102158,KY,READM-30-CABG-HRRP,85,,0.9947,0.2476,0.2489,21,07/01/2020,06/30/2023
SAMPLE HOSPITAL 2159,102158,KY,READM-30-HF-HRRP,437,,1.0282,0.1715,0.1668,75,07/01/2020,06/30/2023
SAMPLE HOSPITAL 2160,102159,IN,READM-30-CABG-HRRP,291,,1.0498,0.1946,0.1854,57,07/01/2020,06/30/2023
SAMPLE HOSPITAL 2160,102159,IN,READM-30-PN-HRRP,530,,1.0979,0.1391,0.1267,74,07/01/2020,06/30/2023
SAMPLE HOSPITAL 2160,102159,IN,READM-30-COPD-HRRP,468,,1.0043,0.1773,0.1765,83,07/01/2020,06/30/2023
SAMPLE HOSPITAL 2161,102160,VA,READM-30-HF-HRRP,137,,0.9698,0.239,0.2464,33,07/01/2020,06/30/2023
SAMPLE HOSPITAL 2161,102160,VA,READM-30-AMI-HRRP,51,,0.9687,0.1801,0.1859,9,07/01/2020,06/30/2023
SAMPLE HOSPITAL 2161,102160,VA,READM-30-HIP-KNEE-HRRP,298,,0.9275,0.1992,0.2148,59,07/01/2020,06/30/2023
SAMPLE HOSPITAL 2162,102161,MI,READM-30-HIP-KNEE-HRRP,33,,0.9925,0.184,0.1854,6,07/01/2020,06/30/2023
SAMPLE HOSPITAL 2162,102161,MI,READM-30-AMI-HRRP,824,,1.0442,0.1791,0.1715,148,07/01/2020,06/30/2023
SAMPLE HOSPITAL 2162,102161,MI,READM-30-HF-HRRP,101,,1.1267,0.2036,0.1807,21,07/01/2020,06/30/2023
SAMPLE HOSPITAL 2162,102161,MI,READM-30-COPD-HRRP,463,,0.9578,0.1882,0.1965,87,07/01/2020,06/30/2023
SAMPLE HOSPITAL 2163,102162,MO,READM-30-CABG-HRRP,71,,0.9715,0.1458,0.1501,10,07/01/2020,06/30/2023
SAMPLE HOSPITAL 2163,102162,MO,READM-30-COPD-HRRP,360,,0.8837,0.1858,0.2103,67,07/01/2020,06/30/2023
SAMPLE HOSPITAL 2163,102162,MO,READM-30-PN-HRRP,302,,0.9258,0.1551,0.1675,47,07/01/2020,06/30/2023
SAMPLE HOSPITAL 2163,102162,MO,READM-30-AMI-HRRP,38,,1.062,0.1573,0.1481,6,07/01/2020,06/30/2023
SAMPLE HOSPITAL 2164,102163,IN,READM-30-AMI-HRRP,64,,0.9877,0.1283,0.1299,8,07/01/2020,06/30/2023
SAMPLE HOSPITAL 2164,102163,IN,READM-30-HIP-KNEE-HRRP,172,,1.0909,0.1442,0.1322,25,07/01/2020,06/30/2023
SAMPLE HOSPITAL 2164,102163,IN,READM-30-PN-HRRP,2554,,1.117,0.1635,0.1464,418,07/01/2020,06/30/2023
SAMPLE HOSPITAL 2165,102164,OH,READM-30-CABG-HRRP,124,,1.0554,0.2381,0.2256,30,07/01/2020,06/30/2023
SAMPLE HOSPITAL 2165,102164,OH,READM-30-HF-HRRP,553,,0.9303,0.2099,0.2256,116,07/01/2020,06/30/2023
SAMPLE HOSPITAL 2165,102164,OH,READM-30-AMI-HRRP,494,,1.0094,0.2197,0.2177,109,07/01/2020,06/30/2023
SAMPLE HOSPITAL 2165,102164,OH,READM-30-PN-HRRP,86,,0.9942,0.2299,0.2312,20,07/01/2020,06/30/2023
SAMPLE HOSPITAL 2166,102165,HI,READM-30-CABG-HRRP,142,,0.9814,0.1434,0.1461,20,07/01/2020,06/30/2023
SAMPLE HOSPITAL 2166,102165,HI,READM-30-PN-HRRP,41,,0.955,0.1377,0.1442,6,07/01/2020,06/30/2023
SAMPLE HOSPITAL 2166,102165,HI,READM-30-AMI-HRRP,102,,0.879,0.1847,0.2101,19,07/01/2020,06/30/2023
SAMPLE HOSPITAL 2166,102165,HI,READM-30-HF-HRRP,1186,,1.0135,0.2346,0.2315,278,07/01/2020,06/30/2023
SAMPLE HOSPITAL 2166,102165,HI,READM-30-HIP-KNEE-HRRP,112,,1.08,0.2262,0.2094,25,07/01/2020,06/30/2023
SAMPLE HOSPITAL 2167,102166,LA,READM-30-HF-HRRP,157,,0.9433,0.2099,0.2225,33,07/01/2020,06/30/2023
SAMPLE HOSPITAL 2167,102166,LA,READM-30-PN-HRRP,76,,1.0089,0.2261,0.2241,17,07/01/2020,06/30/2023
SAMPLE HOSPITAL 2167,102166,LA,READM-30-AMI-HRRP,185,,1.0657,0.1578,0.1481,29,07/01/2020,06/30/2023
SAMPLE HOSPITAL 2167,102166,LA,READM-30-COPD-HRRP,729,,1.0888,0.2567,0.2358,187,07/01/2020,06/30/2023
SAMPLE HOSPITAL 2168,102167,PA,READM-30-HF-HRRP,163,,1.1082,0.2654,0.2395,43,07/01/2020,06/30/2023
SAMPLE HOSPITAL 2168,102167,PA,READM-30-HIP-KNEE-HRRP,74,,0.8799,0.1422,0.1616,11,07/01/2020,06/30/2023
SAMPLE HOSPITAL 2168,102167,PA,READM-30-AMI-HRRP,381,,1.008,0.139,0.1379,53,07/01/2020,06/30/2023
SAMPLE HOSPITAL 2168,102167,PA,READM-30-CABG-HRRP,188,,0.9892,0.1539,0.1556,29,07/01/2020,06/30/2023
SAMPLE HOSPITAL 2169,102168,GA,READM-30-AMI-HRRP,79,,0.9154,0.1409,0.1539,11,07/01/2020,06/30/2023
SAMPLE HOSPITAL 2169,102168,GA,READM-30-PN-HRRP,133,,0.9884,0.1671,0.1691,22,07/01/2020,06/30/2023
SAMPLE HOSPITAL 2169,102168,GA,READM-30-HIP-KNEE-HRRP,547,,0.9647,0.2241,0.2323,123,07/01/2020,06/30/2023
SAMPLE HOSPITAL 2170,102169,DE,READM-30-HIP-KNEE-HRRP,304,,0.9666,0.1172,0.1212,36,07/01/2020,06/30/2023
SAMPLE HOSPITAL 2170,102169,DE,READM-30-HF-HRRP,68,,0.8957,0.2178,0.2432,15,07/01/2020,06/30/2023
SAMPLE HOSPITAL 2170,102169,DE,READM-30-CABG-HRRP,194,,0.969,0.1565,0.1615,30,07/01/2020,06/30/2023
SAMPLE HOSPITAL 2171,102170,MA,READM-30-PN-HRRP,175,,0.9281,0.1569,0.1691,27,07/01/2020,06/30/2023
SAMPLE HOSPITAL 2171,102170,MA,READM-30-COPD-HRRP,434,,0.8438,0.1889,0.2239,82,07/01/2020,06/30/2023
SAMPLE HOSPITAL 2171,102170,MA,READM-30-CABG-HRRP,51,,0.9222,0.207,0.2245,11,07/01/2020,06/30/2023
SAMPLE HOSPITAL 2172,102171,FL,READM-30-PN-HRRP,53,,0.9239,0.2394,0.2591,13,07/01/2020,06/30/2023
SAMPLE HOSPITAL 2172,102171,FL,READM-30-HIP-KNEE-HRRP,102,,1.0473,0.2077,0.1983,21,07/01/2020,06/30/2023
SAMPLE HOSPITAL 2172,102171,FL,READM-30-HF-HRRP,293,,1.0414,0.1642,0.1577,48,07/01/2020,06/30/2023
SAMPLE HOSPITAL 2172,102171,FL,READM-30-COPD-HRRP,30,,1.0571,0.1834,0.1735,6,07/01/2020,06/30/2023
SAMPLE HOSPITAL 2172,102171,FL,READM-30-CABG-HRRP,56,,0.9512,0.1515,0.1593,8,07/01/2020,06/30/2023
SAMPLE HOSPITAL 2173,102172,NV,READM-30-HF-HRRP,156,,0.9565,0.1572,0.1644,25,07/01/2020,06/30/2023
SAMPLE HOSPITAL 2173,102172,NV,READM-30-PN-HRRP,222,,1.1032,0.2429,0.2202,54,07/01/2020,06/30/2023
SAMPLE HOSPITAL 2173,102172,NV,READM-30-AMI-HRRP,805,,0.9622,0.2029,0.2109,163,07/01/2020,06/30/2023
SAMPLE HOSPITAL 2174,102173,MA,READM-30-HF-HRRP,739,,1.0165,0.1403,0.138,104,07/01/2020,06/30/2023
SAMPLE HOSPITAL 2174,102173,MA,READM-30-COPD-HRRP,243,,1.0667,0.234,0.2194,57,07/01/2020,06/30/2023
SAMPLE HOSPITAL 2174,102173,MA,READM-30-PN-HRRP,219,,1.055,0.1589,0.1506,35,07/01/2020,06/30/2023
SAMPLE HOSPITAL 2175,102174,NV,READM-30-PN-HRRP,303,,0.9798,0.1661,0.1695,50,07/01/2020,06/30/2023
SAMPLE HOSPITAL 2175,102174,NV,READM-30-COPD-HRRP,89,,0.9722,0.1276,0.1313,11,07/01/2020,06/30/2023
SAMPLE HOSPITAL 2175,102174,NV,READM-30-HIP-KNEE-HRRP,402,,0.994,0.2563,0.2578,103,07/01/2020,06/30/2023
SAMPLE HOSPITAL 2176,102175,WV,READM-30-HF-HRRP,63,,0.938,0.2413,0.2573,15,07/01/2020,06/30/2023
SAMPLE HOSPITAL 2176,102175,WV,READM-30-CABG-HRRP,180,,0.9675,0.2389,0.2469,43,07/01/2020,06/30/2023
SAMPLE HOSPITAL 2176,102175,WV,READM-30-PN-HRRP,125,,0.9897,0.2394,0.2419,30,07/01/2020,06/30/2023
SAMPLE HOSPITAL 2177,102176,RI,READM-30-HF-HRRP,529,,0.952,0.1698,0.1784,90,07/01/2020,06/30/2023
SAMPLE HOSPITAL 2177,102176,RI,READM-30-PN-HRRP,206,,1.0433,0.2532,0.2427,52,07/01/2020,06/30/2023
SAMPLE HOSPITAL 2177,102176,RI,READM-30-AMI-HRRP,59,,1.0027,0.1335,0.1331,8,07/01/2020,06/30/2023
SAMPLE HOSPITAL 2178,102177,MI,READM-30-PN-HRRP,104,,1.031,0.2189,0.2123,23,07/01/2020,06/30/2023
SAMPLE HOSPITAL 2178,102177,MI,READM-30-CABG-HRRP,113,,1.0904,0.1493,0.1369,17,07/01/2020,06/30/2023
SAMPLE HOSPITAL 2178,102177,MI,READM-30-HIP-KNEE-HRRP,41,,0.9556,0.1239,0.1297,5,07/01/2020,06/30/2023
SAMPLE HOSPITAL 2178,102177,MI,READM-30-HF-HRRP,275,,1.065,0.1603,0.1505,44,07/01/2020,06/30/2023
SAMPLE HOSPITAL 2179,102178,GA,READM-30-COPD-HRRP,268,,1.0372,0.1287,0.1241,34,07/01/2020,06/30/2023
SAMPLE HOSPITAL 2179,102178,GA,READM-30-AMI-HRRP,611,,1.0513,0.1933,0.1839,118,07/01/2020,06/30/2023
SAMPLE HOSPITAL 2179,102178,GA,READM-30-HF-HRRP,322,,1.0208,0.1651,0.1617,53,07/01/2020,06/30/2023
SAMPLE HOSPITAL 2179,102178,GA,READM-30-HIP-KNEE-HRRP,1823,,1.0814,0.2629,0.2431,479,07/01/2020,06/30/2023
SAMPLE HOSPITAL 2180,102179,WA,READM-30-COPD-HRRP,135,,1.0187,0.1886,0.1851,25,07/01/2020,06/30/2023
SAMPLE HOSPITAL 2180,102179,WA,READM-30-CABG-HRRP,94,,1.1078,0.2025,0.1828,19,07/01/2020,06/30/2023
SAMPLE HOSPITAL 2180,102179,WA,READM-30-AMI-HRRP,93,,0.9716,0.213,0.2192,20,07/01/2020,06/30/2023
SAMPLE HOSPITAL 2180,102179,WA,READM-30-HF-HRRP,122,,1.0223,0.1878,0.1837,23,07/01/2020,06/30/2023
SAMPLE HOSPITAL 2180,102179,WA,READM-30-HIP-KNEE-HRRP,302,,1.0207,0.2392,0.2343,72,07/01/2020,06/30/2023
SAMPLE HOSPITAL 2180,102179,WA,READM-30-PN-HRRP,57,,1.131,0.146,0.1291,8,07/01/2020,06/30/2023
SAMPLE HOSPITAL 2181,102180,ND,READM-30-CABG-HRRP,111,,0.9451,0.1445,0.1529,16,07/01/2020,06/30/2023
SAMPLE HOSPITAL 2181,102180,ND,READM-30-PN-HRRP,120,,1.0097,0.1514,0.1499,18,07/01/2020,06/30/2023
SAMPLE HOSPITAL 2181,102180,ND,READM-30-HF-HRRP,129,,1.0861,0.1645,0.1515,21,07/01/2020,06/30/2023
SAMPLE HOSPITAL 2181,102180,ND,READM-30-HIP-KNEE-HRRP,429,,0.9671,0.1939,0.2005,83,07/01/2020,06/30/2023
SAMPLE HOSPITAL 2181,102180,ND,READM-30-AMI-HRRP,62,,0.9925,0.2032,0.2047,13,07/01/2020,06/30/2023
SAMPLE HOSPITAL 2182,102181,ME,READM-30-AMI-HRRP,91,,1.0131,0.2033,0.2007,19,07/01/2020,06/30/2023
SAMPLE HOSPITAL 2182,102181,ME,READM-30-HF-HRRP,184,,0.939,0.1173,0.1249,22,07/01/2020,06/30/2023
SAMPLE HOSPITAL 2182,102181,ME,READM-30-COPD-HRRP,319,,1.1038,0.2765,0.2505,88,07/01/2020,06/30/2023
SAMPLE HOSPITAL 2182,102181,ME,READM-30-HIP-KNEE-HRRP,132,,1.0045,0.1718,0.171,23,07/01/2020,06/30/2023
SAMPLE HOSPITAL 2182,102181,ME,READM-30-CABG-HRRP,56,,1.0288,0.2308,0.2243,13,07/01/2020,06/30/2023
SAMPLE HOSPITAL 2183,102182,KS,READM-30-AMI-HRRP,201,,0.969,0.2315,0.2389,47,07/01/2020,06/30/2023
SAMPLE HOSPITAL 2183,102182,KS,READM-30-PN-HRRP,187,,0.9875,0.234,0.237,44,07/01/2020,06/30/2023
SAMPLE HOSPITAL 2183,102182,KS,READM-30-HIP-KNEE-HRRP,177,,0.9888,0.1852,0.1873,33,07/01/2020,06/30/2023
SAMPLE HOSPITAL 2184,102183,HI,READM-30-HIP-KNEE-HRRP,95,,1.1202,0.2261,0.2018,21,07/01/2020,06/30/2023
SAMPLE HOSPITAL 2184,102183,HI,READM-30-PN-HRRP,528,,0.9343,0.1653,0.1769,87,07/01/2020,06/30/2023
SAMPLE HOSPITAL 2184,102183,HI,READM-30-HF-HRRP,112,,0.9546,0.121,0.1268,14,07/01/2020,06/30/2023
SAMPLE HOSPITAL 2185,102184,SD,READM-30-AMI-HRRP,261,,1.0695,0.2381,0.2226,62,07/01/2020,06/30/2023
SAMPLE HOSPITAL 2185,102184,SD,READM-30-CABG-HRRP,106,,0.9988,0.183,0.1832,19,07/01/2020,06/30/2023
SAMPLE HOSPITAL 2185,102184,SD,READM-30-HF-HRRP,508,,1.0406,0.199,0.1912,101,07/01/2020,06/30/2023
SAMPLE HOSPITAL 2185,102184,SD,READM-30-HIP-KNEE-HRRP,87,,1.0511,0.1421,0.1352,12,07/01/2020,06/30/2023
SAMPLE HOSPITAL 2185,102184,SD,READM-30-PN-HRRP,182,,0.9135,0.122,0.1335,22,07/01/2020,06/30/2023
SAMPLE HOSPITAL 2185,102184,SD,READM-30-COPD-HRRP,227,,1.05,0.2567,0.2445,58,07/01/2020,06/30/2023
SAMPLE HOSPITAL 2186,102185,GA,READM-30-HIP-KNEE-HRRP,126,,0.911,0.1423,0.1562,18,07/01/2020,06/30/2023
SAMPLE HOSPITAL 2186,102185,GA,READM-30-HF-HRRP,83,,0.9329,0.1323,0.1418,11,07/01/2020,06/30/2023
SAMPLE HOSPITAL 2186,102185,GA,READM-30-AMI-HRRP,422,,1.0403,0.1499,0.1441,63,07/01/2020,06/30/2023
SAMPLE HOSPITAL 2186,102185,GA,READM-30-CABG-HRRP,110,,0.994,0.1322,0.133,15,07/01/2020,06/30/2023
SAMPLE HOSPITAL 2186,102185,GA,READM-30-COPD-HRRP,113,,1.0645,0.2264,0.2127,26,07/01/2020,06/30/2023
SAMPLE HOSPITAL 2186,102185,GA,READM-30-PN-HRRP,328,,1.0077,0.1358,0.1348,45,07/01/2020,06/30/2023
SAMPLE HOSPITAL 2187,102186,MT,READM-30-CABG-HRRP,228,,0.9388,0.1803,0.1921,41,07/01/2020,06/30/2023
SAMPLE HOSPITAL 2187,102186,MT,READM-30-HIP-KNEE-HRRP,68,,0.9356,0.2318,0.2478,16,07/01/2020,06/30/2023
SAMPLE HOSPITAL 2187,102186,MT,READM-30-HF-HRRP,73,,1.0818,0.1405,0.1299,10,07/01/2020,06/30/2023
SAMPLE HOSPITAL 2187,102186,MT,READM-30-COPD-HRRP,36,,1.0323,0.2244,0.2174,8,07/01/2020,06/30/2023
SAMPLE HOSPITAL 2188,102187,VT,READM-30-COPD-HRRP,170,,1.0901,0.1763,0.1617,30,07/01/2020,06/30/2023
SAMPLE HOSPITAL 2188,102187,VT,READM-30-HIP-KNEE-HRRP,422,,1.0388,0.2688,0.2588,113,07/01/2020,06/30/2023
SAMPLE HOSPITAL 2188,102187,VT,READM-30-HF-HRRP,324,,0.9619,0.2215,0.2303,72,07/01/2020,06/30/2023
SAMPLE HOSPITAL 2188,102187,VT,READM-30-AMI-HRRP,552,,0.9383,0.2031,0.2165,112,07/01/2020,06/30/2023
SAMPLE HOSPITAL 2188,102187,VT,READM-30-PN-HRRP,181,,1.05,0.147,0.14,27,07/01/2020,06/30/2023
SAMPLE HOSPITAL 2188,102187,VT,READM-30-CABG-HRRP,387,,0.9053,0.1302,0.1438,50,07/01/2020,06/30/2023
SAMPLE HOSPITAL 2189,102188,MA,READM-30-COPD-HRRP,337,,0.9546,0.1859,0.1947,63,07/01/2020,06/30/2023
SAMPLE HOSPITAL 2189,102188,MA,READM-30-HF-HRRP,199,,0.9828,0.1837,0.1869,37,07/01/2020,06/30/2023
SAMPLE HOSPITAL 2189,102188,MA,READM-30-HIP-KNEE-HRRP,38,,0.9069,0.1748,0.1927,7,07/01/2020,06/30/2023
SAMPLE HOSPITAL 2189,102188,MA,READM-30-AMI-HRRP,178,,0.9886,0.2537,0.2566,45,07/01/2020,06/30/2023
SAMPLE HOSPITAL 2189,102188,MA,READM-30-CABG-HRRP,124,,1.0857,0.2069,0.1906,26,07/01/2020,06/30/2023
SAMPLE HOSPITAL 2189,102188,MA,READM-30-PN-HRRP,120,,1.085,0.1798,0.1657,22,07/01/2020,06/30/2023
SAMPLE HOSPITAL 2190,102189,FL,READM-30-HF-HRRP,510,,0.8912,0.1197,0.1343,61,07/01/2020,06/30/2023
SAMPLE HOSPITAL 2190,102189,FL,READM-30-CABG-HRRP,428,,0.8839,0.1976,0.2236,85,07/01/2020,06/30/2023
SAMPLE HOSPITAL 2190,102189,FL,READM-30-COPD-HRRP,190,,0.973,0.1168,0.12,22,07/01/2020,06/30/2023
SAMPLE HOSPITAL 2190,102189,FL,READM-30-AMI-HRRP,44,,0.8991,0.1171,0.1302,5,07/01/2020,06/30/2023
SAMPLE HOSPITAL 2190,102189,FL,READM-30-HIP-KNEE-HRRP,470,,0.9737,0.242,0.2485,114,07/01/2020,06/30/2023
SAMPLE HOSPITAL 2190,102189,FL,READM-30-PN-HRRP,582,,1.0562,0.2522,0.2388,147,07/01/2020,06/30/2023
SAMPLE HOSPITAL 2191,102190,FL,READM-30-PN-HRRP,100,,0.9947,0.2045,0.2056,20,07/01/2020,06/30/2023
SAMPLE HOSPITAL 2191,102190,FL,READM-30-HF-HRRP,294,,1.1577,0.194,0.1676,57,07/01/2020,06/30/2023
SAMPLE HOSPITAL 2191,102190,FL,READM-30-COPD-HRRP,142,,0.9431,0.2434,0.2581,35,07/01/2020,06/30/2023
SAMPLE HOSPITAL 2192,102191,OH,READM-30-HF-HRRP,92,,0.9992,0.2113,0.2115,19,07/01/2020,06/30/2023
SAMPLE HOSPITAL 2192,102191,OH,READM-30-CABG-HRRP,143,,0.9619,0.2115,0.2199,30,07/01/2020,06/30/2023
SAMPLE HOSPITAL 2192,102191,OH,READM-30-PN-HRRP,179,,1.1251,0.1973,0.1754,35,07/01/2020,06/30/2023
SAMPLE HOSPITAL 2193,102192,IN,READM-30-HF-HRRP,86,,1.0068,0.1448,0.1438,12,07/01/2020,06/30/2023
SAMPLE HOSPITAL 2193,102192,IN,READM-30-AMI-HRRP,121,,0.8974,0.1558,0.1736,19,07/01/2020,06/30/2023
SAMPLE HOSPITAL 2193,102192,IN,READM-30-HIP-KNEE-HRRP,296,,1.1591,0.1404,0.1211,42,07/01/2020,06/30/2023
SAMPLE HOSPITAL 2193,102192,IN,READM-30-CABG-HRRP,64,,1.0462,0.2316,0.2214,15,07/01/2020,06/30/2023
SAMPLE HOSPITAL 2193,102192,IN,READM-30-PN-HRRP,218,,0.9584,0.1681,0.1754,37,07/01/2020,06/30/2023
SAMPLE HOSPITAL 2193,102192,IN,READM-30-COPD-HRRP,186,,1.0444,0.1746,0.1672,32,07/01/2020,06/30/2023
SAMPLE HOSPITAL 2194,102193,WY,READM-30-CABG-HRRP,53,,0.9282,0.2351,0.2533,12,07/01/2020,06/30/2023
SAMPLE HOSPITAL 2194,102193,WY,READM-30-HIP-KNEE-HRRP,178,,0.9598,0.2439,0.2541,43,07/01/2020,06/30/2023
SAMPLE HOSPITAL 2194,102193,WY,READM-30-HF-HRRP,97,,1.0508,0.2626,0.2499,25,07/01/2020,06/30/2023
SAMPLE HOSPITAL 2194,102193,WY,READM-30-COPD-HRRP,Too Few to Report,1,Too Few to Report,,,,07/01/2020,06/30/2023
SAMPLE HOSPITAL 2194,102193,WY,READM-30-PN-HRRP,201,,0.9851,0.2394,0.243,48,07/01/2020,06/30/2023
SAMPLE HOSPITAL 2195,102194,ID,READM-30-HF-HRRP,393,,1.0408,0.134,0.1287,53,07/01/2020,06/30/2023
SAMPLE HOSPITAL 2195,102194,ID,READM-30-HIP-KNEE-HRRP,182,,0.9313,0.1936,0.2079,35,07/01/2020,06/30/2023
SAMPLE HOSPITAL 2195,102194,ID,READM-30-AMI-HRRP,150,,0.995,0.2233,0.2244,33,07/01/2020,06/30/2023
SAMPLE HOSPITAL 2195,102194,ID,READM-30-COPD-HRRP,275,,0.9519,0.1199,0.126,33,07/01/2020,06/30/2023
SAMPLE HOSPITAL 2195,102194,ID,READM-30-PN-HRRP,256,,0.9754,0.1405,0.144,36,07/01/2020,06/30/2023
SAMPLE HOSPITAL 2196,102195,LA,READM-30-HIP-KNEE-HRRP,377,,0.9471,0.192,0.2027,72,07/01/2020,06/30/2023
SAMPLE HOSPITAL 2196,102195,LA,READM-30-PN-HRRP,39,,1.0546,0.1765,0.1674,7,07/01/2020,06/30/2023
SAMPLE HOSPITAL 2196,102195,LA,READM-30-HF-HRRP,160,,1.0875,0.2003,0.1842,32,07/01/2020,06/30/2023
SAMPLE HOSPITAL 2196,102195,LA,READM-30-COPD-HRRP,69,,1.0268,0.1501,0.1462,10,07/01/2020,06/30/2023
SAMPLE HOSPITAL 2196,102195,LA,READM-30-CABG-HRRP,113,,0.9993,0.1947,0.1948,22,07/01/2020,06/30/2023
SAMPLE HOSPITAL 2196,102195,LA,READM-30-AMI-HRRP,82,,1.0443,0.1843,0.1765,15,07/01/2020,06/30/2023
SAMPLE HOSPITAL 2197,102196,MI,READM-30-HF-HRRP,143,,0.952,0.2297,0.2413,33,07/01/2020,06/30/2023
SAMPLE HOSPITAL 2197,102196,MI,READM-30-HIP-KNEE-HRRP,231,,1.0978,0.1585,0.1444,37,07/01/2020,06/30/2023
SAMPLE HOSPITAL 2197,102196,MI,READM-30-COPD-HRRP,441,,1.0683,0.147,0.1376,65,07/01/2020,06/30/2023
SAMPLE HOSPITAL 2197,102196,MI,READM-30-AMI-HRRP,79,,1.0722,0.2499,0.2331,20,07/01/2020,06/30/2023
SAMPLE HOSPITAL 2197,102196,MI,READM-30-PN-HRRP,47,,1.015,0.2466,0.243,12,07/01/2020,06/30/2023
SAMPLE HOSPITAL 2197,102196,MI,READM-30-CABG-HRRP,148,,1.0573,0.2343,0.2216,35,07/01/2020,06/30/2023
SAMPLE HOSPITAL 2198,102197,MS,READM-30-COPD-HRRP,92,,1.0197,0.2435,0.2388,22,07/01/2020,06/30/2023
SAMPLE HOSPITAL 2198,102197,MS,READM-30-AMI-HRRP,135,,0.9507,0.1808,0.1902,24,07/01/2020,06/30/2023
SAMPLE HOSPITAL 2198,102197,MS,READM-30-CABG-HRRP,1343,,0.984,0.2289,0.2326,307,07/01/2020,06/30/2023
SAMPLE HOSPITAL 2198,102197,MS,READM-30-HIP-KNEE-HRRP,106,,0.9791,0.19,0.1941,20,07/01/2020,06/30/2023
SAMPLE HOSPITAL 2199,102198,MT,READM-30-AMI-HRRP,218,,1.0928,0.1359,0.1244,30,07/01/2020,06/30/2023
SAMPLE HOSPITAL 2199,102198,MT,READM-30-PN-HRRP,168,,0.9938,0.2036,0.2049,34,07/01/2020,06/30/2023
SAMPLE HOSPITAL 2199,102198,MT,READM-30-CABG-HRRP,217,,0.8514,0.1223,0.1436,27,07/01/2020,06/30/2023
SAMPLE HOSPITAL 2200,102199,NV,READM-30-COPD-HRRP,451,,0.891,0.1807,0.2028,81,07/01/2020,06/30/2023
SAMPLE HOSPITAL 2200,102199,NV,READM-30-HIP-KNEE-HRRP,30,,1.0244,0.182,0.1777,5,07/01/2020,06/30/2023
SAMPLE HOSPITAL 2200,102199,NV,READM-30-HF-HRRP,Too Few to Report,1,Too Few to Report,,,,07/01/2020,06/30/2023
SAMPLE HOSPITAL 2200,102199,NV,READM-30-PN-HRRP,514,,1.0249,0.2241,0.2187,115,07/01/2020,06/30/2023
SAMPLE HOSPITAL 2200,102199,NV,READM-30-CABG-HRRP,301,,0.9631,0.1531,0.159,46,07/01/2020,06/30/2023
SAMPLE HOSPITAL 2200,102199,NV,READM-30-AMI-HRRP,162,,0.9215,0.1145,0.1242,19,07/01/2020,06/30/2023
SAMPLE HOSPITAL 2201,102200,WV,READM-30-PN-HRRP,325,,1.0082,0.239,0.2371,78,07/01/2020,06/30/2023
SAMPLE HOSPITAL 2201,102200,WV,READM-30-HF-HRRP,206,,0.9718,0.1878,0.1933,39,07/01/2020,06/30/2023
SAMPLE HOSPITAL 2201,102200,WV,READM-30-HIP-KNEE-HRRP,825,,1.0985,0.1998,0.1819,165,07/01/2020,06/30/2023
SAMPLE HOSPITAL 2201,102200,WV,READM-30-COPD-HRRP,31,,1.0229,0.2003,0.1958,6,07/01/2020,06/30/2023
SAMPLE HOSPITAL 2202,102201,CT,READM-30-PN-HRRP,54,,1.0248,0.1661,0.1621,9,07/01/2020,06/30/2023
SAMPLE HOSPITAL 2202,102201,CT,READM-30-HF-HRRP,255,,1.0386,0.151,0.1454,39,07/01/2020,06/30/2023
SAMPLE HOSPITAL 2202,102201,CT,READM-30-HIP-KNEE-HRRP,111,,1.0573,0.1573,0.1488,17,07/01/2020,06/30/2023
SAMPLE HOSPITAL 2203,102202,LA,READM-30-HIP-KNEE-HRRP,266,,1.0149,0.1598,0.1575,43,07/01/2020,06/30/2023
SAMPLE HOSPITAL 2203,102202,LA,READM-30-AMI-HRRP,456,,0.9672,0.2439,0.2522,111,07/01/2020,06/30/2023
SAMPLE HOSPITAL 2203,102202,LA,READM-30-CABG-HRRP,Too Few to Report,1,Too Few to Report,,,,07/01/2020,06/30/2023
SAMPLE HOSPITAL 2203,102202,LA,READM-30-COPD-HRRP,269,,1.0125,0.2046,0.2021,55,07/01/2020,06/30/2023
SAMPLE HOSPITAL 2203,102202,LA,READM-30-PN-HRRP,571,,0.9714,0.119,0.1225,68,07/01/2020,06/30/2023
SAMPLE HOSPITAL 2203,102202,LA,READM-30-HF-HRRP,134,,1.0407,0.2172,0.2087,29,07/01/2020,06/30/2023
SAMPLE HOSPITAL 2204,102203,CT,READM-30-HF-HRRP,44,,1.0673,0.1991,0.1865,9,07/01/2020,06/30/2023
SAMPLE HOSPITAL 2204,102203,CT,READM-30-HIP-KNEE-HRRP,313,,0.9439,0.1832,0.1941,57,07/01/2020,06/30/2023
SAMPLE HOSPITAL 2204,102203,CT,READM-30-PN-HRRP,493,,1.0151,0.162,0.1596,80,07/01/2020,06/30/2023
SAMPLE HOSPITAL 2204,102203,CT,READM-30-COPD-HRRP,280,,0.9768,0.1805,0.1848,51,07/01/2020,06/30/2023
SAMPLE HOSPITAL 2204,102203,CT,READM-30-AMI-HRRP,170,,0.9595,0.1852,0.193,31,07/01/2020,06/30/2023
SAMPLE HOSPITAL 2205,102204,NE,READM-30-HIP-KNEE-HRRP,502,,0.985,0.2059,0.209,103,07/01/2020,06/30/2023
SAMPLE HOSPITAL 2205,102204,NE,READM-30-AMI-HRRP,584,,1.0101,0.2613,0.2587,153,07/01/2020,06/30/2023
SAMPLE HOSPITAL 2205,102204,NE,READM-30-COPD-HRRP,736,,1.1095,0.1789,0.1612,132,07/01/2020,06/30/2023
SAMPLE HOSPITAL 2205,102204,NE,READM-30-HF-HRRP,142,,1.0639,0.1503,0.1413,21,07/01/2020,06/30/2023
SAMPLE HOSPITAL 2205,102204,NE,READM-30-PN-HRRP,768,,0.9555,0.187,0.1957,144,07/01/2020,06/30/2023
SAMPLE HOSPITAL 2206,102205,VT,READM-30-PN-HRRP,319,,0.9258,0.1561,0.1686,50,07/01/2020,06/30/2023
SAMPLE HOSPITAL 2206,102205,VT,READM-30-AMI-HRRP,267,,0.9488,0.2165,0.2282,58,07/01/2020,06/30/2023
SAMPLE HOSPITAL 2206,102205,VT,READM-30-HIP-KNEE-HRRP,163,,0.93,0.1146,0.1232,19,07/01/2020,06/30/2023
SAMPLE HOSPITAL 2206,102205,VT,READM-30-CABG-HRRP,452,,1.0177,0.2626,0.258,119,07/01/2020,06/30/2023
SAMPLE HOSPITAL 2206,102205,VT,READM-30-COPD-HRRP,247,,0.8746,0.2254,0.2577,56,07/01/2020,06/30/2023
SAMPLE HOSPITAL 2206,102205,VT,READM-30-HF-HRRP,259,,0.9747,0.1482,0.152,38,07/01/2020,06/30/2023
SAMPLE HOSPITAL 2207,102206,CT,READM-30-AMI-HRRP,190,,1.0092,0.1536,0.1522,29,07/01/2020,06/30/2023
SAMPLE HOSPITAL 2207,102206,CT,READM-30-PN-HRRP,78,,1.0564,0.249,0.2357,19,07/01/2020,06/30/2023
SAMPLE HOSPITAL 2207,102206,CT,READM-30-CABG-HRRP,201,,0.965,0.1826,0.1892,37,07/01/2020,06/30/2023
SAMPLE HOSPITAL 2207,102206,CT,READM-30-HIP-KNEE-HRRP,72,,1.0163,0.1623,0.1597,12,07/01/2020,06/30/2023
SAMPLE HOSPITAL 2207,102206,CT,READM-30-COPD-HRRP,151,,1.068,0.2769,0.2593,42,07/01/2020,06/30/2023
SAMPLE HOSPITAL 2208,102207,WA,READM-30-COPD-HRRP,63,,1.025,0.1233,0.1203,8,07/01/2020,06/30/2023
SAMPLE HOSPITAL 2208,102207,WA,READM-30-HIP-KNEE-HRRP,61,,1.016,0.1558,0.1533,10,07/01/2020,06/30/2023
SAMPLE HOSPITAL 2208,102207,WA,READM-30-HF-HRRP,Too Few to Report,1,Too Few to Report,,,,07/01/2020,06/30/2023
SAMPLE HOSPITAL 2208,102207,WA,READM-30-AMI-HRRP,324,,1.0122,0.2243,0.2216,73,07/01/2020,06/30/2023
SAMPLE HOSPITAL 2208,102207,WA,READM-30-PN-HRRP,49,,0.9634,0.1793,0.1861,9,07/01/2020,06/30/2023
SAMPLE HOSPITAL 2209,102208,ID,READM-30-COPD-HRRP,209,,0.8804,0.2022,0.2297,42,07/01/2020,06/30/2023
SAMPLE HOSPITAL 2209,102208,ID,READM-30-HIP-KNEE-HRRP,182,,0.9089,0.1575,0.1733,29,07/01/2020,06/30/2023
SAMPLE HOSPITAL 2209,102208,ID,READM-30-CABG-HRRP,404,,0.9433,0.2093,0.2219,85,07/01/2020,06/30/2023
SAMPLE HOSPITAL 2209,102208,ID,READM-30-HF-HRRP,306,,0.9207,0.2318,0.2518,71,07/01/2020,06/30/2023
SAMPLE HOSPITAL 2209,102208,ID,READM-30-AMI-HRRP,78,,0.9998,0.2512,0.2513,20,07/01/2020,06/30/2023
SAMPLE HOSPITAL 2210,102209,MN,READM-30-AMI-HRRP,377,,0.989,0.2385,0.2412,90,07/01/2020,06/30/2023
SAMPLE HOSPITAL 2210,102209,MN,READM-30-CABG-HRRP,179,,1.1118,0.2304,0.2072,41,07/01/2020,06/30/2023
SAMPLE HOSPITAL 2210,102209,MN,READM-30-COPD-HRRP,421,,0.9572,0.184,0.1922,77,07/01/2020,06/30/2023
SAMPLE HOSPITAL 2210,102209,MN,READM-30-HIP-KNEE-HRRP,72,,1.0341,0.2497,0.2415,18,07/01/2020,06/30/2023
SAMPLE HOSPITAL 2210,102209,MN,READM-30-HF-HRRP,40,,1.0485,0.131,0.1249,5,07/01/2020,06/30/2023
SAMPLE HOSPITAL 2211,102210,AL,READM-30-HIP-KNEE-HRRP,117,,1.046,0.2574,0.2461,30,07/01/2020,06/30/2023
SAMPLE HOSPITAL 2211,102210,AL,READM-30-PN-HRRP,87,,1.0125,0.256,0.2528,22,07/01/2020,06/30/2023
SAMPLE HOSPITAL 2211,102210,AL,READM-30-AMI-HRRP,247,,1.0537,0.1603,0.1521,40,07/01/2020,06/30/2023
SAMPLE HOSPITAL 2212,102211,VT,READM-30-HF-HRRP,171,,0.9621,0.1421,0.1477,24,07/01/2020,06/30/2023
SAMPLE HOSPITAL 2212,102211,VT,READM-30-CABG-HRRP,362,,0.9616,0.2336,0.2429,85,07/01/2020,06/30/2023
SAMPLE HOSPITAL 2212,102211,VT,READM-30-PN-HRRP,452,,0.9379,0.1609,0.1716,73,07/01/2020,06/30/2023
SAMPLE HOSPITAL 2212,102211,VT,READM-30-HIP-KNEE-HRRP,204,,1.0681,0.2395,0.2242,49,07/01/2020,06/30/2023
SAMPLE HOSPITAL 2213,102212,IN,READM-30-COPD-HRRP,206,,0.9436,0.1646,0.1744,34,07/01/2020,06/30/2023
SAMPLE HOSPITAL 2213,102212,IN,READM-30-CABG-HRRP,161,,0.9319,0.2187,0.2347,35,07/01/2020,06/30/2023
SAMPLE HOSPITAL 2213,102212,IN,READM-30-PN-HRRP,262,,0.8962,0.1628,0.1817,43,07/01/2020,06/30/2023
SAMPLE HOSPITAL 2213,102212,IN,READM-30-AMI-HRRP,180,,1.0162,0.1461,0.1438,26,07/01/2020,06/30/2023
SAMPLE HOSPITAL 2213,102212,IN,READM-30-HIP-KNEE-HRRP,547,,0.9487,0.1602,0.1689,88,07/01/2020,06/30/2023
SAMPLE HOSPITAL 2214,102213,OR,READM-30-AMI-HRRP,51,,0.9485,0.2317,0.2443,12,07/01/2020,06/30/2023
SAMPLE HOSPITAL 2214,102213,OR,READM-30-HF-HRRP,85,,0.8823,0.1376,0.156,12,07/01/2020,06/30/2023
SAMPLE HOSPITAL 2214,102213,OR,READM-30-CABG-HRRP,67,,1.0124,0.2196,0.2169,15,07/01/2020,06/30/2023
SAMPLE HOSPITAL 2215,102214,NM,READM-30-PN-HRRP,85,,1.0576,0.1661,0.1571,14,07/01/2020,06/30/2023
SAMPLE HOSPITAL 2215,102214,NM,READM-30-COPD-HRRP,246,,1.0403,0.2082,0.2001,51,07/01/2020,06/30/2023
SAMPLE HOSPITAL 2215,102214,NM,READM-30-HF-HRRP,146,,1.0365,0.2052,0.198,30,07/01/2020,06/30/2023
SAMPLE HOSPITAL 2215,102214,NM,READM-30-AMI-HRRP,311,,0.9677,0.2066,0.2135,64,07/01/2020,06/30/2023
SAMPLE HOSPITAL 2215,102214,NM,READM-30-CABG-HRRP,271,,1.0248,0.2493,0.2433,68,07/01/2020,06/30/2023
SAMPLE HOSPITAL 2215,102214,NM,READM-30-HIP-KNEE-HRRP,1439,,0.9695,0.2273,0.2345,327,07/01/2020,06/30/2023
SAMPLE HOSPITAL 2216,102215,NV,READM-30-PN-HRRP,547,,0.9904,0.1793,0.181,98,07/01/2020,06/30/2023
SAMPLE HOSPITAL 2216,102215,NV,READM-30-CABG-HRRP,97,,0.9981,0.1416,0.1419,14,07/01/2020,06/30/2023
SAMPLE HOSPITAL 2216,102215,NV,READM-30-COPD-HRRP,233,,0.9861,0.2229,0.226,52,07/01/2020,06/30/2023
SAMPLE HOSPITAL 2216,102215,NV,READM-30-AMI-HRRP,192,,0.9769,0.1729,0.177,33,07/01/2020,06/30/2023
SAMPLE HOSPITAL 2216,102215,NV,READM-30-HIP-KNEE-HRRP,258,,0.9245,0.1646,0.178,42,07/01/2020,06/30/2023
SAMPLE HOSPITAL 2216,102215,NV,READM-30-HF-HRRP,159,,0.9115,0.1514,0.1661,24,07/01/2020,06/30/2023
SAMPLE HOSPITAL 2217,102216,PA,READM-30-CABG-HRRP,276,,1.0776,0.1525,0.1415,42,07/01/2020,06/30/2023
SAMPLE HOSPITAL 2217,102216,PA,READM-30-HF-HRRP,78,,1.0303,0.2471,0.2398,19,07/01/2020,06/30/2023
SAMPLE HOSPITAL 2217,102216,PA,READM-30-AMI-HRRP,178,,0.9956,0.1403,0.1409,25,07/01/2020,06/30/2023
SAMPLE HOSPITAL 2217,102216,PA,READM-30-COPD-HRRP,195,,0.9378,0.1728,0.1843,34,07/01/2020,06/30/2023
SAMPLE HOSPITAL 2217,102216,PA,READM-30-HIP-KNEE-HRRP,264,,0.9946,0.1893,0.1903,50,07/01/2020,06/30/2023
SAMPLE HOSPITAL 2218,102217,AZ,READM-30-PN-HRRP,228,,1.059,0.23,0.2172,52,07/01/2020,06/30/2023
SAMPLE HOSPITAL 2218,102217,AZ,READM-30-CABG-HRRP,47,,0.9621,0.2491,0.2589,12,07/01/2020,06/30/2023
SAMPLE HOSPITAL 2218,102217,AZ,READM-30-HF-HRRP,77,,1.0117,0.258,0.255,20,07/01/2020,06/30/2023
SAMPLE HOSPITAL 2218,102217,AZ,READM-30-COPD-HRRP,149,,0.9373,0.1487,0.1587,22,07/01/2020,06/30/2023
SAMPLE HOSPITAL 2219,102218,KS,READM-30-CABG-HRRP,228,,0.8755,0.1365,0.1559,31,07/01/2020,06/30/2023
SAMPLE HOSPITAL 2219,102218,KS,READM-30-HIP-KNEE-HRRP,28,,0.949,0.1752,0.1846,5,07/01/2020,06/30/2023
SAMPLE HOSPITAL 2219,102218,KS,READM-30-PN-HRRP,131,,1.0538,0.1989,0.1887,26,07/01/2020,06/30/2023
SAMPLE HOSPITAL 2219,102218,KS,READM-30-AMI-HRRP,308,,0.9761,0.1255,0.1286,39,07/01/2020,06/30/2023
SAMPLE HOSPITAL 2220,102219,IN,READM-30-COPD-HRRP,135,,0.9396,0.1497,0.1593,20,07/01/2020,06/30/2023
SAMPLE HOSPITAL 2220,102219,IN,READM-30-HIP-KNEE-HRRP,119,,0.9042,0.1787,0.1976,21,07/01/2020,06/30/2023
SAMPLE HOSPITAL 2220,102219,IN,READM-30-AMI-HRRP,131,,0.9146,0.174,0.1902,23,07/01/2020,06/30/2023
SAMPLE HOSPITAL 2221,102220,AR,READM-30-AMI-HRRP,82,,1.0918,0.1538,0.1409,13,07/01/2020,06/30/2023
SAMPLE HOSPITAL 2221,102220,AR,READM-30-HIP-KNEE-HRRP,112,,1.0681,0.1549,0.145,17,07/01/2020,06/30/2023
SAMPLE HOSPITAL 2221,102220,AR,READM-30-COPD-HRRP,183,,1.0267,0.1565,0.1524,29,07/01/2020,06/30/2023
SAMPLE HOSPITAL 2221,102220,AR,READM-30-HF-HRRP,109,,1.0724,0.2365,0.2205,26,07/01/2020,06/30/2023
SAMPLE HOSPITAL 2221,102220,AR,READM-30-PN-HRRP,112,,0.9671,0.1802,0.1863,20,07/01/2020,06/30/2023
SAMPLE HOSPITAL 2222,102221,VA,READM-30-AMI-HRRP,370,,1.0204,0.2649,0.2596,98,07/01/2020,06/30/2023
SAMPLE HOSPITAL 2222,102221,VA,READM-30-HF-HRRP,125,,1.0319,0.1985,0.1924,25,07/01/2020,06/30/2023
SAMPLE HOSPITAL 2222,102221,VA,READM-30-PN-HRRP,205,,1.1346,0.2023,0.1783,41,07/01/2020,06/30/2023
SAMPLE HOSPITAL 2222,102221,VA,READM-30-CABG-HRRP,293,,0.9652,0.2425,0.2512,71,07/01/2020,06/30/2023
SAMPLE HOSPITAL 2222,102221,VA,READM-30-COPD-HRRP,181,,1.0167,0.1372,0.1349,25,07/01/2020,06/30/2023
SAMPLE HOSPITAL 2223,102222,ME,READM-30-AMI-HRRP,373,,1.0529,0.1885,0.179,70,07/01/2020,06/30/2023
SAMPLE HOSPITAL 2223,102222,ME,READM-30-CABG-HRRP,35,,1.0984,0.2374,0.2161,8,07/01/2020,06/30/2023
SAMPLE HOSPITAL 2223,102222,ME,READM-30-PN-HRRP,476,,0.9425,0.1917,0.2034,91,07/01/2020,06/30/2023
SAMPLE HOSPITAL 2223,102222,ME,READM-30-HF-HRRP,Too Few to Report,1,Too Few to Report,,,,07/01/2020,06/30/2023
SAMPLE HOSPITAL 2223,102222,ME,READM-30-HIP-KNEE-HRRP,27,,1.0681,0.2719,0.2546,7,07/01/2020,06/30/2023
SAMPLE HOSPITAL 2223,102222,ME,READM-30-COPD-HRRP,184,,1.1103,0.1828,0.1646,34,07/01/2020,06/30/2023
SAMPLE HOSPITAL 2224,102223,WY,READM-30-COPD-HRRP,65,,0.93,0.238,0.2559,15,07/01/2020,06/30/2023
SAMPLE HOSPITAL 2224,102223,WY,READM-30-PN-HRRP,202,,1.0053,0.2116,0.2105,43,07/01/2020,06/30/2023
SAMPLE HOSPITAL 2224,102223,WY,READM-30-HIP-KNEE-HRRP,71,,0.9997,0.176,0.1761,12,07/01/2020,06/30/2023
SAMPLE HOSPITAL 2224,102223,WY,READM-30-HF-HRRP,44,,1.0292,0.2218,0.2155,10,07/01/2020,06/30/2023
SAMPLE HOSPITAL 2224,102223,WY,READM-30-AMI-HRRP,33,,1.1034,0.233,0.2112,8,07/01/2020,06/30/2023
SAMPLE HOSPITAL 2225,102224,SD,READM-30-AMI-HRRP,565,,1.0588,0.2229,0.2105,126,07/01/2020,06/30/2023
SAMPLE HOSPITAL 2225,102224,SD,READM-30-COPD-HRRP,285,,0.9723,0.1422,0.1463,41,07/01/2020,06/30/2023
SAMPLE HOSPITAL 2225,102224,SD,READM-30-HIP-KNEE-HRRP,109,,1.0485,0.2256,0.2152,25,07/01/2020,06/30/2023
SAMPLE HOSPITAL 2225,102224,SD,READM-30-PN-HRRP,621,,0.9754,0.2532,0.2596,157,07/01/2020,06/30/2023
SAMPLE HOSPITAL 2226,102225,TN,READM-30-HF-HRRP,263,,0.9599,0.126,0.1313,33,07/01/2020,06/30/2023
SAMPLE HOSPITAL 2226,102225,TN,READM-30-CABG-HRRP,1114,,1.0838,0.1901,0.1754,212,07/01/2020,06/30/2023
SAMPLE HOSPITAL 2226,102225,TN,READM-30-COPD-HRRP,1021,,0.9557,0.1401,0.1466,143,07/01/2020,06/30/2023
SAMPLE HOSPITAL 2226,102225,TN,READM-30-HIP-KNEE-HRRP,477,,0.9927,0.2479,0.2497,118,07/01/2020,06/30/2023
SAMPLE HOSPITAL 2226,102225,TN,READM-30-AMI-HRRP,504,,1.1045,0.2117,0.1917,107,07/01/2020,06/30/2023
SAMPLE HOSPITAL 2226,102225,TN,READM-30-PN-HRRP,299,,1.0363,0.2043,0.1971,61,07/01/2020,06/30/2023
SAMPLE HOSPITAL 2227,102226,CA,READM-30-HIP-KNEE-HRRP,87,,0.9577,0.1273,0.1329,11,07/01/2020,06/30/2023
SAMPLE HOSPITAL 2227,102226,CA,READM-30-AMI-HRRP,104,,0.9507,0.2164,0.2276,23,07/01/2020,06/30/2023
SAMPLE HOSPITAL 2227,102226,CA,READM-30-COPD-HRRP,466,,0.9666,0.1714,0.1773,80,07/01/2020,06/30/2023
SAMPLE HOSPITAL 2227,102226,CA,READM-30-CABG-HRRP,148,,0.9691,0.1385,0.1429,20,07/01/2020,06/30/2023
SAMPLE HOSPITAL 2227,102226,CA,READM-30-PN-HRRP,130,,0.9261,0.1381,0.1491,18,07/01/2020,06/30/2023
SAMPLE HOSPITAL 2227,102226,CA,READM-30-HF-HRRP,497,,0.9455,0.245,0.2591,122,07/01/2020,06/30/2023
SAMPLE HOSPITAL 2228,102227,CA,READM-30-HIP-KNEE-HRRP,300,,0.9377,0.2325,0.2479,70,07/01/2020,06/30/2023
SAMPLE HOSPITAL 2228,102227,CA,READM-30-PN-HRRP,36,,1.0761,0.1371,0.1274,5,07/01/2020,06/30/2023
SAMPLE HOSPITAL 2228,102227,CA,READM-30-COPD-HRRP,512,,0.9473,0.1598,0.1687,82,07/01/2020,06/30/2023
SAMPLE HOSPITAL 2228,102227,CA,READM-30-HF-HRRP,152,,1.0021,0.1955,0.1951,30,07/01/2020,06/30/2023
SAMPLE HOSPITAL 2228,102227,CA,READM-30-AMI-HRRP,271,,1.0253,0.2578,0.2514,70,07/01/2020,06/30/2023
SAMPLE HOSPITAL 2229,102228,NV,READM-30-AMI-HRRP,1848,,0.9297,0.1589,0.1709,294,07/01/2020,06/30/2023
SAMPLE HOSPITAL 2229,102228,NV,READM-30-HF-HRRP,461,,0.9374,0.1647,0.1757,76,07/01/2020,06/30/2023
SAMPLE HOSPITAL 2229,102228,NV,READM-30-CABG-HRRP,171,,0.9502,0.2161,0.2274,37,07/01/2020,06/30/2023
SAMPLE HOSPITAL 2230,102229,NV,READM-30-COPD-HRRP,414,,1.0677,0.1801,0.1687,75,07/01/2020,06/30/2023
SAMPLE HOSPITAL 2230,102229,NV,READM-30-CABG-HRRP,569,,0.9443,0.1282,0.1358,73,07/01/2020,06/30/2023
SAMPLE HOSPITAL 2230,102229,NV,READM-30-PN-HRRP,346,,0.9174,0.2243,0.2445,78,07/01/2020,06/30/2023
SAMPLE HOSPITAL 2230,102229,NV,READM-30-HIP-KNEE-HRRP,229,,1.0122,0.2046,0.2021,47,07/01/2020,06/30/2023
SAMPLE HOSPITAL 2230,102229,NV,READM-30-AMI-HRRP,156,,1.0775,0.2793,0.2592,44,07/01/2020,06/30/2023
SAMPLE HOSPITAL 2230,102229,NV,READM-30-HF-HRRP,35,,1.0334,0.179,0.1732,6,07/01/2020,06/30/2023
SAMPLE HOSPITAL 2232,102231,CO,READM-30-AMI-HRRP,854,,0.9672,0.1483,0.1533,127,07/01/2020,06/30/2023
SAMPLE HOSPITAL 2232,102231,CO,READM-30-PN-HRRP,88,,0.9232,0.1665,0.1803,15,07/01/2020,06/30/2023
SAMPLE HOSPITAL 2232,102231,CO,READM-30-HIP-KNEE-HRRP,142,,0.9411,0.1272,0.1352,18,07/01/2020,06/30/2023
SAMPLE HOSPITAL 2232,102231,CO,READM-30-HF-HRRP,182,,0.9908,0.2504,0.2527,46,07/01/2020,06/30/2023
SAMPLE HOSPITAL 2232,102231,CO,READM-30-COPD-HRRP,102,,0.9693,0.1363,0.1406,14,07/01/2020,06/30/2023
SAMPLE HOSPITAL 2233,102232,WY,READM-30-HIP-KNEE-HRRP,122,,1.0186,0.1462,0.1435,18,07/01/2020,06/30/2023
SAMPLE HOSPITAL 2233,102232,WY,READM-30-HF-HRRP,Too Few to Report,1,Too Few to Report,,,,07/01/2020,06/30/2023
SAMPLE HOSPITAL 2233,102232,WY,READM-30-PN-HRRP,28,,0.9624,0.1708,0.1775,5,07/01/2020,06/30/2023
SAMPLE HOSPITAL 2234,102233,WI,READM-30-CABG-HRRP,245,,1.1701,0.2987,0.2553,73,07/01/2020,06/30/2023
SAMPLE HOSPITAL 2234,102233,WI,READM-30-HF-HRRP,271,,1.088,0.2655,0.244,72,07/01/2020,06/30/2023
SAMPLE HOSPITAL 2234,102233,WI,READM-30-PN-HRRP,84,,0.9867,0.1643,0.1665,14,07/01/2020,06/30/2023
SAMPLE HOSPITAL 2234,102233,WI,READM-30-HIP-KNEE-HRRP,30,,0.9106,0.2182,0.2396,7,07/01/2020,06/30/2023
SAMPLE HOSPITAL 2234,102233,WI,READM-30-AMI-HRRP,207,,1.0377,0.2608,0.2513,54,07/01/2020,06/30/2023
SAMPLE HOSPITAL 2234,102233,WI,READM-30-COPD-HRRP,348,,1.0272,0.2348,0.2286,82,07/01/2020,06/30/2023
SAMPLE HOSPITAL 2235,102234,FL,READM-30-COPD-HRRP,137,,1.138,0.2641,0.2321,36,07/01/2020,06/30/2023
SAMPLE HOSPITAL 2235,102234,FL,READM-30-PN-HRRP,129,,0.8881,0.1972,0.2221,25,07/01/2020,06/30/2023
SAMPLE HOSPITAL 2235,102234,FL,READM-30-AMI-HRRP,505,,0.9918,0.1408,0.142,71,07/01/2020,06/30/2023
SAMPLE HOSPITAL 2235,102234,FL,READM-30-CABG-HRRP,49,,1.0233,0.1889,0.1846,9,07/01/2020,06/30/2023
SAMPLE HOSPITAL 2235,102234,FL,READM-30-HF-HRRP,44,,1.044,0.2454,0.2351,11,07/01/2020,06/30/2023
SAMPLE HOSPITAL 2235,102234,FL,READM-30-HIP-KNEE-HRRP,249,,1.0412,0.1688,0.1621,42,07/01/2020,06/30/2023
SAMPLE HOSPITAL 2236,102235,ND,READM-30-COPD-HRRP,472,,1.0965,0.2685,0.2449,127,07/01/2020,06/30/2023
SAMPLE HOSPITAL 2236,102235,ND,READM-30-AMI-HRRP,301,,1.0019,0.1926,0.1922,58,07/01/2020,06/30/2023
SAMPLE HOSPITAL 2236,102235,ND,READM-30-HF-HRRP,147,,1.039,0.2467,0.2374,36,07/01/2020,06/30/2023
SAMPLE HOSPITAL 2236,102235,ND,READM-30-PN-HRRP,91,,0.9867,0.199,0.2017,18,07/01/2020,06/30/2023
SAMPLE HOSPITAL 2236,102235,ND,READM-30-CABG-HRRP,81,,1.055,0.1617,0.1533,13,07/01/2020,06/30/2023
SAMPLE HOSPITAL 2236,102235,ND,READM-30-HIP-KNEE-HRRP,151,,0.9197,0.1261,0.1371,19,07/01/2020,06/30/2023
SAMPLE HOSPITAL 2237,102236,NH,READM-30-HF-HRRP,151,,0.9884,0.2543,0.2573,38,07/01/2020,06/30/2023
SAMPLE HOSPITAL 2237,102236,NH,READM-30-AMI-HRRP,43,,1.0308,0.1866,0.181,8,07/01/2020,06/30/2023
SAMPLE HOSPITAL 2237,102236,NH,READM-30-PN-HRRP,87,,0.8999,0.2329,0.2588,20,07/01/2020,06/30/2023
SAMPLE HOSPITAL 2238,102237,IL,READM-30-COPD-HRRP,133,,1.0142,0.1609,0.1586,21,07/01/2020,06/30/2023
SAMPLE HOSPITAL 2238,102237,IL,READM-30-HF-HRRP,446,,1.1052,0.2351,0.2127,105,07/01/2020,06/30/2023
SAMPLE HOSPITAL 2238,102237,IL,READM-30-AMI-HRRP,219,,1.1018,0.2579,0.2341,56,07/01/2020,06/30/2023
SAMPLE HOSPITAL 2238,102237,IL,READM-30-PN-HRRP,170,,0.9842,0.1326,0.1347,23,07/01/2020,06/30/2023
SAMPLE HOSPITAL 2238,102237,IL,READM-30-HIP-KNEE-HRRP,349,,1.0009,0.2145,0.2143,75,07/01/2020,06/30/2023
SAMPLE HOSPITAL 2239,102238,NV,READM-30-AMI-HRRP,87,,1.0334,0.1269,0.1228,11,07/01/2020,06/30/2023
SAMPLE HOSPITAL 2239,102238,NV,READM-30-PN-HRRP,927,,1.0343,0.2228,0.2154,207,07/01/2020,06/30/2023
SAMPLE HOSPITAL 2239,102238,NV,READM-30-HF-HRRP,99,,0.9871,0.2426,0.2458,24,07/01/2020,06/30/2023
SAMPLE HOSPITAL 2240,102239,AK,READM-30-HF-HRRP,235,,1.0618,0.1291,0.1216,30,07/01/2020,06/30/2023
SAMPLE HOSPITAL 2240,102239,AK,READM-30-COPD-HRRP,65,,1.0393,0.1539,0.1481,10,07/01/2020,06/30/2023
SAMPLE HOSPITAL 2240,102239,AK,READM-30-CABG-HRRP,35,,1.0343,0.1906,0.1843,7,07/01/2020,06/30/2023
SAMPLE HOSPITAL 2240,102239,AK,READM-30-PN-HRRP,179,,0.9312,0.2313,0.2484,41,07/01/2020,06/30/2023
SAMPLE HOSPITAL 2240,102239,AK,READM-30-AMI-HRRP,180,,1.0869,0.1702,0.1566,31,07/01/2020,06/30/2023
SAMPLE HOSPITAL 2240,102239,AK,READM-30-HIP-KNEE-HRRP,34,,0.9367,0.1204,0.1285,4,07/01/2020,06/30/2023
SAMPLE HOSPITAL 2241,102240,TN,READM-30-PN-HRRP,87,,0.9547,0.127,0.133,11,07/01/2020,06/30/2023
SAMPLE HOSPITAL 2241,102240,TN,READM-30-HIP-KNEE-HRRP,144,,1.0518,0.1626,0.1546,23,07/01/2020,06/30/2023
SAMPLE HOSPITAL 2241,102240,TN,READM-30-CABG-HRRP,234,,1.0333,0.2239,0.2167,52,07/01/2020,06/30/2023
SAMPLE HOSPITAL 2242,102241,AK,READM-30-PN-HRRP,140,,1.1161,0.1775,0.159,25,07/01/2020,06/30/2023
SAMPLE HOSPITAL 2242,102241,AK,READM-30-AMI-HRRP,301,,1.0698,0.1918,0.1793,58,07/01/2020,06/30/2023
SAMPLE HOSPITAL 2242,102241,AK,READM-30-CABG-HRRP,280,,0.9679,0.1546,0.1597,43,07/01/2020,06/30/2023
SAMPLE HOSPITAL 2242,102241,AK,READM-30-HIP-KNEE-HRRP,313,,1.0208,0.1588,0.1556,50,07/01/2020,06/30/2023
SAMPLE HOSPITAL 2242,102241,AK,READM-30-HF-HRRP,55,,1.0423,0.2189,0.21,12,07/01/2020,06/30/2023
SAMPLE HOSPITAL 2243,102242,NJ,READM-30-HIP-KNEE-HRRP,284,,1.1062,0.1935,0.1749,55,07/01/2020,06/30/2023
SAMPLE HOSPITAL 2243,102242,NJ,READM-30-AMI-HRRP,183,,1.0529,0.1938,0.1841,35,07/01/2020,06/30/2023
SAMPLE HOSPITAL 2243,102242,NJ,READM-30-PN-HRRP,92,,0.9603,0.1846,0.1922,17,07/01/2020,06/30/2023
SAMPLE HOSPITAL 2244,102243,WA,READM-30-COPD-HRRP,274,,0.9873,0.2477,0.2509,68,07/01/2020,06/30/2023
SAMPLE HOSPITAL 2244,102243,WA,READM-30-CABG-HRRP,320,,1.0775,0.2386,0.2214,76,07/01/2020,06/30/2023
SAMPLE HOSPITAL 2244,102243,WA,READM-30-HIP-KNEE-HRRP,268,,0.9415,0.1973,0.2096,53,07/01/2020,06/30/2023
SAMPLE HOSPITAL 2244,102243,WA,READM-30-HF-HRRP,88,,1.0331,0.2248,0.2176,20,07/01/2020,06/30/2023
SAMPLE HOSPITAL 2244,102243,WA,READM-30-AMI-HRRP,164,,1.0289,0.2193,0.2131,36,07/01/2020,06/30/2023
SAMPLE HOSPITAL 2244,102243,WA,READM-30-PN-HRRP,135,,1.0949,0.1409,0.1287,19,07/01/2020,06/30/2023
SAMPLE HOSPITAL 2245,102244,PA,READM-30-HIP-KNEE-HRRP,277,,0.8885,0.1539,0.1732,43,07/01/2020,06/30/2023
SAMPLE HOSPITAL 2245,102244,PA,READM-30-AMI-HRRP,107,,0.975,0.1855,0.1903,20,07/01/2020,06/30/2023
SAMPLE HOSPITAL 2245,102244,PA,READM-30-COPD-HRRP,230,,1.0103,0.2009,0.1989,46,07/01/2020,06/30/2023
SAMPLE HOSPITAL 2245,102244,PA,READM-30-CABG-HRRP,791,,0.8965,0.1718,0.1916,136,07/01/2020,06/30/2023
SAMPLE HOSPITAL 2245,102244,PA,READM-30-HF-HRRP,116,,0.9424,0.1726,0.1831,20,07/01/2020,06/30/2023
SAMPLE HOSPITAL 2245,102244,PA,READM-30-PN-HRRP,1108,,0.9627,0.1834,0.1905,203,07/01/2020,06/30/2023
SAMPLE HOSPITAL 2246,102245,VT,READM-30-HF-HRRP,29,,0.9777,0.1179,0.1206,3,07/01/2020,06/30/2023
SAMPLE HOSPITAL 2246,102245,VT,READM-30-HIP-KNEE-HRRP,82,,1.0809,0.2756,0.255,23,07/01/2020,06/30/2023
SAMPLE HOSPITAL 2246,102245,VT,READM-30-CABG-HRRP,197,,0.9838,0.1318,0.134,26,07/01/2020,06/30/2023
SAMPLE HOSPITAL 2247,102246,MI,READM-30-CABG-HRRP,164,,0.9483,0.1738,0.1833,29,07/01/2020,06/30/2023
SAMPLE HOSPITAL 2247,102246,MI,READM-30-HIP-KNEE-HRRP,1345,,0.9929,0.2351,0.2368,316,07/01/2020,06/30/2023
SAMPLE HOSPITAL 2247,102246,MI,READM-30-PN-HRRP,34,,1.1373,0.2827,0.2486,10,07/01/2020,06/30/2023
SAMPLE HOSPITAL 2248,102247,NE,READM-30-AMI-HRRP,60,,0.9534,0.1779,0.1866,11,07/01/2020,06/30/2023
SAMPLE HOSPITAL 2248,102247,NE,READM-30-CABG-HRRP,430,,1.094,0.2668,0.2439,115,07/01/2020,06/30/2023
SAMPLE HOSPITAL 2248,102247,NE,READM-30-HIP-KNEE-HRRP,139,,1.0068,0.2313,0.2297,32,07/01/2020,06/30/2023
SAMPLE HOSPITAL 2249,102248,IL,READM-30-CABG-HRRP,325,,1.0432,0.214,0.2051,70,07/01/2020,06/30/2023
SAMPLE HOSPITAL 2249,102248,IL,READM-30-PN-HRRP,63,,0.999,0.2146,0.2148,14,07/01/2020,06/30/2023
SAMPLE HOSPITAL 2249,102248,IL,READM-30-HIP-KNEE-HRRP,162,,0.9303,0.2286,0.2457,37,07/01/2020,06/30/2023
SAMPLE HOSPITAL 2249,102248,IL,READM-30-HF-HRRP,189,,1.0293,0.2638,0.2563,50,07/01/2020,06/30/2023
SAMPLE HOSPITAL 2250,102249,MA,READM-30-COPD-HRRP,106,,0.8992,0.1642,0.1826,17,07/01/2020,06/30/2023
SAMPLE HOSPITAL 2250,102249,MA,READM-30-AMI-HRRP,155,,1.1094,0.1998,0.1801,31,07/01/2020,06/30/2023
SAMPLE HOSPITAL 2250,102249,MA,READM-30-CABG-HRRP,75,,0.9901,0.174,0.1757,13,07/01/2020,06/30/2023
SAMPLE HOSPITAL 2251,102250,MD,READM-30-COPD-HRRP,67,,1.1006,0.1401,0.1273,9,07/01/2020,06/30/2023
SAMPLE HOSPITAL 2251,102250,MD,READM-30-PN-HRRP,259,,1.0143,0.1754,0.1729,45,07/01/2020,06/30/2023
SAMPLE HOSPITAL 2251,102250,MD,READM-30-CABG-HRRP,95,,0.9851,0.1357,0.1378,13,07/01/2020,06/30/2023
SAMPLE HOSPITAL 2252,102251,MA,READM-30-PN-HRRP,71,,0.9865,0.2415,0.2448,17,07/01/2020,06/30/2023
SAMPLE HOSPITAL 2252,102251,MA,READM-30-HIP-KNEE-HRRP,160,,1.055,0.2419,0.2293,39,07/01/2020,06/30/2023
SAMPLE HOSPITAL 2252,102251,MA,READM-30-CABG-HRRP,294,,1.0409,0.2265,0.2176,67,07/01/2020,06/30/2023
SAMPLE HOSPITAL 2253,102252,AL,READM-30-COPD-HRRP,206,,1.1026,0.2702,0.2451,56,07/01/2020,06/30/2023
SAMPLE HOSPITAL 2253,102252,AL,READM-30-CABG-HRRP,532,,0.9908,0.2361,0.2383,126,07/01/2020,06/30/2023
SAMPLE HOSPITAL 2253,102252,AL,READM-30-HIP-KNEE-HRRP,62,,0.8713,0.1227,0.1408,8,07/01/2020,06/30/2023
SAMPLE HOSPITAL 2253,102252,AL,READM-30-HF-HRRP,352,,1.0328,0.1557,0.1508,55,07/01/2020,06/30/2023
SAMPLE HOSPITAL 2254,102253,MN,READM-30-HF-HRRP,76,,0.9489,0.1198,0.1262,9,07/01/2020,06/30/2023
SAMPLE HOSPITAL 2254,102253,MN,READM-30-PN-HRRP,184,,0.9202,0.2026,0.2202,37,07/01/2020,06/30/2023
SAMPLE HOSPITAL 2254,102253,MN,READM-30-COPD-HRRP,165,,1.0422,0.1342,0.1288,22,07/01/2020,06/30/2023
SAMPLE HOSPITAL 2254,102253,MN,READM-30-CABG-HRRP,111,,0.9409,0.2013,0.2139,22,07/01/2020,06/30/2023
SAMPLE HOSPITAL 2255,102254,LA,READM-30-HF-HRRP,338,,0.96,0.1836,0.1912,62,07/01/2020,06/30/2023
SAMPLE HOSPITAL 2255,102254,LA,READM-30-CABG-HRRP,143,,1.0631,0.2701,0.2541,39,07/01/2020,06/30/2023
SAMPLE HOSPITAL 2255,102254,LA,READM-30-HIP-KNEE-HRRP,167,,1.063,0.2119,0.1993,35,07/01/2020,06/30/2023
SAMPLE HOSPITAL 2255,102254,LA,READM-30-COPD-HRRP,294,,1.092,0.1526,0.1397,45,07/01/2020,06/30/2023
SAMPLE HOSPITAL 2255,102254,LA,READM-30-PN-HRRP,71,,1.0943,0.1413,0.1291,10,07/01/2020,06/30/2023
SAMPLE HOSPITAL 2256,102255,HI,READM-30-HF-HRRP,638,,0.9401,0.1302,0.1385,83,07/01/2020,06/30/2023
SAMPLE HOSPITAL 2256,102255,HI,READM-30-COPD-HRRP,182,,1.0231,0.2205,0.2155,40,07/01/2020,06/30/2023
SAMPLE HOSPITAL 2256,102255,HI,READM-30-AMI-HRRP,568,,0.9696,0.1691,0.1744,96,07/01/2020,06/30/2023
SAMPLE HOSPITAL 2256,102255,HI,READM-30-PN-HRRP,29,,0.9927,0.1476,0.1487,4,07/01/2020,06/30/2023
SAMPLE HOSPITAL 2257,102256,MT,READM-30-PN-HRRP,140,,1.0415,0.1516,0.1456,21,07/01/2020,06/30/2023
SAMPLE HOSPITAL 2257,102256,MT,READM-30-HF-HRRP,163,,1.0032,0.2542,0.2534,41,07/01/2020,06/30/2023
SAMPLE HOSPITAL 2257,102256,MT,READM-30-CABG-HRRP,52,,1.1375,0.1925,0.1692,10,07/01/2020,06/30/2023
SAMPLE HOSPITAL 2257,102256,MT,READM-30-AMI-HRRP,487,,1.0561,0.2534,0.2399,123,07/01/2020,06/30/2023
SAMPLE HOSPITAL 2257,102256,MT,READM-30-HIP-KNEE-HRRP,61,,0.9619,0.2499,0.2598,15,07/01/2020,06/30/2023
SAMPLE HOSPITAL 2257,102256,MT,READM-30-COPD-HRRP,328,,0.9952,0.163,0.1638,53,07/01/2020,06/30/2023
SAMPLE HOSPITAL 2258,102257,IA,READM-30-HF-HRRP,87,,0.9297,0.1769,0.1903,15,07/01/2020,06/30/2023
SAMPLE HOSPITAL 2258,102257,IA,READM-30-HIP-KNEE-HRRP,28,,0.9703,0.1709,0.1761,5,07/01/2020,06/30/2023
SAMPLE HOSPITAL 2258,102257,IA,READM-30-AMI-HRRP,572,,0.952,0.1745,0.1833,100,07/01/2020,06/30/2023
SAMPLE HOSPITAL 2258,102257,IA,READM-30-CABG-HRRP,197,,0.9667,0.1321,0.1366,26,07/01/2020,06/30/2023
SAMPLE HOSPITAL 2258,102257,IA,READM-30-COPD-HRRP,442,,0.9721,0.2255,0.232,100,07/01/2020,06/30/2023
SAMPLE HOSPITAL 2258,102257,IA,READM-30-PN-HRRP,Too Few to Report,1,Too Few to Report,,,,07/01/2020,06/30/2023
SAMPLE HOSPITAL 2259,102258,CT,READM-30-HIP-KNEE-HRRP,66,,0.856,0.1674,0.1956,11,07/01/2020,06/30/2023
SAMPLE HOSPITAL 2259,102258,CT,READM-30-PN-HRRP,53,,1.0245,0.1507,0.1471,8,07/01/2020,06/30/2023
SAMPLE HOSPITAL 2259,102258,CT,READM-30-COPD-HRRP,156,,1.0648,0.2175,0.2043,34,07/01/2020,06/30/2023
SAMPLE HOSPITAL 2259,102258,CT,READM-30-HF-HRRP,47,,0.948,0.159,0.1677,7,07/01/2020,06/30/2023
SAMPLE HOSPITAL 2259,102258,CT,READM-30-CABG-HRRP,194,,0.9384,0.1518,0.1618,29,07/01/2020,06/30/2023
SAMPLE HOSPITAL 2260,102259,AR,READM-30-HIP-KNEE-HRRP,320,,1.0151,0.1385,0.1364,44,07/01/2020,06/30/2023
SAMPLE HOSPITAL 2260,102259,AR,READM-30-CABG-HRRP,160,,1.0979,0.2578,0.2348,41,07/01/2020,06/30/2023
SAMPLE HOSPITAL 2260,102259,AR,READM-30-AMI-HRRP,486,,1.0309,0.1978,0.1919,96,07/01/2020,06/30/2023
SAMPLE HOSPITAL 2260,102259,AR,READM-30-PN-HRRP,38,,1.0521,0.138,0.1312,5,07/01/2020,06/30/2023
SAMPLE HOSPITAL 2260,102259,AR,READM-30-COPD-HRRP,76,,0.9824,0.2413,0.2456,18,07/01/2020,06/30/2023
SAMPLE HOSPITAL 2260,102259,AR,READM-30-HF-HRRP,359,,0.9352,0.1742,0.1863,63,07/01/2020,06/30/2023
SAMPLE HOSPITAL 2261,102260,VA,READM-30-CABG-HRRP,53,,0.9537,0.174,0.1824,9,07/01/2020,06/30/2023
SAMPLE HOSPITAL 2261,102260,VA,READM-30-COPD-HRRP,258,,0.9792,0.1658,0.1693,43,07/01/2020,06/30/2023
SAMPLE HOSPITAL 2261,102260,VA,READM-30-PN-HRRP,Too Few to Report,1,Too Few to Report,,,,07/01/2020,06/30/2023
SAMPLE HOSPITAL 2262,102261,IA,READM-30-CABG-HRRP,237,,1.0248,0.19,0.1854,45,07/01/2020,06/30/2023
SAMPLE HOSPITAL 2262,102261,IA,READM-30-COPD-HRRP,117,,1.0219,0.2657,0.26,31,07/01/2020,06/30/2023
SAMPLE HOSPITAL 2262,102261,IA,READM-30-HF-HRRP,241,,1.0731,0.1335,0.1244,32,07/01/2020,06/30/2023
SAMPLE HOSPITAL 2262,102261,IA,READM-30-HIP-KNEE-HRRP,641,,1.0515,0.2303,0.219,148,07/01/2020,06/30/2023
SAMPLE HOSPITAL 2262,102261,IA,READM-30-PN-HRRP,126,,1.0413,0.2598,0.2495,33,07/01/2020,06/30/2023
SAMPLE HOSPITAL 2263,102262,OH,READM-30-AMI-HRRP,96,,0.9277,0.2152,0.232,21,07/01/2020,06/30/2023
SAMPLE HOSPITAL 2263,102262,OH,READM-30-COPD-HRRP,27,,0.9835,0.1336,0.1358,4,07/01/2020,06/30/2023
SAMPLE HOSPITAL 2263,102262,OH,READM-30-HF-HRRP,152,,0.9916,0.2252,0.2271,34,07/01/2020,06/30/2023
SAMPLE HOSPITAL 2263,102262,OH,READM-30-CABG-HRRP,111,,0.933,0.15,0.1608,17,07/01/2020,06/30/2023
SAMPLE HOSPITAL 2263,102262,OH,READM-30-PN-HRRP,200,,0.9426,0.1452,0.154,29,07/01/2020,06/30/2023
SAMPLE HOSPITAL 2263,102262,OH,READM-30-HIP-KNEE-HRRP,44,,0.8412,0.1708,0.203,8,07/01/2020,06/30/2023
SAMPLE HOSPITAL 2264,102263,IL,READM-30-CABG-HRRP,333,,0.9755,0.1579,0.1619,53,07/01/2020,06/30/2023
SAMPLE HOSPITAL 2264,102263,IL,READM-30-AMI-HRRP,306,,0.9469,0.2328,0.2459,71,07/01/2020,06/30/2023
SAMPLE HOSPITAL 2264,102263,IL,READM-30-HIP-KNEE-HRRP,465,,0.9631,0.1496,0.1553,70,07/01/2020,06/30/2023
SAMPLE HOSPITAL 2264,102263,IL,READM-30-HF-HRRP,719,,1.0279,0.1727,0.168,124,07/01/2020,06/30/2023
SAMPLE HOSPITAL 2265,102264,MI,READM-30-CABG-HRRP,172,,1.083,0.1425,0.1316,25,07/01/2020,06/30/2023
SAMPLE HOSPITAL 2265,102264,MI,READM-30-HIP-KNEE-HRRP,117,,1.0059,0.2192,0.2179,26,07/01/2020,06/30/2023
SAMPLE HOSPITAL 2265,102264,MI,READM-30-COPD-HRRP,162,,1.0728,0.228,0.2125,37,07/01/2020,06/30/2023
SAMPLE HOSPITAL 2266,102265,NM,READM-30-COPD-HRRP,249,,0.9874,0.1605,0.1625,40,07/01/2020,06/30/2023
SAMPLE HOSPITAL 2266,102265,NM,READM-30-AMI-HRRP,210,,0.9379,0.141,0.1503,30,07/01/2020,06/30/2023
SAMPLE HOSPITAL 2266,102265,NM,READM-30-CABG-HRRP,207,,0.9394,0.2347,0.2498,49,07/01/2020,06/30/2023
SAMPLE HOSPITAL 2266,102265,NM,READM-30-HF-HRRP,53,,0.9285,0.1649,0.1776,9,07/01/2020,06/30/2023
SAMPLE HOSPITAL 2267,102266,MT,READM-30-HF-HRRP,251,,0.9777,0.2507,0.2564,63,07/01/2020,06/30/2023
SAMPLE HOSPITAL 2267,102266,MT,READM-30-HIP-KNEE-HRRP,140,,1.0711,0.2727,0.2546,38,07/01/2020,06/30/2023
SAMPLE HOSPITAL 2267,102266,MT,READM-30-CABG-HRRP,152,,0.9338,0.1827,0.1956,28,07/01/2020,06/30/2023
SAMPLE HOSPITAL 2267,102266,MT,READM-30-AMI-HRRP,344,,0.9091,0.1222,0.1344,42,07/01/2020,06/30/2023
SAMPLE HOSPITAL 2267,102266,MT,READM-30-PN-HRRP,242,,1.076,0.1514,0.1407,37,07/01/2020,06/30/2023
SAMPLE HOSPITAL 2268,102267,UT,READM-30-AMI-HRRP,117,,0.9814,0.1357,0.1383,16,07/01/2020,06/30/2023
SAMPLE HOSPITAL 2268,102267,UT,READM-30-COPD-HRRP,42,,0.9137,0.1421,0.1555,6,07/01/2020,06/30/2023
SAMPLE HOSPITAL 2268,102267,UT,READM-30-PN-HRRP,127,,0.9745,0.1911,0.1961,24,07/01/2020,06/30/2023
SAMPLE HOSPITAL 2268,102267,UT,READM-30-CABG-HRRP,1381,,0.9874,0.1673,0.1694,231,07/01/2020,06/30/2023
SAMPLE HOSPITAL 2269,102268,IA,READM-30-PN-HRRP,211,,1.0764,0.154,0.1431,32,07/01/2020,06/30/2023
SAMPLE HOSPITAL 2269,102268,IA,READM-30-AMI-HRRP,120,,1.1435,0.2111,0.1846,25,07/01/2020,06/30/2023
SAMPLE HOSPITAL 2269,102268,IA,READM-30-HF-HRRP,314,,0.9585,0.2418,0.2523,76,07/01/2020,06/30/2023
SAMPLE HOSPITAL 2270,102269,WY,READM-30-AMI-HRRP,446,,0.9855,0.174,0.1766,78,07/01/2020,06/30/2023
SAMPLE HOSPITAL 2270,102269,WY,READM-30-CABG-HRRP,51,,0.9491,0.1523,0.1605,8,07/01/2020,06/30/2023
SAMPLE HOSPITAL 2270,102269,WY,READM-30-PN-HRRP,684,,1.0129,0.1637,0.1616,112,07/01/2020,06/30/2023
SAMPLE HOSPITAL 2271,102270,GA,READM-30-PN-HRRP,86,,0.9485,0.2314,0.244,20,07/01/2020,06/30/2023
SAMPLE HOSPITAL 2271,102270,GA,READM-30-CABG-HRRP,298,,0.9955,0.1248,0.1254,37,07/01/2020,06/30/2023
SAMPLE HOSPITAL 2271,102270,GA,READM-30-AMI-HRRP,58,,0.9972,0.2342,0.2349,14,07/01/2020,06/30/2023
SAMPLE HOSPITAL 2271,102270,GA,READM-30-HIP-KNEE-HRRP,381,,1.0247,0.1627,0.1588,62,07/01/2020,06/30/2023
SAMPLE HOSPITAL 2272,102271,CT,READM-30-PN-HRRP,49,,1.0017,0.1813,0.181,9,07/01/2020,06/30/2023
SAMPLE HOSPITAL 2272,102271,CT,READM-30-HIP-KNEE-HRRP,72,,1.0718,0.1705,0.1591,12,07/01/2020,06/30/2023
SAMPLE HOSPITAL 2272,102271,CT,READM-30-HF-HRRP,34,,1.0568,0.222,0.2101,8,07/01/2020,06/30/2023
SAMPLE HOSPITAL 2273,102272,ND,READM-30-HIP-KNEE-HRRP,118,,1.104,0.2658,0.2408,31,07/01/2020,06/30/2023
SAMPLE HOSPITAL 2273,102272,ND,READM-30-CABG-HRRP,687,,1.0177,0.1762,0.1731,121,07/01/2020,06/30/2023
SAMPLE HOSPITAL 2273,102272,ND,READM-30-HF-HRRP,88,,1.0384,0.2566,0.2471,23,07/01/2020,06/30/2023
SAMPLE HOSPITAL 2273,102272,ND,READM-30-AMI-HRRP,293,,1.0116,0.1961,0.1939,57,07/01/2020,06/30/2023
SAMPLE HOSPITAL 2273,102272,ND,READM-30-PN-HRRP,105,,1.0403,0.1399,0.1345,15,07/01/2020,06/30/2023
SAMPLE HOSPITAL 2273,102272,ND,READM-30-COPD-HRRP,58,,1.0778,0.2375,0.2204,14,07/01/2020,06/30/2023
SAMPLE HOSPITAL 2274,102273,MT,READM-30-CABG-HRRP,144,,1.0256,0.1675,0.1633,24,07/01/2020,06/30/2023
SAMPLE HOSPITAL 2274,102273,MT,READM-30-COPD-HRRP,166,,0.9934,0.1321,0.133,22,07/01/2020,06/30/2023
SAMPLE HOSPITAL 2274,102273,MT,READM-30-HIP-KNEE-HRRP,119,,1.0304,0.1499,0.1455,18,07/01/2020,06/30/2023
SAMPLE HOSPITAL 2275,102274,MN,READM-30-CABG-HRRP,168,,0.9878,0.1679,0.17,28,07/01/2020,06/30/2023
SAMPLE HOSPITAL 2275,102274,MN,READM-30-HIP-KNEE-HRRP,114,,0.9371,0.2154,0.2299,25,07/01/2020,06/30/2023
SAMPLE HOSPITAL 2275,102274,MN,READM-30-HF-HRRP,71,,1.0136,0.2431,0.2398,17,07/01/2020,06/30/2023
SAMPLE HOSPITAL 2275,102274,MN,READM-30-PN-HRRP,472,,1.0859,0.2567,0.2364,121,07/01/2020,06/30/2023
SAMPLE HOSPITAL 2275,102274,MN,READM-30-AMI-HRRP,196,,1.1213,0.2348,0.2094,46,07/01/2020,06/30/2023
SAMPLE HOSPITAL 2275,102274,MN,READM-30-COPD-HRRP,97,,1.0874,0.1622,0.1492,16,07/01/2020,06/30/2023
SAMPLE HOSPITAL 2276,102275,SC,READM-30-AMI-HRRP,524,,1.037,0.1478,0.1425,77,07/01/2020,06/30/2023
SAMPLE HOSPITAL 2276,102275,SC,READM-30-PN-HRRP,120,,1.0132,0.1895,0.187,23,07/01/2020,06/30/2023
SAMPLE HOSPITAL 2276,102275,SC,READM-30-HIP-KNEE-HRRP,149,,1.0721,0.2233,0.2083,33,07/01/2020,06/30/2023
SAMPLE HOSPITAL 2276,102275,SC,READM-30-HF-HRRP,264,,0.9557,0.2286,0.2392,60,07/01/2020,06/30/2023
SAMPLE HOSPITAL 2277,102276,DE,READM-30-HIP-KNEE-HRRP,350,,1.035,0.1346,0.13,47,07/01/2020,06/30/2023
SAMPLE HOSPITAL 2277,102276,DE,READM-30-PN-HRRP,246,,1.0432,0.1429,0.137,35,07/01/2020,06/30/2023
SAMPLE HOSPITAL 2277,102276,DE,READM-30-AMI-HRRP,146,,1.022,0.1683,0.1647,25,07/01/2020,06/30/2023
SAMPLE HOSPITAL 2277,102276,DE,READM-30-HF-HRRP,574,,1.0383,0.1565,0.1507,90,07/01/2020,06/30/2023
SAMPLE HOSPITAL 2278,102277,DE,READM-30-HIP-KNEE-HRRP,32,,1.1013,0.2692,0.2444,9,07/01/2020,06/30/2023
SAMPLE HOSPITAL 2278,102277,DE,READM-30-HF-HRRP,38,,1.0863,0.2078,0.1913,8,07/01/2020,06/30/2023
SAMPLE HOSPITAL 2278,102277,DE,READM-30-PN-HRRP,164,,1.127,0.2466,0.2188,40,07/01/2020,06/30/2023
SAMPLE HOSPITAL 2278,102277,DE,READM-30-COPD-HRRP,544,,1.0939,0.1794,0.164,98,07/01/2020,06/30/2023
SAMPLE HOSPITAL 2278,102277,DE,READM-30-AMI-HRRP,138,,0.9593,0.207,0.2158,29,07/01/2020,06/30/2023
SAMPLE HOSPITAL 2279,102278,VT,READM-30-HIP-KNEE-HRRP,215,,1.0542,0.1978,0.1876,43,07/01/2020,06/30/2023
SAMPLE HOSPITAL 2279,102278,VT,READM-30-HF-HRRP,304,,1.0011,0.2251,0.2249,68,07/01/2020,06/30/2023
SAMPLE HOSPITAL 2279,102278,VT,READM-30-PN-HRRP,328,,1.0341,0.161,0.1557,53,07/01/2020,06/30/2023
SAMPLE HOSPITAL 2279,102278,VT,READM-30-COPD-HRRP,122,,1.1182,0.2822,0.2524,34,07/01/2020,06/30/2023
SAMPLE HOSPITAL 2280,102279,MD,READM-30-PN-HRRP,Too Few to Report,1,Too Few to Report,,,,07/01/2020,06/30/2023
SAMPLE HOSPITAL 2280,102279,MD,READM-30-AMI-HRRP,415,,0.9269,0.227,0.2449,94,07/01/2020,06/30/2023
SAMPLE HOSPITAL 2280,102279,MD,READM-30-CABG-HRRP,266,,1.0176,0.2311,0.2271,61,07/01/2020,06/30/2023
SAMPLE HOSPITAL 2280,102279,MD,READM-30-HF-HRRP,206,,1.0244,0.2369,0.2313,49,07/01/2020,06/30/2023
SAMPLE HOSPITAL 2280,102279,MD,READM-30-COPD-HRRP,709,,1.1081,0.2381,0.2149,169,07/01/2020,06/30/2023
SAMPLE HOSPITAL 2280,102279,MD,READM-30-HIP-KNEE-HRRP,138,,0.8839,0.1435,0.1623,20,07/01/2020,06/30/2023
SAMPLE HOSPITAL 2281,102280,ME,READM-30-HF-HRRP,853,,0.9274,0.1368,0.1475,117,07/01/2020,06/30/2023
SAMPLE HOSPITAL 2281,102280,ME,READM-30-AMI-HRRP,276,,0.9497,0.1888,0.1988,52,07/01/2020,06/30/2023
SAMPLE HOSPITAL 2281,102280,ME,READM-30-PN-HRRP,1255,,0.8497,0.1672,0.1968,210,07/01/2020,06/30/2023
SAMPLE HOSPITAL 2282,102281,VT,READM-30-AMI-HRRP,54,,0.9386,0.2337,0.249,13,07/01/2020,06/30/2023
SAMPLE HOSPITAL 2282,102281,VT,READM-30-PN-HRRP,42,,0.9704,0.2418,0.2492,10,07/01/2020,06/30/2023
SAMPLE HOSPITAL 2282,102281,VT,READM-30-CABG-HRRP,394,,1.0146,0.1725,0.17,68,07/01/2020,06/30/2023
SAMPLE HOSPITAL 2283,102282,WY,READM-30-HIP-KNEE-HRRP,103,,1.0583,0.1396,0.1319,14,07/01/2020,06/30/2023
SAMPLE HOSPITAL 2283,102282,WY,READM-30-CABG-HRRP,272,,0.9942,0.1527,0.1536,42,07/01/2020,06/30/2023
SAMPLE HOSPITAL 2283,102282,WY,READM-30-PN-HRRP,243,,0.9988,0.1737,0.1739,42,07/01/2020,06/30/2023
SAMPLE HOSPITAL 2283,102282,WY,READM-30-COPD-HRRP,299,,0.98,0.234,0.2388,70,07/01/2020,06/30/2023
SAMPLE HOSPITAL 2283,102282,WY,READM-30-HF-HRRP,305,,0.9265,0.1137,0.1227,35,07/01/2020,06/30/2023
SAMPLE HOSPITAL 2284,102283,CA,READM-30-HIP-KNEE-HRRP,76,,1.1123,0.2482,0.2231,19,07/01/2020,06/30/2023
SAMPLE HOSPITAL 2284,102283,CA,READM-30-CABG-HRRP,122,,0.9251,0.2231,0.2412,27,07/01/2020,06/30/2023
SAMPLE HOSPITAL 2284,102283,CA,READM-30-PN-HRRP,288,,0.941,0.1579,0.1678,45,07/01/2020,06/30/2023
SAMPLE HOSPITAL 2285,102284,ND,READM-30-PN-HRRP,79,,1.1229,0.1487,0.1324,12,07/01/2020,06/30/2023
SAMPLE HOSPITAL 2285,102284,ND,READM-30-HF-HRRP,126,,0.9486,0.1524,0.1607,19,07/01/2020,06/30/2023
SAMPLE HOSPITAL 2285,102284,ND,READM-30-AMI-HRRP,411,,0.9577,0.1154,0.1205,47,07/01/2020,06/30/2023
SAMPLE HOSPITAL 2285,102284,ND,READM-30-CABG-HRRP,60,,0.9441,0.1958,0.2074,12,07/01/2020,06/30/2023
SAMPLE HOSPITAL 2286,102285,WA,READM-30-HF-HRRP,46,,0.9781,0.1356,0.1386,6,07/01/2020,06/30/2023
SAMPLE HOSPITAL 2286,102285,WA,READM-30-CABG-HRRP,125,,0.9842,0.1536,0.1561,19,07/01/2020,06/30/2023
SAMPLE HOSPITAL 2286,102285,WA,READM-30-COPD-HRRP,148,,0.9898,0.2252,0.2275,33,07/01/2020,06/30/2023
SAMPLE HOSPITAL 2286,102285,WA,READM-30-AMI-HRRP,321,,1.0195,0.1715,0.1682,55,07/01/2020,06/30/2023
SAMPLE HOSPITAL 2286,102285,WA,READM-30-PN-HRRP,364,,0.9903,0.244,0.2464,89,07/01/2020,06/30/2023
SAMPLE HOSPITAL 2287,102286,AK,READM-30-PN-HRRP,407,,0.9891,0.1906,0.1927,78,07/01/2020,06/30/2023
SAMPLE HOSPITAL 2287,102286,AK,READM-30-AMI-HRRP,312,,1.1019,0.2411,0.2188,75,07/01/2020,06/30/2023
SAMPLE HOSPITAL 2287,102286,AK,READM-30-COPD-HRRP,437,,0.9654,0.2344,0.2428,102,07/01/2020,06/30/2023
SAMPLE HOSPITAL 2287,102286,AK,READM-30-HF-HRRP,274,,1.018,0.1492,0.1466,41,07/01/2020,06/30/2023
SAMPLE HOSPITAL 2287,102286,AK,READM-30-CABG-HRRP,184,,1.0776,0.2569,0.2384,47,07/01/2020,06/30/2023
SAMPLE HOSPITAL 2288,102287,RI,READM-30-HF-HRRP,167,,1.1345,0.1918,0.1691,32,07/01/2020,06/30/2023
SAMPLE HOSPITAL 2288,102287,RI,READM-30-HIP-KNEE-HRRP,451,,1.1324,0.2941,0.2597,133,07/01/2020,06/30/2023
SAMPLE HOSPITAL 2288,102287,RI,READM-30-PN-HRRP,643,,0.9023,0.1647,0.1825,106,07/01/2020,06/30/2023
SAMPLE HOSPITAL 2288,102287,RI,READM-30-CABG-HRRP,110,,0.9091,0.2252,0.2477,25,07/01/2020,06/30/2023
SAMPLE HOSPITAL 2288,102287,RI,READM-30-AMI-HRRP,50,,1.022,0.2005,0.1962,10,07/01/2020,06/30/2023
SAMPLE HOSPITAL 2289,102288,OR,READM-30-COPD-HRRP,211,,1.0052,0.2395,0.2383,51,07/01/2020,06/30/2023
SAMPLE HOSPITAL 2289,102288,OR,READM-30-HF-HRRP,60,,1.0073,0.1326,0.1316,8,07/01/2020,06/30/2023
SAMPLE HOSPITAL 2289,102288,OR,READM-30-AMI-HRRP,577,,0.9928,0.1876,0.189,108,07/01/2020,06/30/2023
SAMPLE HOSPITAL 2289,102288,OR,READM-30-HIP-KNEE-HRRP,177,,1.054,0.2423,0.2299,43,07/01/2020,06/30/2023
SAMPLE HOSPITAL 2289,102288,OR,READM-30-CABG-HRRP,105,,0.8946,0.2322,0.2596,24,07/01/2020,06/30/2023
SAMPLE HOSPITAL 2289,102288,OR,READM-30-PN-HRRP,611,,0.9498,0.1755,0.1848,107,07/01/2020,06/30/2023
SAMPLE HOSPITAL 2290,102289,MI,READM-30-CABG-HRRP,292,,0.9609,0.1951,0.203,57,07/01/2020,06/30/2023
SAMPLE HOSPITAL 2290,102289,MI,READM-30-HIP-KNEE-HRRP,57,,1.05,0.2585,0.2462,15,07/01/2020,06/30/2023
SAMPLE HOSPITAL 2290,102289,MI,READM-30-COPD-HRRP,31,,1.0617,0.2681,0.2525,8,07/01/2020,06/30/2023
SAMPLE HOSPITAL 2290,102289,MI,READM-30-PN-HRRP,69,,0.9883,0.231,0.2337,16,07/01/2020,06/30/2023
SAMPLE HOSPITAL 2290,102289,MI,READM-30-HF-HRRP,48,,1.0935,0.2502,0.2288,12,07/01/2020,06/30/2023
SAMPLE HOSPITAL 2291,102290,IN,READM-30-PN-HRRP,55,,0.9929,0.1769,0.1782,10,07/01/2020,06/30/2023
SAMPLE HOSPITAL 2291,102290,IN,READM-30-AMI-HRRP,98,,0.94,0.131,0.1394,13,07/01/2020,06/30/2023
SAMPLE HOSPITAL 2291,102290,IN,READM-30-HF-HRRP,92,,1.1355,0.1955,0.1722,18,07/01/2020,06/30/2023
SAMPLE HOSPITAL 2291,102290,IN,READM-30-COPD-HRRP,313,,1.0543,0.2331,0.2211,73,07/01/2020,06/30/2023
SAMPLE HOSPITAL 2292,102291,NC,READM-30-HF-HRRP,1477,,1.001,0.1978,0.1976,292,07/01/2020,06/30/2023
SAMPLE HOSPITAL 2292,102291,NC,READM-30-PN-HRRP,532,,1.0025,0.1377,0.1374,73,07/01/2020,06/30/2023
SAMPLE HOSPITAL 2292,102291,NC,READM-30-CABG-HRRP,271,,1.1231,0.2006,0.1786,54,07/01/2020,06/30/2023
SAMPLE HOSPITAL 2293,102292,MN,READM-30-AMI-HRRP,113,,0.8919,0.1318,0.1478,15,07/01/2020,06/30/2023
SAMPLE HOSPITAL 2293,102292,MN,READM-30-HIP-KNEE-HRRP,120,,0.8867,0.1211,0.1366,15,07/01/2020,06/30/2023
SAMPLE HOSPITAL 2293,102292,MN,READM-30-HF-HRRP,131,,1.0243,0.2075,0.2026,27,07/01/2020,06/30/2023
SAMPLE HOSPITAL 2293,102292,MN,READM-30-COPD-HRRP,475,,1.0965,0.1904,0.1736,90,07/01/2020,06/30/2023
SAMPLE HOSPITAL 2293,102292,MN,READM-30-CABG-HRRP,59,,0.9908,0.2411,0.2433,14,07/01/2020,06/30/2023
SAMPLE HOSPITAL 2294,102293,GA,READM-30-PN-HRRP,99,,1.033,0.2449,0.2371,24,07/01/2020,06/30/2023
SAMPLE HOSPITAL 2294,102293,GA,READM-30-AMI-HRRP,91,,1.0725,0.1794,0.1673,16,07/01/2020,06/30/2023
SAMPLE HOSPITAL 2294,102293,GA,READM-30-COPD-HRRP,166,,0.9322,0.1524,0.1635,25,07/01/2020,06/30/2023
SAMPLE HOSPITAL 2294,102293,GA,READM-30-HF-HRRP,239,,1.0782,0.1394,0.1293,33,07/01/2020,06/30/2023
SAMPLE HOSPITAL 2295,102294,NM,READM-30-AMI-HRRP,142,,1.0465,0.1979,0.1891,28,07/01/2020,06/30/2023
SAMPLE HOSPITAL 2295,102294,NM,READM-30-HIP-KNEE-HRRP,90,,0.956,0.1979,0.207,18,07/01/2020,06/30/2023
SAMPLE HOSPITAL 2295,102294,NM,READM-30-COPD-HRRP,51,,0.9454,0.1269,0.1342,6,07/01/2020,06/30/2023
SAMPLE HOSPITAL 2295,102294,NM,READM-30-PN-HRRP,104,,0.9919,0.1773,0.1787,18,07/01/2020,06/30/2023
SAMPLE HOSPITAL 2296,102295,MO,READM-30-AMI-HRRP,1208,,0.9667,0.1717,0.1776,207,07/01/2020,06/30/2023
SAMPLE HOSPITAL 2296,102295,MO,READM-30-HF-HRRP,246,,1.0205,0.2218,0.2173,55,07/01/2020,06/30/2023
SAMPLE HOSPITAL 2296,102295,MO,READM-30-PN-HRRP,71,,0.9695,0.2461,0.2538,17,07/01/2020,06/30/2023
SAMPLE HOSPITAL 2296,102295,MO,READM-30-HIP-KNEE-HRRP,346,,1.0455,0.1322,0.1264,46,07/01/2020,06/30/2023
SAMPLE HOSPITAL 2296,102295,MO,READM-30-COPD-HRRP,65,,1.0167,0.1455,0.1431,9,07/01/2020,06/30/2023
SAMPLE HOSPITAL 2296,102295,MO,READM-30-CABG-HRRP,32,,1.0819,0.2272,0.21,7,07/01/2020,06/30/2023
SAMPLE HOSPITAL 2297,102296,WA,READM-30-HIP-KNEE-HRRP,Too Few to Report,1,Too Few to Report,,,,07/01/2020,06/30/2023
SAMPLE HOSPITAL 2297,102296,WA,READM-30-CABG-HRRP,151,,1.0414,0.1958,0.188,30,07/01/2020,06/30/2023
SAMPLE HOSPITAL 2297,102296,WA,READM-30-AMI-HRRP,301,,1.0499,0.2507,0.2388,75,07/01/2020,06/30/2023
SAMPLE HOSPITAL 2297,102296,WA,READM-30-COPD-HRRP,90,,1.0405,0.1584,0.1522,14,07/01/2020,06/30/2023
SAMPLE HOSPITAL 2298,102297,KS,READM-30-PN-HRRP,33,,0.9668,0.1393,0.1441,5,07/01/2020,06/30/2023
SAMPLE HOSPITAL 2298,102297,KS,READM-30-COPD-HRRP,427,,0.9915,0.2412,0.2433,103,07/01/2020,06/30/2023
SAMPLE HOSPITAL 2298,102297,KS,READM-30-AMI-HRRP,578,,1.0086,0.2545,0.2523,147,07/01/2020,06/30/2023
SAMPLE HOSPITAL 2298,102297,KS,READM-30-CABG-HRRP,109,,0.928,0.2317,0.2497,25,07/01/2020,06/30/2023
SAMPLE HOSPITAL 2299,102298,MT,READM-30-HF-HRRP,131,,1.0448,0.1529,0.1463,20,07/01/2020,06/30/2023
SAMPLE HOSPITAL 2299,102298,MT,READM-30-COPD-HRRP,59,,0.9156,0.1755,0.1917,10,07/01/2020,06/30/2023
SAMPLE HOSPITAL 2299,102298,MT,READM-30-AMI-HRRP,538,,1.0484,0.2293,0.2187,123,07/01/2020,06/30/2023
SAMPLE HOSPITAL 2299,102298,MT,READM-30-HIP-KNEE-HRRP,303,,1.123,0.2474,0.2203,75,07/01/2020,06/30/2023
SAMPLE HOSPITAL 2300,102299,NV,READM-30-HIP-KNEE-HRRP,29,,1.0645,0.1554,0.146,5,07/01/2020,06/30/2023
SAMPLE HOSPITAL 2300,102299,NV,READM-30-HF-HRRP,662,,1.0504,0.1516,0.1443,100,07/01/2020,06/30/2023
SAMPLE HOSPITAL 2300,102299,NV,READM-30-CABG-HRRP,172,,0.867,0.1644,0.1896,28,07/01/2020,06/30/2023
SAMPLE HOSPITAL 2301,102300,IN,READM-30-HF-HRRP,150,,0.9745,0.2278,0.2338,34,07/01/2020,06/30/2023
SAMPLE HOSPITAL 2301,102300,IN,READM-30-HIP-KNEE-HRRP,468,,1.0141,0.1674,0.1651,78,07/01/2020,06/30/2023
SAMPLE HOSPITAL 2301,102300,IN,READM-30-CABG-HRRP,170,,0.996,0.2038,0.2046,35,07/01/2020,06/30/2023
SAMPLE HOSPITAL 2301,102300,IN,READM-30-COPD-HRRP,35,,1.0607,0.1427,0.1345,5,07/01/2020,06/30/2023
SAMPLE HOSPITAL 2302,102301,WV,READM-30-AMI-HRRP,422,,0.9864,0.119,0.1206,50,07/01/2020,06/30/2023
SAMPLE HOSPITAL 2302,102301,WV,READM-30-HIP-KNEE-HRRP,271,,0.9622,0.2312,0.2403,63,07/01/2020,06/30/2023
SAMPLE HOSPITAL 2302,102301,WV,READM-30-HF-HRRP,228,,0.9118,0.1221,0.1339,28,07/01/2020,06/30/2023
SAMPLE HOSPITAL 2302,102301,WV,READM-30-COPD-HRRP,1314,,0.9405,0.1343,0.1428,176,07/01/2020,06/30/2023
SAMPLE HOSPITAL 2303,102302,OH,READM-30-HIP-KNEE-HRRP,59,,0.9443,0.1425,0.1509,8,07/01/2020,06/30/2023
SAMPLE HOSPITAL 2303,102302,OH,READM-30-AMI-HRRP,221,,1.0864,0.1896,0.1745,42,07/01/2020,06/30/2023
SAMPLE HOSPITAL 2303,102302,OH,READM-30-CABG-HRRP,308,,0.942,0.1841,0.1954,57,07/01/2020,06/30/2023
SAMPLE HOSPITAL 2303,102302,OH,READM-30-COPD-HRRP,227,,1.0312,0.2171,0.2105,49,07/01/2020,06/30/2023
SAMPLE HOSPITAL 2303,102302,OH,READM-30-PN-HRRP,40,,1.0811,0.2635,0.2437,11,07/01/2020,06/30/2023
SAMPLE HOSPITAL 2303,102302,OH,READM-30-HF-HRRP,566,,1.028,0.1672,0.1626,95,07/01/2020,06/30/2023
SAMPLE HOSPITAL 2304,102303,NM,READM-30-PN-HRRP,973,,0.9666,0.234,0.2421,228,07/01/2020,06/30/2023
SAMPLE HOSPITAL 2304,102303,NM,READM-30-COPD-HRRP,234,,1.0509,0.1935,0.1841,45,07/01/2020,06/30/2023
SAMPLE HOSPITAL 2304,102303,NM,READM-30-AMI-HRRP,53,,1.0679,0.1532,0.1435,8,07/01/2020,06/30/2023
SAMPLE HOSPITAL 2305,102304,MA,READM-30-COPD-HRRP,229,,1.0164,0.2032,0.1999,47,07/01/2020,06/30/2023
SAMPLE HOSPITAL 2305,102304,MA,READM-30-CABG-HRRP,60,,1.0544,0.1684,0.1597,10,07/01/2020,06/30/2023
SAMPLE HOSPITAL 2305,102304,MA,READM-30-AMI-HRRP,71,,1.1376,0.1827,0.1606,13,07/01/2020,06/30/2023
SAMPLE HOSPITAL 2306,102305,AR,READM-30-CABG-HRRP,137,,0.93,0.1401,0.1506,19,07/01/2020,06/30/2023
SAMPLE HOSPITAL 2306,102305,AR,READM-30-AMI-HRRP,160,,1.0357,0.1313,0.1268,21,07/01/2020,06/30/2023
SAMPLE HOSPITAL 2306,102305,AR,READM-30-PN-HRRP,128,,0.9389,0.2218,0.2362,28,07/01/2020,06/30/2023
SAMPLE HOSPITAL 2307,102306,MN,READM-30-HF-HRRP,71,,0.9215,0.18,0.1953,13,07/01/2020,06/30/2023
SAMPLE HOSPITAL 2307,102306,MN,READM-30-HIP-KNEE-HRRP,170,,0.8897,0.1262,0.1418,21,07/01/2020,06/30/2023
SAMPLE HOSPITAL 2307,102306,MN,READM-30-PN-HRRP,60,,1.0801,0.2469,0.2286,15,07/01/2020,06/30/2023
SAMPLE HOSPITAL 2307,102306,MN,READM-30-COPD-HRRP,98,,1.0064,0.1535,0.1525,15,07/01/2020,06/30/2023
SAMPLE HOSPITAL 2308,102307,DE,READM-30-PN-HRRP,148,,1.0981,0.2813,0.2562,42,07/01/2020,06/30/2023
SAMPLE HOSPITAL 2308,102307,DE,READM-30-HF-HRRP,100,,1.0634,0.2241,0.2107,22,07/01/2020,06/30/2023
SAMPLE HOSPITAL 2308,102307,DE,READM-30-HIP-KNEE-HRRP,211,,0.8491,0.1178,0.1387,25,07/01/2020,06/30/2023
SAMPLE HOSPITAL 2309,102308,WY,READM-30-COPD-HRRP,100,,1.0594,0.2611,0.2465,26,07/01/2020,06/30/2023
SAMPLE HOSPITAL 2309,102308,WY,READM-30-HF-HRRP,618,,1.0828,0.2052,0.1895,127,07/01/2020,06/30/2023
SAMPLE HOSPITAL 2309,102308,WY,READM-30-HIP-KNEE-HRRP,Too Few to Report,1,Too Few to Report,,,,07/01/2020,06/30/2023
SAMPLE HOSPITAL 2309,102308,WY,READM-30-PN-HRRP,144,,1.0496,0.1402,0.1336,20,07/01/2020,06/30/2023
SAMPLE HOSPITAL 2309,102308,WY,READM-30-CABG-HRRP,186,,1.0148,0.1516,0.1494,28,07/01/2020,06/30/2023
SAMPLE HOSPITAL 2310,102309,GA,READM-30-PN-HRRP,31,,1.0668,0.2137,0.2003,7,07/01/2020,06/30/2023
SAMPLE HOSPITAL 2310,102309,GA,READM-30-HIP-KNEE-HRRP,767,,1.1005,0.1346,0.1223,103,07/01/2020,06/30/2023
SAMPLE HOSPITAL 2310,102309,GA,READM-30-AMI-HRRP,170,,1.0584,0.2513,0.2374,43,07/01/2020,06/30/2023
SAMPLE HOSPITAL 2310,102309,GA,READM-30-HF-HRRP,116,,1.0586,0.2117,0.2,25,07/01/2020,06/30/2023
SAMPLE HOSPITAL 2311,102310,SC,READM-30-PN-HRRP,102,,0.9375,0.1628,0.1737,17,07/01/2020,06/30/2023
SAMPLE HOSPITAL 2311,102310,SC,READM-30-CABG-HRRP,214,,1.009,0.146,0.1447,31,07/01/2020,06/30/2023
SAMPLE HOSPITAL 2311,102310,SC,READM-30-COPD-HRRP,506,,0.9576,0.2052,0.2143,104,07/01/2020,06/30/2023
SAMPLE HOSPITAL 2311,102310,SC,READM-30-HIP-KNEE-HRRP,466,,1.0565,0.1733,0.164,81,07/01/2020,06/30/2023
SAMPLE HOSPITAL 2311,102310,SC,READM-30-HF-HRRP,116,,1.0035,0.2185,0.2177,25,07/01/2020,06/30/2023
SAMPLE HOSPITAL 2312,102311,NJ,READM-30-HIP-KNEE-HRRP,88,,0.9335,0.121,0.1296,11,07/01/2020,06/30/2023
SAMPLE HOSPITAL 2312,102311,NJ,READM-30-CABG-HRRP,76,,0.978,0.2338,0.2391,18,07/01/2020,06/30/2023
SAMPLE HOSPITAL 2312,102311,NJ,READM-30-PN-HRRP,296,,0.9483,0.1453,0.1532,43,07/01/2020,06/30/2023
SAMPLE HOSPITAL 2312,102311,NJ,READM-30-COPD-HRRP,910,,0.9848,0.2118,0.2151,193,07/01/2020,06/30/2023
SAMPLE HOSPITAL 2313,102312,CO,READM-30-COPD-HRRP,35,,0.9481,0.1961,0.2068,7,07/01/2020,06/30/2023
SAMPLE HOSPITAL 2313,102312,CO,READM-30-HIP-KNEE-HRRP,149,,0.9212,0.1362,0.1478,20,07/01/2020,06/30/2023
SAMPLE HOSPITAL 2313,102312,CO,READM-30-PN-HRRP,769,,0.8998,0.2211,0.2457,170,07/01/2020,06/30/2023
SAMPLE HOSPITAL 2313,102312,CO,READM-30-CABG-HRRP,117,,0.9632,0.1493,0.155,17,07/01/2020,06/30/2023
SAMPLE HOSPITAL 2314,102313,TX,READM-30-CABG-HRRP,351,,1.036,0.1282,0.1237,45,07/01/2020,06/30/2023
SAMPLE HOSPITAL 2314,102313,TX,READM-30-HF-HRRP,33,,0.9775,0.2174,0.2224,7,07/01/2020,06/30/2023
SAMPLE HOSPITAL 2314,102313,TX,READM-30-PN-HRRP,1837,,0.9751,0.1686,0.1729,310,07/01/2020,06/30/2023
SAMPLE HOSPITAL 2314,102313,TX,READM-30-HIP-KNEE-HRRP,203,,1.0768,0.2337,0.217,47,07/01/2020,06/30/2023
SAMPLE HOSPITAL 2314,102313,TX,READM-30-COPD-HRRP,557,,0.927,0.2017,0.2176,112,07/01/2020,06/30/2023
SAMPLE HOSPITAL 2315,102314,NC,READM-30-COPD-HRRP,460,,0.9653,0.1674,0.1734,77,07/01/2020,06/30/2023
SAMPLE HOSPITAL 2315,102314,NC,READM-30-HF-HRRP,447,,0.962,0.2027,0.2107,91,07/01/2020,06/30/2023
SAMPLE HOSPITAL 2315,102314,NC,READM-30-CABG-HRRP,197,,0.9941,0.1618,0.1628,32,07/01/2020,06/30/2023
SAMPLE HOSPITAL 2315,102314,NC,READM-30-HIP-KNEE-HRRP,582,,1.1295,0.2477,0.2193,144,07/01/2020,06/30/2023
SAMPLE HOSPITAL 2316,102315,KS,READM-30-AMI-HRRP,616,,0.9181,0.1298,0.1414,80,07/01/2020,06/30/2023
SAMPLE HOSPITAL 2316,102315,KS,READM-30-COPD-HRRP,104,,0.9527,0.1785,0.1874,19,07/01/2020,06/30/2023
SAMPLE HOSPITAL 2316,102315,KS,READM-30-HF-HRRP,104,,0.8741,0.2026,0.2318,21,07/01/2020,06/30/2023
SAMPLE HOSPITAL 2316,102315,KS,READM-30-CABG-HRRP,326,,0.9967,0.1315,0.1319,43,07/01/2020,06/30/2023
SAMPLE HOSPITAL 2316,102315,KS,READM-30-PN-HRRP,Too Few to Report,1,Too Few to Report,,,,07/01/2020,06/30/2023
SAMPLE HOSPITAL 2317,102316,CO,READM-30-HIP-KNEE-HRRP,83,,0.972,0.141,0.1451,12,07/01/2020,06/30/2023
SAMPLE HOSPITAL 2317,102316,CO,READM-30-COPD-HRRP,525,,0.9964,0.1272,0.1277,67,07/01/2020,06/30/2023
SAMPLE HOSPITAL 2317,102316,CO,READM-30-AMI-HRRP,70,,0.8481,0.1579,0.1862,11,07/01/2020,06/30/2023
SAMPLE HOSPITAL 2317,102316,CO,READM-30-PN-HRRP,89,,0.9296,0.1939,0.2086,17,07/01/2020,06/30/2023
SAMPLE HOSPITAL 2317,102316,CO,READM-30-CABG-HRRP,453,,0.9877,0.1986,0.2011,90,07/01/2020,06/30/2023
SAMPLE HOSPITAL 2318,102317,KY,READM-30-HF-HRRP,157,,1.0249,0.1781,0.1738,28,07/01/2020,06/30/2023
SAMPLE HOSPITAL 2318,102317,KY,READM-30-CABG-HRRP,602,,1.0409,0.1517,0.1457,91,07/01/2020,06/30/2023
SAMPLE HOSPITAL 2318,102317,KY,READM-30-AMI-HRRP,67,,1.0272,0.1509,0.1469,10,07/01/2020,06/30/2023
SAMPLE HOSPITAL 2318,102317,KY,READM-30-HIP-KNEE-HRRP,251,,0.9352,0.2314,0.2474,58,07/01/2020,06/30/2023
SAMPLE HOSPITAL 2319,102318,VT,READM-30-COPD-HRRP,140,,1.0203,0.1582,0.1551,22,07/01/2020,06/30/2023
SAMPLE HOSPITAL 2319,102318,VT,READM-30-HIP-KNEE-HRRP,355,,0.8979,0.2229,0.2483,79,07/01/2020,06/30/2023
SAMPLE HOSPITAL 2319,102318,VT,READM-30-PN-HRRP,Too Few to Report,1,Too Few to Report,,,,07/01/2020,06/30/2023
SAMPLE HOSPITAL 2319,102318,VT,READM-30-CABG-HRRP,157,,0.9407,0.1132,0.1203,18,07/01/2020,06/30/2023
SAMPLE HOSPITAL 2319,102318,VT,READM-30-AMI-HRRP,352,,0.9308,0.1516,0.1629,53,07/01/2020,06/30/2023
SAMPLE HOSPITAL 2321,102320,WA,READM-30-CABG-HRRP,438,,1.1577,0.2572,0.2222,113,07/01/2020,06/30/2023
SAMPLE HOSPITAL 2321,102320,WA,READM-30-HIP-KNEE-HRRP,348,,1.0884,0.1655,0.1521,58,07/01/2020,06/30/2023
SAMPLE HOSPITAL 2321,102320,WA,READM-30-AMI-HRRP,414,,1.0564,0.127,0.1202,53,07/01/2020,06/30/2023
SAMPLE HOSPITAL 2321,102320,WA,READM-30-HF-HRRP,439,,1.1277,0.2078,0.1843,91,07/01/2020,06/30/2023
SAMPLE HOSPITAL 2321,102320,WA,READM-30-PN-HRRP,Too Few to Report,1,Too Few to Report,,,,07/01/2020,06/30/2023
SAMPLE HOSPITAL 2321,102320,WA,READM-30-COPD-HRRP,300,,1.0742,0.2138,0.199,64,07/01/2020,06/30/2023
SAMPLE HOSPITAL 2322,102321,AL,READM-30-HIP-KNEE-HRRP,267,,1.0119,0.1614,0.1595,43,07/01/2020,06/30/2023
SAMPLE HOSPITAL 2322,102321,AL,READM-30-CABG-HRRP,118,,1.1067,0.1553,0.1403,18,07/01/2020,06/30/2023
SAMPLE HOSPITAL 2322,102321,AL,READM-30-COPD-HRRP,408,,0.9906,0.1218,0.123,50,07/01/2020,06/30/2023
SAMPLE HOSPITAL 2323,102322,ND,READM-30-COPD-HRRP,88,,1.0509,0.1487,0.1415,13,07/01/2020,06/30/2023
SAMPLE HOSPITAL 2323,102322,ND,READM-30-PN-HRRP,179,,0.9788,0.2432,0.2485,44,07/01/2020,06/30/2023
SAMPLE HOSPITAL 2323,102322,ND,READM-30-AMI-HRRP,356,,1.0576,0.2512,0.2375,89,07/01/2020,06/30/2023
SAMPLE HOSPITAL 2323,102322,ND,READM-30-HIP-KNEE-HRRP,232,,0.9324,0.2304,0.2471,53,07/01/2020,06/30/2023
SAMPLE HOSPITAL 2323,102322,ND,READM-30-CABG-HRRP,83,,1.0143,0.2242,0.221,19,07/01/2020,06/30/2023
SAMPLE HOSPITAL 2323,102322,ND,READM-30-HF-HRRP,359,,1.0079,0.2147,0.213,77,07/01/2020,06/30/2023
SAMPLE HOSPITAL 2324,102323,OH,READM-30-HIP-KNEE-HRRP,329,,0.9045,0.1096,0.1212,36,07/01/2020,06/30/2023
SAMPLE HOSPITAL 2324,102323,OH,READM-30-PN-HRRP,105,,0.8728,0.114,0.1306,12,07/01/2020,06/30/2023
SAMPLE HOSPITAL 2324,102323,OH,READM-30-COPD-HRRP,876,,1.0528,0.1951,0.1853,171,07/01/2020,06/30/2023
SAMPLE HOSPITAL 2324,102323,OH,READM-30-HF-HRRP,203,,0.9527,0.2325,0.244,47,07/01/2020,06/30/2023
SAMPLE HOSPITAL 2324,102323,OH,READM-30-CABG-HRRP,52,,1.0106,0.2331,0.2307,12,07/01/2020,06/30/2023
SAMPLE HOSPITAL 2325,102324,SD,READM-30-PN-HRRP,64,,0.9632,0.187,0.1941,12,07/01/2020,06/30/2023
SAMPLE HOSPITAL 2325,102324,SD,READM-30-HF-HRRP,345,,1.0382,0.2013,0.1939,69,07/01/2020,06/30/2023
SAMPLE HOSPITAL 2325,102324,SD,READM-30-COPD-HRRP,273,,1.1479,0.17,0.1481,46,07/01/2020,06/30/2023
SAMPLE HOSPITAL 2326,102325,UT,READM-30-HIP-KNEE-HRRP,Too Few to Report,1,Too Few to Report,,,,07/01/2020,06/30/2023
SAMPLE HOSPITAL 2326,102325,UT,READM-30-HF-HRRP,719,,0.8154,0.1632,0.2001,117,07/01/2020,06/30/2023
SAMPLE HOSPITAL 2326,102325,UT,READM-30-CABG-HRRP,288,,0.9129,0.1202,0.1317,35,07/01/2020,06/30/2023
SAMPLE HOSPITAL 2326,102325,UT,READM-30-AMI-HRRP,260,,1.035,0.1519,0.1468,39,07/01/2020,06/30/2023
SAMPLE HOSPITAL 2326,102325,UT,READM-30-COPD-HRRP,252,,0.9141,0.1912,0.2092,48,07/01/2020,06/30/2023
SAMPLE HOSPITAL 2327,102326,WY,READM-30-HIP-KNEE-HRRP,304,,1.0473,0.2539,0.2424,77,07/01/2020,06/30/2023
SAMPLE HOSPITAL 2327,102326,WY,READM-30-HF-HRRP,305,,1.1025,0.1638,0.1486,50,07/01/2020,06/30/2023
SAMPLE HOSPITAL 2327,102326,WY,READM-30-COPD-HRRP,308,,1.0805,0.2432,0.2251,75,07/01/2020,06/30/2023
SAMPLE HOSPITAL 2327,102326,WY,READM-30-AMI-HRRP,650,,1.0555,0.1624,0.1539,106,07/01/2020,06/30/2023
SAMPLE HOSPITAL 2327,102326,WY,READM-30-PN-HRRP,613,,1.0164,0.1686,0.1659,103,07/01/2020,06/30/2023
SAMPLE HOSPITAL 2328,102327,MN,READM-30-AMI-HRRP,296,,1.0435,0.1534,0.147,45,07/01/2020,06/30/2023
SAMPLE HOSPITAL 2328,102327,MN,READM-30-COPD-HRRP,2666,,0.9082,0.1516,0.1669,404,07/01/2020,06/30/2023
SAMPLE HOSPITAL 2328,102327,MN,READM-30-CABG-HRRP,282,,0.8633,0.1252,0.145,35,07/01/2020,06/30/2023
SAMPLE HOSPITAL 2328,102327,MN,READM-30-PN-HRRP,2530,,0.9856,0.1327,0.1346,336,07/01/2020,06/30/2023
SAMPLE HOSPITAL 2328,102327,MN,READM-30-HF-HRRP,833,,0.9785,0.235,0.2402,196,07/01/2020,06/30/2023
SAMPLE HOSPITAL 2329,102328,RI,READM-30-AMI-HRRP,109,,0.9828,0.1289,0.1312,14,07/01/2020,06/30/2023
SAMPLE HOSPITAL 2329,102328,RI,READM-30-HF-HRRP,42,,1.0521,0.2271,0.2159,10,07/01/2020,06/30/2023
SAMPLE HOSPITAL 2329,102328,RI,READM-30-CABG-HRRP,244,,1.0699,0.2299,0.2149,56,07/01/2020,06/30/2023
SAMPLE HOSPITAL 2329,102328,RI,READM-30-COPD-HRRP,519,,0.8676,0.1557,0.1795,81,07/01/2020,06/30/2023
SAMPLE HOSPITAL 2330,102329,TN,READM-30-HIP-KNEE-HRRP,621,,1.0615,0.1305,0.1229,81,07/01/2020,06/30/2023
SAMPLE HOSPITAL 2330,102329,TN,READM-30-AMI-HRRP,54,,0.9106,0.1979,0.2173,11,07/01/2020,06/30/2023
SAMPLE HOSPITAL 2330,102329,TN,READM-30-COPD-HRRP,358,,0.9705,0.1226,0.1263,44,07/01/2020,06/30/2023
SAMPLE HOSPITAL 2330,102329,TN,READM-30-PN-HRRP,730,,1.1176,0.1361,0.1218,99,07/01/2020,06/30/2023
SAMPLE HOSPITAL 2331,102330,MT,READM-30-HF-HRRP,39,,0.9849,0.1973,0.2003,8,07/01/2020,06/30/2023
SAMPLE HOSPITAL 2331,102330,MT,READM-30-COPD-HRRP,148,,0.8998,0.2148,0.2387,32,07/01/2020,06/30/2023
SAMPLE HOSPITAL 2331,102330,MT,READM-30-CABG-HRRP,287,,1.0658,0.1673,0.157,48,07/01/2020,06/30/2023
SAMPLE HOSPITAL 2331,102330,MT,READM-30-HIP-KNEE-HRRP,79,,0.9691,0.1937,0.1999,15,07/01/2020,06/30/2023
SAMPLE HOSPITAL 2331,102330,MT,READM-30-AMI-HRRP,658,,1.0381,0.2142,0.2063,141,07/01/2020,06/30/2023
SAMPLE HOSPITAL 2332,102331,WY,READM-30-AMI-HRRP,26,,0.9685,0.2241,0.2314,6,07/01/2020,06/30/2023
SAMPLE HOSPITAL 2332,102331,WY,READM-30-PN-HRRP,216,,0.9832,0.2533,0.2576,55,07/01/2020,06/30/2023
SAMPLE HOSPITAL 2332,102331,WY,READM-30-CABG-HRRP,162,,0.974,0.1791,0.1839,29,07/01/2020,06/30/2023
SAMPLE HOSPITAL 2332,102331,WY,READM-30-HIP-KNEE-HRRP,230,,1.0537,0.1461,0.1387,34,07/01/2020,06/30/2023
SAMPLE HOSPITAL 2333,102332,OR,READM-30-PN-HRRP,473,,0.9379,0.2204,0.235,104,07/01/2020,06/30/2023
SAMPLE HOSPITAL 2333,102332,OR,READM-30-CABG-HRRP,296,,1.0133,0.1294,0.1277,38,07/01/2020,06/30/2023
SAMPLE HOSPITAL 2333,102332,OR,READM-30-HIP-KNEE-HRRP,503,,1.0065,0.1854,0.1842,93,07/01/2020,06/30/2023
SAMPLE HOSPITAL 2333,102332,OR,READM-30-HF-HRRP,126,,0.8793,0.2242,0.255,28,07/01/2020,06/30/2023
SAMPLE HOSPITAL 2333,102332,OR,READM-30-COPD-HRRP,25,,1.0122,0.1337,0.1321,3,07/01/2020,06/30/2023
SAMPLE HOSPITAL 2333,102332,OR,READM-30-AMI-HRRP,260,,1.0445,0.2538,0.243,66,07/01/2020,06/30/2023
SAMPLE HOSPITAL 2334,102333,NJ,READM-30-HF-HRRP,145,,1.089,0.2177,0.1999,32,07/01/2020,06/30/2023
SAMPLE HOSPITAL 2334,102333,NJ,READM-30-AMI-HRRP,83,,1.0826,0.2475,0.2286,21,07/01/2020,06/30/2023
SAMPLE HOSPITAL 2334,102333,NJ,READM-30-COPD-HRRP,337,,1.0498,0.1963,0.187,66,07/01/2020,06/30/2023
SAMPLE HOSPITAL 2335,102334,NJ,READM-30-HF-HRRP,108,,1.0229,0.2314,0.2262,25,07/01/2020,06/30/2023
SAMPLE HOSPITAL 2335,102334,NJ,READM-30-CABG-HRRP,189,,1.1122,0.2891,0.2599,55,07/01/2020,06/30/2023
SAMPLE HOSPITAL 2335,102334,NJ,READM-30-COPD-HRRP,614,,1.0291,0.2045,0.1987,126,07/01/2020,06/30/2023
SAMPLE HOSPITAL 2335,102334,NJ,READM-30-PN-HRRP,458,,0.9994,0.242,0.2421,111,07/01/2020,06/30/2023
SAMPLE HOSPITAL 2335,102334,NJ,READM-30-AMI-HRRP,42,,1.0999,0.2237,0.2034,9,07/01/2020,06/30/2023
SAMPLE HOSPITAL 2336,102335,MA,READM-30-HIP-KNEE-HRRP,172,,1.0262,0.2138,0.2083,37,07/01/2020,06/30/2023
SAMPLE HOSPITAL 2336,102335,MA,READM-30-HF-HRRP,481,,0.9396,0.222,0.2363,107,07/01/2020,06/30/2023
SAMPLE HOSPITAL 2336,102335,MA,READM-30-CABG-HRRP,154,,0.9376,0.1544,0.1647,24,07/01/2020,06/30/2023
SAMPLE HOSPITAL 2336,102335,MA,READM-30-PN-HRRP,61,,1.0716,0.2636,0.246,16,07/01/2020,06/30/2023
SAMPLE HOSPITAL 2337,102336,OR,READM-30-HF-HRRP,393,,1.0533,0.2592,0.2461,102,07/01/2020,06/30/2023
SAMPLE HOSPITAL 2337,102336,OR,READM-30-CABG-HRRP,251,,1.1513,0.2022,0.1756,51,07/01/2020,06/30/2023
SAMPLE HOSPITAL 2337,102336,OR,READM-30-AMI-HRRP,844,,0.9669,0.2091,0.2163,176,07/01/2020,06/30/2023
SAMPLE HOSPITAL 2338,102337,MD,READM-30-CABG-HRRP,251,,1.104,0.2243,0.2032,56,07/01/2020,06/30/2023
SAMPLE HOSPITAL 2338,102337,MD,READM-30-HF-HRRP,286,,0.9424,0.1577,0.1673,45,07/01/2020,06/30/2023
SAMPLE HOSPITAL 2338,102337,MD,READM-30-AMI-HRRP,138,,0.9933,0.1348,0.1357,19,07/01/2020,06/30/2023
SAMPLE HOSPITAL 2338,102337,MD,READM-30-PN-HRRP,490,,0.9243,0.1918,0.2075,94,07/01/2020,06/30/2023
SAMPLE HOSPITAL 2338,102337,MD,READM-30-HIP-KNEE-HRRP,276,,1.0643,0.1768,0.1661,49,07/01/2020,06/30/2023
SAMPLE HOSPITAL 2338,102337,MD,READM-30-COPD-HRRP,40,,0.9819,0.1332,0.1357,5,07/01/2020,06/30/2023
SAMPLE HOSPITAL 2339,102338,ND,READM-30-HF-HRRP,40,,1.0214,0.1662,0.1627,7,07/01/2020,06/30/2023
SAMPLE HOSPITAL 2339,102338,ND,READM-30-PN-HRRP,125,,0.9904,0.2214,0.2235,28,07/01/2020,06/30/2023
SAMPLE HOSPITAL 2339,102338,ND,READM-30-AMI-HRRP,103,,0.9591,0.1741,0.1815,18,07/01/2020,06/30/2023
SAMPLE HOSPITAL 2340,102339,CA,READM-30-HIP-KNEE-HRRP,36,,1.1492,0.1781,0.155,6,07/01/2020,06/30/2023
SAMPLE HOSPITAL 2340,102339,CA,READM-30-AMI-HRRP,175,,0.9832,0.1417,0.1441,25,07/01/2020,06/30/2023
SAMPLE HOSPITAL 2340,102339,CA,READM-30-PN-HRRP,175,,0.9823,0.1887,0.1921,33,07/01/2020,06/30/2023
SAMPLE HOSPITAL 2340,102339,CA,READM-30-CABG-HRRP,89,,0.9411,0.1782,0.1893,16,07/01/2020,06/30/2023
SAMPLE HOSPITAL 2340,102339,CA,READM-30-COPD-HRRP,519,,1.0113,0.1547,0.153,80,07/01/2020,06/30/2023
SAMPLE HOSPITAL 2340,102339,CA,READM-30-HF-HRRP,495,,1.064,0.244,0.2293,121,07/01/2020,06/30/2023
SAMPLE HOSPITAL 2341,102340,GA,READM-30-COPD-HRRP,39,,1.0437,0.2155,0.2065,8,07/01/2020,06/30/2023
SAMPLE HOSPITAL 2341,102340,GA,READM-30-PN-HRRP,67,,1.0011,0.2475,0.2472,17,07/01/2020,06/30/2023
SAMPLE HOSPITAL 2341,102340,GA,READM-30-HF-HRRP,202,,1.0141,0.2541,0.2506,51,07/01/2020,06/30/2023
SAMPLE HOSPITAL 2341,102340,GA,READM-30-HIP-KNEE-HRRP,141,,0.9412,0.2361,0.2508,33,07/01/2020,06/30/2023
SAMPLE HOSPITAL 2341,102340,GA,READM-30-CABG-HRRP,299,,0.9321,0.2259,0.2424,68,07/01/2020,06/30/2023
SAMPLE HOSPITAL 2342,102341,AK,READM-30-PN-HRRP,173,,0.9135,0.1763,0.193,30,07/01/2020,06/30/2023
SAMPLE HOSPITAL 2342,102341,AK,READM-30-HIP-KNEE-HRRP,183,,1.0225,0.2542,0.2486,47,07/01/2020,06/30/2023
SAMPLE HOSPITAL 2342,102341,AK,READM-30-CABG-HRRP,713,,0.9468,0.165,0.1743,118,07/01/2020,06/30/2023
SAMPLE HOSPITAL 2343,102342,MS,READM-30-HIP-KNEE-HRRP,321,,1.0747,0.1872,0.1742,60,07/01/2020,06/30/2023
SAMPLE HOSPITAL 2343,102342,MS,READM-30-HF-HRRP,47,,1.0803,0.2024,0.1874,10,07/01/2020,06/30/2023
SAMPLE HOSPITAL 2343,102342,MS,READM-30-CABG-HRRP,142,,1.041,0.1359,0.1305,19,07/01/2020,06/30/2023
SAMPLE HOSPITAL 2343,102342,MS,READM-30-PN-HRRP,123,,1.0111,0.1643,0.1625,20,07/01/2020,06/30/2023
SAMPLE HOSPITAL 2343,102342,MS,READM-30-COPD-HRRP,227,,1.0326,0.1966,0.1904,45,07/01/2020,06/30/2023
SAMPLE HOSPITAL 2343,102342,MS,READM-30-AMI-HRRP,195,,1.058,0.1495,0.1413,29,07/01/2020,06/30/2023
SAMPLE HOSPITAL 2344,102343,TN,READM-30-COPD-HRRP,876,,0.9841,0.2277,0.2314,199,07/01/2020,06/30/2023
SAMPLE HOSPITAL 2344,102343,TN,READM-30-HF-HRRP,148,,0.9534,0.1149,0.1205,17,07/01/2020,06/30/2023
SAMPLE HOSPITAL 2344,102343,TN,READM-30-AMI-HRRP,600,,1.1032,0.2525,0.2289,152,07/01/2020,06/30/2023
SAMPLE HOSPITAL 2344,102343,TN,READM-30-PN-HRRP,386,,0.9836,0.1689,0.1717,65,07/01/2020,06/30/2023
SAMPLE HOSPITAL 2344,102343,TN,READM-30-HIP-KNEE-HRRP,411,,1.0162,0.1929,0.1898,79,07/01/2020,06/30/2023
SAMPLE HOSPITAL 2344,102343,TN,READM-30-CABG-HRRP,216,,1.0808,0.2718,0.2515,59,07/01/2020,06/30/2023
SAMPLE HOSPITAL 2345,102344,OH,READM-30-PN-HRRP,59,,1.0473,0.131,0.1251,8,07/01/2020,06/30/2023
SAMPLE HOSPITAL 2345,102344,OH,READM-30-CABG-HRRP,206,,1.0645,0.2208,0.2074,45,07/01/2020,06/30/2023
SAMPLE HOSPITAL 2345,102344,OH,READM-30-AMI-HRRP,233,,0.982,0.1399,0.1425,33,07/01/2020,06/30/2023
SAMPLE HOSPITAL 2345,102344,OH,READM-30-COPD-HRRP,220,,0.9294,0.2304,0.2479,51,07/01/2020,06/30/2023
SAMPLE HOSPITAL 2345,102344,OH,READM-30-HF-HRRP,384,,1.0368,0.2194,0.2116,84,07/01/2020,06/30/2023
SAMPLE HOSPITAL 2346,102345,LA,READM-30-CABG-HRRP,873,,1.05,0.2591,0.2468,226,07/01/2020,06/30/2023
SAMPLE HOSPITAL 2346,102345,LA,READM-30-AMI-HRRP,126,,1.0167,0.2376,0.2337,30,07/01/2020,06/30/2023
SAMPLE HOSPITAL 2346,102345,LA,READM-30-COPD-HRRP,765,,0.8953,0.1502,0.1678,115,07/01/2020,06/30/2023
SAMPLE HOSPITAL 2346,102345,LA,READM-30-PN-HRRP,144,,1.0582,0.2126,0.2009,31,07/01/2020,06/30/2023
SAMPLE HOSPITAL 2346,102345,LA,READM-30-HF-HRRP,38,,0.9398,0.1692,0.18,6,07/01/2020,06/30/2023
SAMPLE HOSPITAL 2347,102346,NC,READM-30-CABG-HRRP,511,,0.9667,0.1303,0.1348,67,07/01/2020,06/30/2023
SAMPLE HOSPITAL 2347,102346,NC,READM-30-HF-HRRP,95,,0.9679,0.1824,0.1885,17,07/01/2020,06/30/2023
SAMPLE HOSPITAL 2347,102346,NC,READM-30-AMI-HRRP,431,,0.9397,0.1916,0.2039,83,07/01/2020,06/30/2023
SAMPLE HOSPITAL 2347,102346,NC,READM-30-PN-HRRP,228,,0.9997,0.197,0.1971,45,07/01/2020,06/30/2023
SAMPLE HOSPITAL 2348,102347,SD,READM-30-AMI-HRRP,542,,1.0506,0.1894,0.1803,103,07/01/2020,06/30/2023
SAMPLE HOSPITAL 2348,102347,SD,READM-30-HIP-KNEE-HRRP,135,,1.122,0.2912,0.2595,39,07/01/2020,06/30/2023
SAMPLE HOSPITAL 2348,102347,SD,READM-30-PN-HRRP,1038,,1.1168,0.2088,0.187,217,07/01/2020,06/30/2023
SAMPLE HOSPITAL 2348,102347,SD,READM-30-COPD-HRRP,119,,1.0086,0.1655,0.1641,20,07/01/2020,06/30/2023
SAMPLE HOSPITAL 2348,102347,SD,READM-30-CABG-HRRP,378,,0.9913,0.1701,0.1716,64,07/01/2020,06/30/2023
SAMPLE HOSPITAL 2349,102348,NM,READM-30-COPD-HRRP,330,,1.0269,0.2285,0.2225,75,07/01/2020,06/30/2023
SAMPLE HOSPITAL 2349,102348,NM,READM-30-CABG-HRRP,300,,1.03,0.2532,0.2458,76,07/01/2020,06/30/2023
SAMPLE HOSPITAL 2349,102348,NM,READM-30-AMI-HRRP,933,,1.0144,0.1365,0.1346,127,07/01/2020,06/30/2023
SAMPLE HOSPITAL 2349,102348,NM,READM-30-PN-HRRP,617,,1.0847,0.1895,0.1747,117,07/01/2020,06/30/2023
SAMPLE HOSPITAL 2349,102348,NM,READM-30-HIP-KNEE-HRRP,37,,1.0788,0.2382,0.2208,9,07/01/2020,06/30/2023
SAMPLE HOSPITAL 2351,102350,MN,READM-30-HIP-KNEE-HRRP,82,,1.087,0.1622,0.1492,13,07/01/2020,06/30/2023
SAMPLE HOSPITAL 2351,102350,MN,READM-30-HF-HRRP,132,,0.9508,0.2013,0.2117,27,07/01/2020,06/30/2023
SAMPLE HOSPITAL 2351,102350,MN,READM-30-PN-HRRP,108,,1.0858,0.2123,0.1955,23,07/01/2020,06/30/2023
SAMPLE HOSPITAL 2352,102351,MT,READM-30-COPD-HRRP,339,,0.9462,0.222,0.2346,75,07/01/2020,06/30/2023
SAMPLE HOSPITAL 2352,102351,MT,READM-30-CABG-HRRP,274,,1.0325,0.133,0.1288,36,07/01/2020,06/30/2023
SAMPLE HOSPITAL 2352,102351,MT,READM-30-HIP-KNEE-HRRP,183,,0.9251,0.1296,0.1401,24,07/01/2020,06/30/2023
SAMPLE HOSPITAL 2353,102352,NH,READM-30-PN-HRRP,862,,1.0941,0.1554,0.142,134,07/01/2020,06/30/2023
SAMPLE HOSPITAL 2353,102352,NH,READM-30-HIP-KNEE-HRRP,177,,1.053,0.1492,0.1417,26,07/01/2020,06/30/2023
SAMPLE HOSPITAL 2353,102352,NH,READM-30-COPD-HRRP,251,,1.0069,0.1335,0.1326,34,07/01/2020,06/30/2023
SAMPLE HOSPITAL 2353,102352,NH,READM-30-CABG-HRRP,96,,0.9364,0.1165,0.1244,11,07/01/2020,06/30/2023
SAMPLE HOSPITAL 2354,102353,TX,READM-30-PN-HRRP,453,,0.9743,0.1413,0.145,64,07/01/2020,06/30/2023
SAMPLE HOSPITAL 2354,102353,TX,READM-30-AMI-HRRP,333,,1.0068,0.1839,0.1827,61,07/01/2020,06/30/2023
SAMPLE HOSPITAL 2354,102353,TX,READM-30-HIP-KNEE-HRRP,231,,0.9663,0.1413,0.1462,33,07/01/2020,06/30/2023
SAMPLE HOSPITAL 2355,102354,DE,READM-30-PN-HRRP,66,,1.0169,0.1706,0.1678,11,07/01/2020,06/30/2023
SAMPLE HOSPITAL 2355,102354,DE,READM-30-CABG-HRRP,98,,0.9905,0.1458,0.1472,14,07/01/2020,06/30/2023
SAMPLE HOSPITAL 2355,102354,DE,READM-30-HF-HRRP,98,,0.9219,0.1856,0.2013,18,07/01/2020,06/30/2023
SAMPLE HOSPITAL 2355,102354,DE,READM-30-COPD-HRRP,48,,0.9289,0.2102,0.2263,10,07/01/2020,06/30/2023
SAMPLE HOSPITAL 2356,102355,MI,READM-30-HF-HRRP,245,,1.064,0.2337,0.2196,57,07/01/2020,06/30/2023
SAMPLE HOSPITAL 2356,102355,MI,READM-30-AMI-HRRP,362,,1.0382,0.1277,0.123,46,07/01/2020,06/30/2023
SAMPLE HOSPITAL 2356,102355,MI,READM-30-PN-HRRP,110,,1.0394,0.2262,0.2176,25,07/01/2020,06/30/2023
SAMPLE HOSPITAL 2357,102356,WI,READM-30-CABG-HRRP,774,,1.0615,0.1489,0.1403,115,07/01/2020,06/30/2023
SAMPLE HOSPITAL 2357,102356,WI,READM-30-HIP-KNEE-HRRP,157,,1.0548,0.1508,0.143,24,07/01/2020,06/30/2023
SAMPLE HOSPITAL 2357,102356,WI,READM-30-AMI-HRRP,163,,1.0109,0.1354,0.1339,22,07/01/2020,06/30/2023
SAMPLE HOSPITAL 2357,102356,WI,READM-30-HF-HRRP,904,,0.9538,0.2086,0.2187,189,07/01/2020,06/30/2023
SAMPLE HOSPITAL 2358,102357,LA,READM-30-HF-HRRP,670,,1.0332,0.1659,0.1606,111,07/01/2020,06/30/2023
SAMPLE HOSPITAL 2358,102357,LA,READM-30-HIP-KNEE-HRRP,115,,1.0098,0.2015,0.1995,23,07/01/2020,06/30/2023
SAMPLE HOSPITAL 2358,102357,LA,READM-30-PN-HRRP,100,,0.9349,0.1957,0.2093,20,07/01/2020,06/30/2023
SAMPLE HOSPITAL 2359,102358,ND,READM-30-HF-HRRP,145,,0.9085,0.1308,0.144,19,07/01/2020,06/30/2023
SAMPLE HOSPITAL 2359,102358,ND,READM-30-CABG-HRRP,191,,1.0087,0.2005,0.1988,38,07/01/2020,06/30/2023
SAMPLE HOSPITAL 2359,102358,ND,READM-30-AMI-HRRP,807,,0.9754,0.1234,0.1265,100,07/01/2020,06/30/2023
SAMPLE HOSPITAL 2359,102358,ND,READM-30-PN-HRRP,117,,0.9277,0.1688,0.182,20,07/01/2020,06/30/2023
SAMPLE HOSPITAL 2359,102358,ND,READM-30-COPD-HRRP,86,,1.0497,0.1723,0.1641,15,07/01/2020,06/30/2023
SAMPLE HOSPITAL 2360,102359,RI,READM-30-HF-HRRP,33,,0.9006,0.1643,0.1824,5,07/01/2020,06/30/2023
SAMPLE HOSPITAL 2360,102359,RI,READM-30-COPD-HRRP,433,,0.8943,0.2205,0.2466,95,07/01/2020,06/30/2023
SAMPLE HOSPITAL 2360,102359,RI,READM-30-AMI-HRRP,790,,0.9004,0.2187,0.2429,173,07/01/2020,06/30/2023
SAMPLE HOSPITAL 2360,102359,RI,READM-30-PN-HRRP,165,,0.9555,0.1711,0.1791,28,07/01/2020,06/30/2023
SAMPLE HOSPITAL 2360,102359,RI,READM-30-CABG-HRRP,463,,0.9802,0.1503,0.1533,70,07/01/2020,06/30/2023
SAMPLE HOSPITAL 2360,102359,RI,READM-30-HIP-KNEE-HRRP,38,,1.0577,0.198,0.1872,8,07/01/2020,06/30/2023
SAMPLE HOSPITAL 2361,102360,MN,READM-30-COPD-HRRP,81,,1.1075,0.1833,0.1655,15,07/01/2020,06/30/2023
SAMPLE HOSPITAL 2361,102360,MN,READM-30-HIP-KNEE-HRRP,86,,1.0223,0.233,0.2279,20,07/01/2020,06/30/2023
SAMPLE HOSPITAL 2361,102360,MN,READM-30-PN-HRRP,933,,1.0067,0.1299,0.129,121,07/01/2020,06/30/2023
SAMPLE HOSPITAL 2361,102360,MN,READM-30-CABG-HRRP,306,,0.979,0.1324,0.1352,41,07/01/2020,06/30/2023
SAMPLE HOSPITAL 2361,102360,MN,READM-30-HF-HRRP,629,,0.9227,0.1974,0.2139,124,07/01/2020,06/30/2023
SAMPLE HOSPITAL 2362,102361,NE,READM-30-COPD-HRRP,69,,0.9608,0.1654,0.1722,11,07/01/2020,06/30/2023
SAMPLE HOSPITAL 2362,102361,NE,READM-30-PN-HRRP,135,,1.031,0.16,0.1552,22,07/01/2020,06/30/2023
SAMPLE HOSPITAL 2362,102361,NE,READM-30-HIP-KNEE-HRRP,241,,0.874,0.1956,0.2238,47,07/01/2020,06/30/2023
SAMPLE HOSPITAL 2362,102361,NE,READM-30-CABG-HRRP,364,,0.9828,0.1728,0.1758,63,07/01/2020,06/30/2023
SAMPLE HOSPITAL 2362,102361,NE,READM-30-HF-HRRP,237,,1.03,0.1772,0.172,42,07/01/2020,06/30/2023
SAMPLE HOSPITAL 2362,102361,NE,READM-30-AMI-HRRP,352,,0.9413,0.1593,0.1692,56,07/01/2020,06/30/2023
SAMPLE HOSPITAL 2363,102362,WA,READM-30-AMI-HRRP,140,,1.0608,0.1811,0.1707,25,07/01/2020,06/30/2023
SAMPLE HOSPITAL 2363,102362,WA,READM-30-HF-HRRP,328,,0.9669,0.1505,0.1557,49,07/01/2020,06/30/2023
SAMPLE HOSPITAL 2363,102362,WA,READM-30-COPD-HRRP,127,,0.8949,0.1513,0.1691,19,07/01/2020,06/30/2023
SAMPLE HOSPITAL 2363,102362,WA,READM-30-CABG-HRRP,183,,0.899,0.1333,0.1483,24,07/01/2020,06/30/2023
SAMPLE HOSPITAL 2363,102362,WA,READM-30-HIP-KNEE-HRRP,644,,0.9092,0.1426,0.1568,92,07/01/2020,06/30/2023
SAMPLE HOSPITAL 2363,102362,WA,READM-30-PN-HRRP,150,,0.7605,0.118,0.1551,18,07/01/2020,06/30/2023
SAMPLE HOSPITAL 2364,102363,ND,READM-30-PN-HRRP,61,,1.0573,0.1431,0.1353,9,07/01/2020,06/30/2023
SAMPLE HOSPITAL 2364,102363,ND,READM-30-CABG-HRRP,66,,0.9799,0.249,0.2541,16,07/01/2020,06/30/2023
SAMPLE HOSPITAL 2364,102363,ND,READM-30-AMI-HRRP,262,,1.0381,0.1432,0.1379,38,07/01/2020,06/30/2023
SAMPLE HOSPITAL 2364,102363,ND,READM-30-COPD-HRRP,1373,,1.0255,0.2143,0.209,294,07/01/2020,06/30/2023
SAMPLE HOSPITAL 2364,102363,ND,READM-30-HF-HRRP,308,,0.9943,0.1743,0.1753,54,07/01/2020,06/30/2023
SAMPLE HOSPITAL 2364,102363,ND,READM-30-HIP-KNEE-HRRP,512,,1.0912,0.2012,0.1844,103,07/01/2020,06/30/2023
SAMPLE HOSPITAL 2365,102364,CO,READM-30-PN-HRRP,177,,0.9201,0.1963,0.2133,35,07/01/2020,06/30/2023
SAMPLE HOSPITAL 2365,102364,CO,READM-30-CABG-HRRP,82,,0.9172,0.2044,0.2228,17,07/01/2020,06/30/2023
SAMPLE HOSPITAL 2365,102364,CO,READM-30-HF-HRRP,194,,1.0452,0.1897,0.1815,37,07/01/2020,06/30/2023
SAMPLE HOSPITAL 2366,102365,MD,READM-30-AMI-HRRP,1027,,1.0217,0.2338,0.2288,240,07/01/2020,06/30/2023
SAMPLE HOSPITAL 2366,102365,MD,READM-30-PN-HRRP,1162,,0.9878,0.1999,0.2024,232,07/01/2020,06/30/2023
SAMPLE HOSPITAL 2366,102365,MD,READM-30-HF-HRRP,148,,1.0538,0.2701,0.2563,40,07/01/2020,06/30/2023
SAMPLE HOSPITAL 2367,102366,NH,READM-30-HIP-KNEE-HRRP,488,,1.0511,0.207,0.1969,101,07/01/2020,06/30/2023
SAMPLE HOSPITAL 2367,102366,NH,READM-30-HF-HRRP,361,,1.1794,0.3064,0.2598,111,07/01/2020,06/30/2023
SAMPLE HOSPITAL 2367,102366,NH,READM-30-AMI-HRRP,349,,1.0017,0.2257,0.2253,79,07/01/2020,06/30/2023
SAMPLE HOSPITAL 2368,102367,MD,READM-30-CABG-HRRP,66,,0.9025,0.1632,0.1808,11,07/01/2020,06/30/2023
SAMPLE HOSPITAL 2368,102367,MD,READM-30-AMI-HRRP,164,,1.0518,0.2479,0.2357,41,07/01/2020,06/30/2023
SAMPLE HOSPITAL 2368,102367,MD,READM-30-COPD-HRRP,167,,0.9165,0.2069,0.2258,35,07/01/2020,06/30/2023
SAMPLE HOSPITAL 2368,102367,MD,READM-30-HIP-KNEE-HRRP,129,,1.0401,0.2682,0.2579,35,07/01/2020,06/30/2023
SAMPLE HOSPITAL 2368,102367,MD,READM-30-HF-HRRP,520,,1.0168,0.1879,0.1848,98,07/01/2020,06/30/2023
SAMPLE HOSPITAL 2368,102367,MD,READM-30-PN-HRRP,186,,0.8925,0.2264,0.2537,42,07/01/2020,06/30/2023
SAMPLE HOSPITAL 2369,102368,MT,READM-30-HIP-KNEE-HRRP,90,,1.0692,0.1369,0.128,12,07/01/2020,06/30/2023
SAMPLE HOSPITAL 2369,102368,MT,READM-30-AMI-HRRP,253,,1.0296,0.2147,0.2085,54,07/01/2020,06/30/2023
SAMPLE HOSPITAL 2369,102368,MT,READM-30-CABG-HRRP,152,,1.0161,0.158,0.1555,24,07/01/2020,06/30/2023
SAMPLE HOSPITAL 2369,102368,MT,READM-30-PN-HRRP,97,,0.9933,0.16,0.1611,16,07/01/2020,06/30/2023
SAMPLE HOSPITAL 2370,102369,NH,READM-30-CABG-HRRP,237,,1.0592,0.1461,0.1379,35,07/01/2020,06/30/2023
SAMPLE HOSPITAL 2370,102369,NH,READM-30-PN-HRRP,182,,0.9727,0.1286,0.1322,23,07/01/2020,06/30/2023
SAMPLE HOSPITAL 2370,102369,NH,READM-30-HIP-KNEE-HRRP,229,,0.9868,0.1277,0.1294,29,07/01/2020,06/30/2023
SAMPLE HOSPITAL 2370,102369,NH,READM-30-AMI-HRRP,93,,1.0482,0.2266,0.2162,21,07/01/2020,06/30/2023
SAMPLE HOSPITAL 2370,102369,NH,READM-30-HF-HRRP,229,,0.9169,0.2192,0.2391,50,07/01/2020,06/30/2023
SAMPLE HOSPITAL 2370,102369,NH,READM-30-COPD-HRRP,275,,0.9928,0.2463,0.2481,68,07/01/2020,06/30/2023
SAMPLE HOSPITAL 2371,102370,IL,READM-30-PN-HRRP,167,,0.9758,0.1431,0.1466,24,07/01/2020,06/30/2023
SAMPLE HOSPITAL 2371,102370,IL,READM-30-COPD-HRRP,369,,1.0014,0.2198,0.2195,81,07/01/2020,06/30/2023
SAMPLE HOSPITAL 2371,102370,IL,READM-30-HF-HRRP,67,,1.0306,0.2551,0.2475,17,07/01/2020,06/30/2023
SAMPLE HOSPITAL 2371,102370,IL,READM-30-AMI-HRRP,296,,1.0451,0.148,0.1416,44,07/01/2020,06/30/2023
SAMPLE HOSPITAL 2371,102370,IL,READM-30-HIP-KNEE-HRRP,71,,1.0058,0.1728,0.1718,12,07/01/2020,06/30/2023
SAMPLE HOSPITAL 2371,102370,IL,READM-30-CABG-HRRP,247,,0.8999,0.2134,0.2371,53,07/01/2020,06/30/2023
SAMPLE HOSPITAL 2372,102371,UT,READM-30-HF-HRRP,384,,0.9712,0.2431,0.2503,93,07/01/2020,06/30/2023
SAMPLE HOSPITAL 2372,102371,UT,READM-30-AMI-HRRP,1285,,0.8704,0.2246,0.258,289,07/01/2020,06/30/2023
SAMPLE HOSPITAL 2372,102371,UT,READM-30-COPD-HRRP,435,,1.0354,0.2402,0.232,104,07/01/2020,06/30/2023
SAMPLE HOSPITAL 2373,102372,UT,READM-30-AMI-HRRP,452,,1.0255,0.2509,0.2447,113,07/01/2020,06/30/2023
SAMPLE HOSPITAL 2373,102372,UT,READM-30-COPD-HRRP,342,,0.96,0.1771,0.1845,61,07/01/2020,06/30/2023
SAMPLE HOSPITAL 2373,102372,UT,READM-30-PN-HRRP,31,,0.9667,0.1219,0.1261,4,07/01/2020,06/30/2023
SAMPLE HOSPITAL 2373,102372,UT,READM-30-CABG-HRRP,161,,1.1021,0.1968,0.1786,32,07/01/2020,06/30/2023
SAMPLE HOSPITAL 2374,102373,WV,READM-30-AMI-HRRP,107,,1.0275,0.1345,0.1309,14,07/01/2020,06/30/2023
SAMPLE HOSPITAL 2374,102373,WV,READM-30-HF-HRRP,298,,0.9341,0.1488,0.1593,44,07/01/2020,06/30/2023
SAMPLE HOSPITAL 2374,102373,WV,READM-30-PN-HRRP,502,,1.0535,0.1338,0.127,67,07/01/2020,06/30/2023
SAMPLE HOSPITAL 2374,102373,WV,READM-30-HIP-KNEE-HRRP,81,,1.0592,0.1469,0.1387,12,07/01/2020,06/30/2023
SAMPLE HOSPITAL 2374,102373,WV,READM-30-CABG-HRRP,209,,1.0078,0.1444,0.1433,30,07/01/2020,06/30/2023
SAMPLE HOSPITAL 2374,102373,WV,READM-30-COPD-HRRP,376,,1.01,0.2376,0.2352,89,07/01/2020,06/30/2023
SAMPLE HOSPITAL 2375,102374,MA,READM-30-PN-HRRP,251,,1.1126,0.252,0.2265,63,07/01/2020,06/30/2023
SAMPLE HOSPITAL 2375,102374,MA,READM-30-CABG-HRRP,255,,0.9402,0.1513,0.1609,39,07/01/2020,06/30/2023
SAMPLE HOSPITAL 2375,102374,MA,READM-30-COPD-HRRP,84,,0.9971,0.2582,0.259,22,07/01/2020,06/30/2023
SAMPLE HOSPITAL 2376,102375,TN,READM-30-HIP-KNEE-HRRP,171,,1.1121,0.1867,0.1679,32,07/01/2020,06/30/2023
SAMPLE HOSPITAL 2376,102375,TN,READM-30-HF-HRRP,1024,,1.0617,0.1854,0.1746,190,07/01/2020,06/30/2023
SAMPLE HOSPITAL 2376,102375,TN,READM-30-CABG-HRRP,75,,0.9249,0.2267,0.2451,17,07/01/2020,06/30/2023
SAMPLE HOSPITAL 2376,102375,TN,READM-30-AMI-HRRP,144,,1.101,0.1576,0.1431,23,07/01/2020,06/30/2023
SAMPLE HOSPITAL 2376,102375,TN,READM-30-PN-HRRP,776,,0.9696,0.1247,0.1286,97,07/01/2020,06/30/2023
SAMPLE HOSPITAL 2376,102375,TN,READM-30-COPD-HRRP,127,,0.9548,0.1905,0.1995,24,07/01/2020,06/30/2023
SAMPLE HOSPITAL 2377,102376,MA,READM-30-HF-HRRP,351,,0.9559,0.2212,0.2314,78,07/01/2020,06/30/2023
SAMPLE HOSPITAL 2377,102376,MA,READM-30-HIP-KNEE-HRRP,627,,0.9629,0.1545,0.1605,97,07/01/2020,06/30/2023
SAMPLE HOSPITAL 2377,102376,MA,READM-30-AMI-HRRP,277,,0.8879,0.1868,0.2104,52,07/01/2020,06/30/2023
SAMPLE HOSPITAL 2378,102377,IN,READM-30-CABG-HRRP,905,,0.9577,0.1391,0.1452,126,07/01/2020,06/30/2023
SAMPLE HOSPITAL 2378,102377,IN,READM-30-COPD-HRRP,186,,0.9938,0.2411,0.2426,45,07/01/2020,06/30/2023
SAMPLE HOSPITAL 2378,102377,IN,READM-30-PN-HRRP,33,,1.0066,0.1864,0.1852,6,07/01/2020,06/30/2023
SAMPLE HOSPITAL 2379,102378,AR,READM-30-PN-HRRP,220,,1.0243,0.1928,0.1882,42,07/01/2020,06/30/2023
SAMPLE HOSPITAL 2379,102378,AR,READM-30-COPD-HRRP,302,,0.9653,0.225,0.2331,68,07/01/2020,06/30/2023
SAMPLE HOSPITAL 2379,102378,AR,READM-30-HIP-KNEE-HRRP,107,,1.0078,0.2195,0.2178,23,07/01/2020,06/30/2023
SAMPLE HOSPITAL 2380,102379,SD,READM-30-COPD-HRRP,67,,1.0061,0.1327,0.1319,9,07/01/2020,06/30/2023
SAMPLE HOSPITAL 2380,102379,SD,READM-30-PN-HRRP,72,,1.0145,0.2524,0.2488,18,07/01/2020,06/30/2023
SAMPLE HOSPITAL 2380,102379,SD,READM-30-AMI-HRRP,140,,0.9336,0.1869,0.2002,26,07/01/2020,06/30/2023
SAMPLE HOSPITAL 2380,102379,SD,READM-30-HF-HRRP,455,,1.0287,0.2546,0.2475,116,07/01/2020,06/30/2023
SAMPLE HOSPITAL 2380,102379,SD,READM-30-HIP-KNEE-HRRP,645,,1.0021,0.1776,0.1772,115,07/01/2020,06/30/2023
SAMPLE HOSPITAL 2380,102379,SD,READM-30-CABG-HRRP,75,,1.0143,0.2159,0.2129,16,07/01/2020,06/30/2023
SAMPLE HOSPITAL 2381,102380,OK,READM-30-CABG-HRRP,246,,0.9537,0.2132,0.2235,52,07/01/2020,06/30/2023
SAMPLE HOSPITAL 2381,102380,OK,READM-30-COPD-HRRP,423,,0.9648,0.1315,0.1363,56,07/01/2020,06/30/2023
SAMPLE HOSPITAL 2381,102380,OK,READM-30-HF-HRRP,335,,1.0101,0.2128,0.2107,71,07/01/2020,06/30/2023
SAMPLE HOSPITAL 2381,102380,OK,READM-30-PN-HRRP,145,,0.9371,0.1698,0.1812,25,07/01/2020,06/30/2023
SAMPLE HOSPITAL 2382,102381,GA,READM-30-PN-HRRP,236,,1.0454,0.1563,0.1495,37,07/01/2020,06/30/2023
SAMPLE HOSPITAL 2382,102381,GA,READM-30-COPD-HRRP,1175,,0.9248,0.1633,0.1766,192,07/01/2020,06/30/2023
SAMPLE HOSPITAL 2382,102381,GA,READM-30-HF-HRRP,81,,1.0177,0.1681,0.1652,14,07/01/2020,06/30/2023
SAMPLE HOSPITAL 2382,102381,GA,READM-30-CABG-HRRP,242,,1.0929,0.2621,0.2398,63,07/01/2020,06/30/2023
SAMPLE HOSPITAL 2382,102381,GA,READM-30-HIP-KNEE-HRRP,1043,,1.037,0.1675,0.1615,175,07/01/2020,06/30/2023
SAMPLE HOSPITAL 2383,102382,WI,READM-30-HF-HRRP,246,,0.9992,0.1201,0.1202,30,07/01/2020,06/30/2023
SAMPLE HOSPITAL 2383,102382,WI,READM-30-AMI-HRRP,543,,0.9785,0.206,0.2105,112,07/01/2020,06/30/2023
SAMPLE HOSPITAL 2383,102382,WI,READM-30-HIP-KNEE-HRRP,554,,0.8687,0.1213,0.1396,67,07/01/2020,06/30/2023
SAMPLE HOSPITAL 2383,102382,WI,READM-30-CABG-HRRP,354,,0.9219,0.1894,0.2054,67,07/01/2020,06/30/2023
SAMPLE HOSPITAL 2383,102382,WI,READM-30-COPD-HRRP,268,,0.971,0.1988,0.2047,53,07/01/2020,06/30/2023
SAMPLE HOSPITAL 2383,102382,WI,READM-30-PN-HRRP,335,,0.9372,0.1446,0.1543,48,07/01/2020,06/30/2023
SAMPLE HOSPITAL 2384,102383,TN,READM-30-COPD-HRRP,48,,1.0095,0.2476,0.2453,12,07/01/2020,06/30/2023
SAMPLE HOSPITAL 2384,102383,TN,READM-30-HF-HRRP,138,,0.9795,0.141,0.144,19,07/01/2020,06/30/2023
SAMPLE HOSPITAL 2384,102383,TN,READM-30-AMI-HRRP,236,,0.8892,0.1341,0.1508,32,07/01/2020,06/30/2023
SAMPLE HOSPITAL 2384,102383,TN,READM-30-PN-HRRP,133,,1.0545,0.1803,0.171,24,07/01/2020,06/30/2023
SAMPLE HOSPITAL 2385,102384,ID,READM-30-HF-HRRP,Too Few to Report,1,Too Few to Report,,,,07/01/2020,06/30/2023
SAMPLE HOSPITAL 2385,102384,ID,READM-30-COPD-HRRP,75,,1.0344,0.2353,0.2275,18,07/01/2020,06/30/2023
SAMPLE HOSPITAL 2385,102384,ID,READM-30-HIP-KNEE-HRRP,132,,1.0121,0.1762,0.1741,23,07/01/2020,06/30/2023
SAMPLE HOSPITAL 2386,102385,AK,READM-30-COPD-HRRP,173,,1.0624,0.1496,0.1408,26,07/01/2020,06/30/2023
SAMPLE HOSPITAL 2386,102385,AK,READM-30-CABG-HRRP,328,,1.0561,0.1818,0.1721,60,07/01/2020,06/30/2023
SAMPLE HOSPITAL 2386,102385,AK,READM-30-PN-HRRP,198,,0.9302,0.1258,0.1352,25,07/01/2020,06/30/2023
SAMPLE HOSPITAL 2386,102385,AK,READM-30-HIP-KNEE-HRRP,188,,0.9589,0.2107,0.2197,40,07/01/2020,06/30/2023
SAMPLE HOSPITAL 2386,102385,AK,READM-30-HF-HRRP,304,,1.0281,0.1935,0.1882,59,07/01/2020,06/30/2023
SAMPLE HOSPITAL 2386,102385,AK,READM-30-AMI-HRRP,262,,0.9935,0.1387,0.1396,36,07/01/2020,06/30/2023
SAMPLE HOSPITAL 2387,102386,WI,READM-30-HF-HRRP,178,,1.0151,0.1272,0.1253,23,07/01/2020,06/30/2023
SAMPLE HOSPITAL 2387,102386,WI,READM-30-PN-HRRP,152,,1.0136,0.1325,0.1307,20,07/01/2020,06/30/2023
SAMPLE HOSPITAL 2387,102386,WI,READM-30-COPD-HRRP,299,,1.0581,0.1356,0.1282,41,07/01/2020,06/30/2023
SAMPLE HOSPITAL 2388,102387,SC,READM-30-CABG-HRRP,64,,1.0073,0.1377,0.1367,9,07/01/2020,06/30/2023
SAMPLE HOSPITAL 2388,102387,SC,READM-30-HIP-KNEE-HRRP,160,,1.0476,0.1798,0.1716,29,07/01/2020,06/30/2023
SAMPLE HOSPITAL 2388,102387,SC,READM-30-PN-HRRP,316,,1.1437,0.1618,0.1415,51,07/01/2020,06/30/2023
SAMPLE HOSPITAL 2388,102387,SC,READM-30-COPD-HRRP,159,,1.0625,0.1916,0.1803,30,07/01/2020,06/30/2023
SAMPLE HOSPITAL 2389,102388,WA,READM-30-PN-HRRP,376,,0.9782,0.1494,0.1527,56,07/01/2020,06/30/2023
SAMPLE HOSPITAL 2389,102388,WA,READM-30-HF-HRRP,343,,1.0386,0.2585,0.2489,89,07/01/2020,06/30/2023
SAMPLE HOSPITAL 2389,102388,WA,READM-30-COPD-HRRP,59,,0.9921,0.1537,0.1549,9,07/01/2020,06/30/2023
SAMPLE HOSPITAL 2389,102388,WA,READM-30-CABG-HRRP,675,,1.0671,0.133,0.1246,90,07/01/2020,06/30/2023
SAMPLE HOSPITAL 2389,102388,WA,READM-30-AMI-HRRP,272,,0.8729,0.1345,0.1541,37,07/01/2020,06/30/2023
SAMPLE HOSPITAL 2389,102388,WA,READM-30-HIP-KNEE-HRRP,339,,1.0242,0.2459,0.2401,83,07/01/2020,06/30/2023
SAMPLE HOSPITAL 2390,102389,WV,READM-30-AMI-HRRP,189,,1.0392,0.2231,0.2147,42,07/01/2020,06/30/2023
SAMPLE HOSPITAL 2390,102389,WV,READM-30-CABG-HRRP,118,,1.0775,0.2138,0.1984,25,07/01/2020,06/30/2023
SAMPLE HOSPITAL 2390,102389,WV,READM-30-HIP-KNEE-HRRP,157,,1.0143,0.1473,0.1452,23,07/01/2020,06/30/2023
SAMPLE HOSPITAL 2390,102389,WV,READM-30-HF-HRRP,510,,0.9736,0.2344,0.2408,120,07/01/2020,06/30/2023
SAMPLE HOSPITAL 2390,102389,WV,READM-30-PN-HRRP,91,,0.9806,0.2284,0.2329,21,07/01/2020,06/30/2023
SAMPLE HOSPITAL 2391,102390,WV,READM-30-PN-HRRP,696,,1.014,0.1392,0.1373,97,07/01/2020,06/30/2023
SAMPLE HOSPITAL 2391,102390,WV,READM-30-HIP-KNEE-HRRP,139,,1.0412,0.156,0.1498,22,07/01/2020,06/30/2023
SAMPLE HOSPITAL 2391,102390,WV,READM-30-HF-HRRP,346,,1.0586,0.2467,0.233,85,07/01/2020,06/30/2023
SAMPLE HOSPITAL 2391,102390,WV,READM-30-COPD-HRRP,625,,1.0108,0.2232,0.2208,140,07/01/2020,06/30/2023
SAMPLE HOSPITAL 2391,102390,WV,READM-30-AMI-HRRP,437,,1.0772,0.2394,0.2222,105,07/01/2020,06/30/2023
SAMPLE HOSPITAL 2391,102390,WV,READM-30-CABG-HRRP,28,,1.0283,0.2031,0.1975,6,07/01/2020,06/30/2023
SAMPLE HOSPITAL 2392,102391,MD,READM-30-COPD-HRRP,95,,0.9814,0.1336,0.1361,13,07/01/2020,06/30/2023
SAMPLE HOSPITAL 2392,102391,MD,READM-30-AMI-HRRP,124,,1.0386,0.2588,0.2492,32,07/01/2020,06/30/2023
SAMPLE HOSPITAL 2392,102391,MD,READM-30-PN-HRRP,244,,0.9561,0.177,0.1851,43,07/01/2020,06/30/2023
SAMPLE HOSPITAL 2392,102391,MD,READM-30-HF-HRRP,190,,0.9739,0.2418,0.2483,46,07/01/2020,06/30/2023
SAMPLE HOSPITAL 2392,102391,MD,READM-30-CABG-HRRP,168,,1.0213,0.171,0.1674,29,07/01/2020,06/30/2023
SAMPLE HOSPITAL 2392,102391,MD,READM-30-HIP-KNEE-HRRP,96,,0.9675,0.1465,0.1514,14,07/01/2020,06/30/2023
SAMPLE HOSPITAL 2393,102392,CA,READM-30-HF-HRRP,1242,,1.1078,0.2519,0.2274,313,07/01/2020,06/30/2023
SAMPLE HOSPITAL 2393,102392,CA,READM-30-PN-HRRP,218,,1.0097,0.2082,0.2062,45,07/01/2020,06/30/2023
SAMPLE HOSPITAL 2393,102392,CA,READM-30-CABG-HRRP,176,,0.9719,0.1651,0.1699,29,07/01/2020,06/30/2023
SAMPLE HOSPITAL 2394,102393,OH,READM-30-HF-HRRP,95,,0.9041,0.1645,0.1819,16,07/01/2020,06/30/2023
SAMPLE HOSPITAL 2394,102393,OH,READM-30-PN-HRRP,116,,0.852,0.1127,0.1323,13,07/01/2020,06/30/2023
SAMPLE HOSPITAL 2394,102393,OH,READM-30-CABG-HRRP,249,,0.9766,0.1847,0.1891,46,07/01/2020,06/30/2023
SAMPLE HOSPITAL 2395,102394,AK,READM-30-CABG-HRRP,243,,1.0494,0.27,0.2573,66,07/01/2020,06/30/2023
SAMPLE HOSPITAL 2395,102394,AK,READM-30-AMI-HRRP,109,,1.133,0.2557,0.2257,28,07/01/2020,06/30/2023
SAMPLE HOSPITAL 2395,102394,AK,READM-30-HIP-KNEE-HRRP,381,,1.0896,0.2476,0.2272,94,07/01/2020,06/30/2023
SAMPLE HOSPITAL 2395,102394,AK,READM-30-PN-HRRP,70,,0.9762,0.1911,0.1958,13,07/01/2020,06/30/2023
SAMPLE HOSPITAL 2395,102394,AK,READM-30-HF-HRRP,358,,1.1273,0.1701,0.1509,61,07/01/2020,06/30/2023
SAMPLE HOSPITAL 2396,102395,MT,READM-30-CABG-HRRP,87,,1.0307,0.1344,0.1304,12,07/01/2020,06/30/2023
SAMPLE HOSPITAL 2396,102395,MT,READM-30-HF-HRRP,1013,,0.9103,0.2287,0.2512,232,07/01/2020,06/30/2023
SAMPLE HOSPITAL 2396,102395,MT,READM-30-PN-HRRP,972,,0.997,0.1929,0.1935,187,07/01/2020,06/30/2023
SAMPLE HOSPITAL 2396,102395,MT,READM-30-COPD-HRRP,62,,0.9187,0.2158,0.2349,13,07/01/2020,06/30/2023
SAMPLE HOSPITAL 2396,102395,MT,READM-30-AMI-HRRP,47,,0.9312,0.1184,0.1272,6,07/01/2020,06/30/2023
SAMPLE HOSPITAL 2396,102395,MT,READM-30-HIP-KNEE-HRRP,98,,0.8981,0.1749,0.1948,17,07/01/2020,06/30/2023
SAMPLE HOSPITAL 2397,102396,TX,READM-30-HF-HRRP,287,,0.9684,0.2409,0.2488,69,07/01/2020,06/30/2023
SAMPLE HOSPITAL 2397,102396,TX,READM-30-COPD-HRRP,92,,0.9438,0.1433,0.1518,13,07/01/2020,06/30/2023
SAMPLE HOSPITAL 2397,102396,TX,READM-30-CABG-HRRP,558,,1.1099,0.2533,0.2282,141,07/01/2020,06/30/2023
SAMPLE HOSPITAL 2397,102396,TX,READM-30-PN-HRRP,77,,0.9576,0.1886,0.197,15,07/01/2020,06/30/2023
SAMPLE HOSPITAL 2397,102396,TX,READM-30-AMI-HRRP,56,,0.8571,0.1043,0.1217,6,07/01/2020,06/30/2023
SAMPLE HOSPITAL 2397,102396,TX,READM-30-HIP-KNEE-HRRP,Too Few to Report,1,Too Few to Report,,,,07/01/2020,06/30/2023
SAMPLE HOSPITAL 2398,102397,MO,READM-30-AMI-HRRP,570,,1.0392,0.1592,0.1532,91,07/01/2020,06/30/2023
SAMPLE HOSPITAL 2398,102397,MO,READM-30-HF-HRRP,107,,0.8813,0.192,0.2179,21,07/01/2020,06/30/2023
SAMPLE HOSPITAL 2398,102397,MO,READM-30-COPD-HRRP,172,,0.964,0.2381,0.247,41,07/01/2020,06/30/2023
SAMPLE HOSPITAL 2398,102397,MO,READM-30-CABG-HRRP,638,,0.9908,0.1491,0.1505,95,07/01/2020,06/30/2023
SAMPLE HOSPITAL 2398,102397,MO,READM-30-HIP-KNEE-HRRP,110,,1.0565,0.1872,0.1772,21,07/01/2020,06/30/2023
SAMPLE HOSPITAL 2398,102397,MO,READM-30-PN-HRRP,159,,0.9406,0.2383,0.2533,38,07/01/2020,06/30/2023
SAMPLE HOSPITAL 2399,102398,CO,READM-30-AMI-HRRP,184,,1.0783,0.2062,0.1912,38,07/01/2020,06/30/2023
SAMPLE HOSPITAL 2399,102398,CO,READM-30-HIP-KNEE-HRRP,214,,1.0981,0.2322,0.2115,50,07/01/2020,06/30/2023
SAMPLE HOSPITAL 2399,102398,CO,READM-30-HF-HRRP,803,,0.9734,0.1884,0.1935,151,07/01/2020,06/30/2023
SAMPLE HOSPITAL 2399,102398,CO,READM-30-PN-HRRP,Too Few to Report,1,Too Few to Report,,,,07/01/2020,06/30/2023
SAMPLE HOSPITAL 2400,102399,UT,READM-30-PN-HRRP,104,,1.068,0.1938,0.1815,20,07/01/2020,06/30/2023
SAMPLE HOSPITAL 2400,102399,UT,READM-30-HIP-KNEE-HRRP,786,,1.08,0.1661,0.1538,131,07/01/2020,06/30/2023
SAMPLE HOSPITAL 2400,102399,UT,READM-30-HF-HRRP,151,,1.1076,0.2225,0.2009,34,07/01/2020,06/30/2023
SAMPLE HOSPITAL 2400,102399,UT,READM-30-CABG-HRRP,96,,1.0152,0.1632,0.1608,16,07/01/2020,06/30/2023
SAMPLE HOSPITAL 2400,102399,UT,READM-30-AMI-HRRP,119,,0.9845,0.1635,0.1661,19,07/01/2020,06/30/2023
SAMPLE HOSPITAL 2400,102399,UT,READM-30-COPD-HRRP,121,,0.9447,0.1246,0.1319,15,07/01/2020,06/30/2023
SAMPLE HOSPITAL 2401,102400,MA,READM-30-AMI-HRRP,88,,1.0574,0.2251,0.2129,20,07/01/2020,06/30/2023
SAMPLE HOSPITAL 2401,102400,MA,READM-30-HF-HRRP,134,,1.0258,0.1892,0.1844,25,07/01/2020,06/30/2023
SAMPLE HOSPITAL 2401,102400,MA,READM-30-HIP-KNEE-HRRP,72,,0.9703,0.2034,0.2096,15,07/01/2020,06/30/2023
SAMPLE HOSPITAL 2401,102400,MA,READM-30-COPD-HRRP,181,,1.0509,0.2162,0.2057,39,07/01/2020,06/30/2023
SAMPLE HOSPITAL 2401,102400,MA,READM-30-PN-HRRP,132,,0.9412,0.2146,0.228,28,07/01/2020,06/30/2023
SAMPLE HOSPITAL 2401,102400,MA,READM-30-CABG-HRRP,168,,1.0179,0.1411,0.1386,24,07/01/2020,06/30/2023
SAMPLE HOSPITAL 2402,102401,MN,READM-30-HF-HRRP,763,,0.9902,0.1963,0.1982,150,07/01/2020,06/30/2023
SAMPLE HOSPITAL 2402,102401,MN,READM-30-HIP-KNEE-HRRP,621,,0.9638,0.1207,0.1252,75,07/01/2020,06/30/2023
SAMPLE HOSPITAL 2402,102401,MN,READM-30-AMI-HRRP,500,,0.8995,0.1764,0.1961,88,07/01/2020,06/30/2023
SAMPLE HOSPITAL 2402,102401,MN,READM-30-PN-HRRP,182,,0.96,0.2006,0.209,37,07/01/2020,06/30/2023
SAMPLE HOSPITAL 2402,102401,MN,READM-30-COPD-HRRP,116,,0.9139,0.1189,0.1301,14,07/01/2020,06/30/2023
SAMPLE HOSPITAL 2402,102401,MN,READM-30-CABG-HRRP,102,,1.0153,0.1239,0.122,13,07/01/2020,06/30/2023
SAMPLE HOSPITAL 2403,102402,NE,READM-30-PN-HRRP,155,,0.9494,0.1144,0.1205,18,07/01/2020,06/30/2023
SAMPLE HOSPITAL 2403,102402,NE,READM-30-HF-HRRP,123,,0.9629,0.239,0.2482,29,07/01/2020,06/30/2023
SAMPLE HOSPITAL 2403,102402,NE,READM-30-AMI-HRRP,76,,1.0835,0.2117,0.1954,16,07/01/2020,06/30/2023
SAMPLE HOSPITAL 2404,102403,WV,READM-30-HF-HRRP,303,,1.0128,0.2463,0.2432,75,07/01/2020,06/30/2023
SAMPLE HOSPITAL 2404,102403,WV,READM-30-PN-HRRP,162,,0.9766,0.2007,0.2055,33,07/01/2020,06/30/2023
SAMPLE HOSPITAL 2404,102403,WV,READM-30-CABG-HRRP,150,,1.0069,0.2007,0.1993,30,07/01/2020,06/30/2023
SAMPLE HOSPITAL 2404,102403,WV,READM-30-HIP-KNEE-HRRP,124,,1.0848,0.2372,0.2187,29,07/01/2020,06/30/2023
SAMPLE HOSPITAL 2404,102403,WV,READM-30-AMI-HRRP,257,,0.9673,0.1265,0.1308,33,07/01/2020,06/30/2023
SAMPLE HOSPITAL 2405,102404,ND,READM-30-HIP-KNEE-HRRP,264,,1.1037,0.2805,0.2541,74,07/01/2020,06/30/2023
SAMPLE HOSPITAL 2405,102404,ND,READM-30-HF-HRRP,295,,1.007,0.1598,0.1587,47,07/01/2020,06/30/2023
SAMPLE HOSPITAL 2405,102404,ND,READM-30-CABG-HRRP,369,,1.0143,0.2069,0.204,76,07/01/2020,06/30/2023
SAMPLE HOSPITAL 2405,102404,ND,READM-30-COPD-HRRP,130,,0.9654,0.1242,0.1287,16,07/01/2020,06/30/2023
SAMPLE HOSPITAL 2406,102405,DE,READM-30-AMI-HRRP,104,,1.0513,0.2327,0.2213,24,07/01/2020,06/30/2023
SAMPLE HOSPITAL 2406,102405,DE,READM-30-CABG-HRRP,80,,0.9881,0.1499,0.1517,12,07/01/2020,06/30/2023
SAMPLE HOSPITAL 2406,102405,DE,READM-30-HIP-KNEE-HRRP,258,,1.0794,0.1496,0.1386,39,07/01/2020,06/30/2023
SAMPLE HOSPITAL 2407,102406,NE,READM-30-PN-HRRP,223,,1.0533,0.2286,0.217,51,07/01/2020,06/30/2023
SAMPLE HOSPITAL 2407,102406,NE,READM-30-AMI-HRRP,169,,0.9619,0.1755,0.1824,30,07/01/2020,06/30/2023
SAMPLE HOSPITAL 2407,102406,NE,READM-30-HIP-KNEE-HRRP,88,,0.8791,0.2106,0.2396,19,07/01/2020,06/30/2023
SAMPLE HOSPITAL 2407,102406,NE,READM-30-CABG-HRRP,186,,1.0214,0.197,0.1929,37,07/01/2020,06/30/2023
SAMPLE HOSPITAL 2407,102406,NE,READM-30-COPD-HRRP,888,,1.0167,0.1895,0.1864,168,07/01/2020,06/30/2023
SAMPLE HOSPITAL 2408,102407,KS,READM-30-COPD-HRRP,98,,0.9791,0.1392,0.1422,14,07/01/2020,06/30/2023
SAMPLE HOSPITAL 2408,102407,KS,READM-30-PN-HRRP,191,,1.0541,0.1541,0.1462,29,07/01/2020,06/30/2023
SAMPLE HOSPITAL 2408,102407,KS,READM-30-HF-HRRP,156,,0.9939,0.1509,0.1518,24,07/01/2020,06/30/2023
SAMPLE HOSPITAL 2408,102407,KS,READM-30-CABG-HRRP,79,,1.0111,0.1604,0.1586,13,07/01/2020,06/30/2023
SAMPLE HOSPITAL 2409,102408,KS,READM-30-PN-HRRP,889,,1.0642,0.2426,0.228,216,07/01/2020,06/30/2023
SAMPLE HOSPITAL 2409,102408,KS,READM-30-HF-HRRP,200,,0.9893,0.1809,0.1829,36,07/01/2020,06/30/2023
SAMPLE HOSPITAL 2409,102408,KS,READM-30-CABG-HRRP,131,,0.9327,0.1572,0.1685,21,07/01/2020,06/30/2023
SAMPLE HOSPITAL 2409,102408,KS,READM-30-COPD-HRRP,67,,1.0024,0.1231,0.1228,8,07/01/2020,06/30/2023
SAMPLE HOSPITAL 2409,102408,KS,READM-30-HIP-KNEE-HRRP,34,,1.024,0.1503,0.1468,5,07/01/2020,06/30/2023
SAMPLE HOSPITAL 2409,102408,KS,READM-30-AMI-HRRP,143,,1.0682,0.2555,0.2392,37,07/01/2020,06/30/2023
SAMPLE HOSPITAL 2410,102409,MA,READM-30-HIP-KNEE-HRRP,242,,0.8553,0.1887,0.2206,46,07/01/2020,06/30/2023
SAMPLE HOSPITAL 2410,102409,MA,READM-30-COPD-HRRP,74,,0.8585,0.1578,0.1838,12,07/01/2020,06/30/2023
SAMPLE HOSPITAL 2410,102409,MA,READM-30-AMI-HRRP,271,,1.0552,0.1563,0.1481,42,07/01/2020,06/30/2023
SAMPLE HOSPITAL 2410,102409,MA,READM-30-HF-HRRP,314,,0.9678,0.1201,0.1241,38,07/01/2020,06/30/2023
SAMPLE HOSPITAL 2410,102409,MA,READM-30-PN-HRRP,213,,0.9268,0.2279,0.2459,49,07/01/2020,06/30/2023
SAMPLE HOSPITAL 2411,102410,OK,READM-30-COPD-HRRP,90,,0.9761,0.2403,0.2462,22,07/01/2020,06/30/2023
SAMPLE HOSPITAL 2411,102410,OK,READM-30-HIP-KNEE-HRRP,306,,0.8754,0.1538,0.1757,47,07/01/2020,06/30/2023
SAMPLE HOSPITAL 2411,102410,OK,READM-30-PN-HRRP,202,,0.9882,0.1556,0.1575,31,07/01/2020,06/30/2023
SAMPLE HOSPITAL 2411,102410,OK,READM-30-AMI-HRRP,84,,1.0221,0.2451,0.2398,21,07/01/2020,06/30/2023
SAMPLE HOSPITAL 2412,102411,VA,READM-30-PN-HRRP,39,,1.05,0.2528,0.2408,10,07/01/2020,06/30/2023
SAMPLE HOSPITAL 2412,102411,VA,READM-30-AMI-HRRP,122,,0.9946,0.1609,0.1618,20,07/01/2020,06/30/2023
SAMPLE HOSPITAL 2412,102411,VA,READM-30-COPD-HRRP,136,,1.0566,0.2525,0.239,34,07/01/2020,06/30/2023
SAMPLE HOSPITAL 2412,102411,VA,READM-30-HIP-KNEE-HRRP,684,,0.9257,0.2027,0.219,139,07/01/2020,06/30/2023
SAMPLE HOSPITAL 2412,102411,VA,READM-30-HF-HRRP,1577,,1.0583,0.1546,0.1461,244,07/01/2020,06/30/2023
SAMPLE HOSPITAL 2413,102412,MA,READM-30-PN-HRRP,217,,1.084,0.1525,0.1407,33,07/01/2020,06/30/2023
SAMPLE HOSPITAL 2413,102412,MA,READM-30-HF-HRRP,400,,1.024,0.2035,0.1987,81,07/01/2020,06/30/2023
SAMPLE HOSPITAL 2413,102412,MA,READM-30-HIP-KNEE-HRRP,116,,1.0061,0.2357,0.2343,27,07/01/2020,06/30/2023
SAMPLE HOSPITAL 2413,102412,MA,READM-30-CABG-HRRP,66,,1.0586,0.2028,0.1916,13,07/01/2020,06/30/2023
SAMPLE HOSPITAL 2413,102412,MA,READM-30-COPD-HRRP,109,,0.9607,0.1958,0.2038,21,07/01/2020,06/30/2023
SAMPLE HOSPITAL 2414,102413,ND,READM-30-PN-HRRP,425,,0.9431,0.1559,0.1653,66,07/01/2020,06/30/2023
SAMPLE HOSPITAL 2414,102413,ND,READM-30-HIP-KNEE-HRRP,89,,0.9546,0.2349,0.2461,21,07/01/2020,06/30/2023
SAMPLE HOSPITAL 2414,102413,ND,READM-30-COPD-HRRP,173,,0.9883,0.1963,0.1986,34,07/01/2020,06/30/2023
SAMPLE HOSPITAL 2415,102414,OK,READM-30-COPD-HRRP,334,,0.9,0.2294,0.2549,77,07/01/2020,06/30/2023
SAMPLE HOSPITAL 2415,102414,OK,READM-30-CABG-HRRP,368,,0.9169,0.1479,0.1613,54,07/01/2020,06/30/2023
SAMPLE HOSPITAL 2415,102414,OK,READM-30-HIP-KNEE-HRRP,103,,0.8519,0.1202,0.1411,12,07/01/2020,06/30/2023
SAMPLE HOSPITAL 2415,102414,OK,READM-30-AMI-HRRP,202,,0.9774,0.2092,0.214,42,07/01/2020,06/30/2023
SAMPLE HOSPITAL 2415,102414,OK,READM-30-HF-HRRP,2061,,0.8824,0.1596,0.1809,329,07/01/2020,06/30/2023
SAMPLE HOSPITAL 2416,102415,NE,READM-30-HIP-KNEE-HRRP,571,,1.0624,0.2094,0.1971,120,07/01/2020,06/30/2023
SAMPLE HOSPITAL 2416,102415,NE,READM-30-HF-HRRP,1093,,0.9377,0.1228,0.131,134,07/01/2020,06/30/2023
SAMPLE HOSPITAL 2416,102415,NE,READM-30-COPD-HRRP,145,,1.1164,0.2156,0.1931,31,07/01/2020,06/30/2023
SAMPLE HOSPITAL 2416,102415,NE,READM-30-AMI-HRRP,417,,1.0233,0.194,0.1896,81,07/01/2020,06/30/2023
SAMPLE HOSPITAL 2416,102415,NE,READM-30-PN-HRRP,62,,0.9313,0.2333,0.2505,14,07/01/2020,06/30/2023
SAMPLE HOSPITAL 2417,102416,AL,READM-30-PN-HRRP,38,,1.0504,0.237,0.2256,9,07/01/2020,06/30/2023
SAMPLE HOSPITAL 2417,102416,AL,READM-30-HIP-KNEE-HRRP,470,,1.0122,0.1915,0.1892,90,07/01/2020,06/30/2023
SAMPLE HOSPITAL 2417,102416,AL,READM-30-HF-HRRP,182,,0.9584,0.1585,0.1654,29,07/01/2020,06/30/2023
SAMPLE HOSPITAL 2417,102416,AL,READM-30-COPD-HRRP,149,,1.0397,0.2388,0.2297,36,07/01/2020,06/30/2023
SAMPLE HOSPITAL 2417,102416,AL,READM-30-CABG-HRRP,737,,0.9882,0.2473,0.2503,182,07/01/2020,06/30/2023
SAMPLE HOSPITAL 2418,102417,AR,READM-30-COPD-HRRP,99,,0.9875,0.2131,0.2158,21,07/01/2020,06/30/2023
SAMPLE HOSPITAL 2418,102417,AR,READM-30-AMI-HRRP,Too Few to Report,1,Too Few to Report,,,,07/01/2020,06/30/2023
SAMPLE HOSPITAL 2418,102417,AR,READM-30-PN-HRRP,417,,0.9323,0.1712,0.1836,71,07/01/2020,06/30/2023
SAMPLE HOSPITAL 2418,102417,AR,READM-30-CABG-HRRP,118,,1.0581,0.2378,0.2247,28,07/01/2020,06/30/2023
SAMPLE HOSPITAL 2419,102418,ME,READM-30-AMI-HRRP,102,,1.0399,0.1356,0.1304,14,07/01/2020,06/30/2023
SAMPLE HOSPITAL 2419,102418,ME,READM-30-PN-HRRP,281,,1.1038,0.1927,0.1746,54,07/01/2020,06/30/2023
SAMPLE HOSPITAL 2419,102418,ME,READM-30-CABG-HRRP,96,,1.1171,0.1981,0.1773,19,07/01/2020,06/30/2023
SAMPLE HOSPITAL 2419,102418,ME,READM-30-HF-HRRP,504,,1.0595,0.2635,0.2487,133,07/01/2020,06/30/2023
SAMPLE HOSPITAL 2419,102418,ME,READM-30-COPD-HRRP,172,,0.9789,0.123,0.1257,21,07/01/2020,06/30/2023
SAMPLE HOSPITAL 2419,102418,ME,READM-30-HIP-KNEE-HRRP,414,,0.9555,0.1199,0.1255,50,07/01/2020,06/30/2023
SAMPLE HOSPITAL 2420,102419,AL,READM-30-AMI-HRRP,176,,0.9939,0.2258,0.2272,40,07/01/2020,06/30/2023
SAMPLE HOSPITAL 2420,102419,AL,READM-30-HIP-KNEE-HRRP,83,,0.9102,0.1377,0.1513,11,07/01/2020,06/30/2023
SAMPLE HOSPITAL 2420,102419,AL,READM-30-CABG-HRRP,256,,1.0084,0.2356,0.2336,60,07/01/2020,06/30/2023
SAMPLE HOSPITAL 2420,102419,AL,READM-30-COPD-HRRP,Too Few to Report,1,Too Few to Report,,,,07/01/2020,06/30/2023
SAMPLE HOSPITAL 2420,102419,AL,READM-30-PN-HRRP,107,,1.088,0.2667,0.2451,29,07/01/2020,06/30/2023
SAMPLE HOSPITAL 2421,102420,NE,READM-30-CABG-HRRP,153,,1.0204,0.2428,0.2379,37,07/01/2020,06/30/2023
SAMPLE HOSPITAL 2421,102420,NE,READM-30-COPD-HRRP,136,,0.9841,0.1287,0.1308,18,07/01/2020,06/30/2023
SAMPLE HOSPITAL 2421,102420,NE,READM-30-HIP-KNEE-HRRP,510,,1.0247,0.218,0.2127,111,07/01/2020,06/30/2023
SAMPLE HOSPITAL 2421,102420,NE,READM-30-AMI-HRRP,85,,1.0757,0.2422,0.2252,21,07/01/2020,06/30/2023
SAMPLE HOSPITAL 2421,102420,NE,READM-30-HF-HRRP,1334,,0.9546,0.2241,0.2348,299,07/01/2020,06/30/2023
SAMPLE HOSPITAL 2422,102421,NJ,READM-30-HF-HRRP,197,,1.1359,0.2875,0.2531,57,07/01/2020,06/30/2023
SAMPLE HOSPITAL 2422,102421,NJ,READM-30-CABG-HRRP,141,,1.0744,0.2489,0.2317,35,07/01/2020,06/30/2023
SAMPLE HOSPITAL 2422,102421,NJ,READM-30-HIP-KNEE-HRRP,248,,1.0848,0.155,0.1429,38,07/01/2020,06/30/2023
SAMPLE HOSPITAL 2423,102422,MO,READM-30-PN-HRRP,403,,1.0426,0.239,0.2292,96,07/01/2020,06/30/2023
SAMPLE HOSPITAL 2423,102422,MO,READM-30-AMI-HRRP,246,,0.9429,0.1641,0.174,40,07/01/2020,06/30/2023
SAMPLE HOSPITAL 2423,102422,MO,READM-30-HF-HRRP,164,,0.9637,0.1303,0.1352,21,07/01/2020,06/30/2023
SAMPLE HOSPITAL 2424,102423,AZ,READM-30-COPD-HRRP,33,,0.9601,0.1446,0.1506,5,07/01/2020,06/30/2023
SAMPLE HOSPITAL 2424,102423,AZ,READM-30-PN-HRRP,50,,1.055,0.1468,0.1391,7,07/01/2020,06/30/2023
SAMPLE HOSPITAL 2424,102423,AZ,READM-30-CABG-HRRP,Too Few to Report,1,Too Few to Report,,,,07/01/2020,06/30/2023
SAMPLE HOSPITAL 2425,102424,IA,READM-30-CABG-HRRP,773,,1.0584,0.2667,0.252,206,07/01/2020,06/30/2023
SAMPLE HOSPITAL 2425,102424,IA,READM-30-HF-HRRP,236,,0.9581,0.2275,0.2375,54,07/01/2020,06/30/2023
SAMPLE HOSPITAL 2425,102424,IA,READM-30-PN-HRRP,1302,,1.0463,0.16,0.1529,208,07/01/2020,06/30/2023
SAMPLE HOSPITAL 2425,102424,IA,READM-30-AMI-HRRP,558,,1.0004,0.1303,0.1302,73,07/01/2020,06/30/2023
SAMPLE HOSPITAL 2427,102426,ME,READM-30-HIP-KNEE-HRRP,160,,0.9788,0.1748,0.1786,28,07/01/2020,06/30/2023
SAMPLE HOSPITAL 2427,102426,ME,READM-30-COPD-HRRP,192,,1.0247,0.2303,0.2247,44,07/01/2020,06/30/2023
SAMPLE HOSPITAL 2427,102426,ME,READM-30-PN-HRRP,179,,1.0349,0.1956,0.189,35,07/01/2020,06/30/2023
SAMPLE HOSPITAL 2427,102426,ME,READM-30-AMI-HRRP,694,,0.9373,0.1251,0.1335,87,07/01/2020,06/30/2023
SAMPLE HOSPITAL 2428,102427,NM,READM-30-PN-HRRP,50,,1.0213,0.1251,0.1225,6,07/01/2020,06/30/2023
SAMPLE HOSPITAL 2428,102427,NM,READM-30-COPD-HRRP,215,,1.0229,0.1956,0.1912,42,07/01/2020,06/30/2023
SAMPLE HOSPITAL 2428,102427,NM,READM-30-AMI-HRRP,365,,0.9991,0.2284,0.2286,83,07/01/2020,06/30/2023
SAMPLE HOSPITAL 2429,102428,WY,READM-30-AMI-HRRP,106,,1.0567,0.1275,0.1207,14,07/01/2020,06/30/2023
SAMPLE HOSPITAL 2429,102428,WY,READM-30-PN-HRRP,228,,0.9037,0.16,0.1771,36,07/01/2020,06/30/2023
SAMPLE HOSPITAL 2429,102428,WY,READM-30-HF-HRRP,65,,0.9968,0.237,0.2378,15,07/01/2020,06/30/2023
SAMPLE HOSPITAL 2429,102428,WY,READM-30-COPD-HRRP,211,,1.0454,0.2398,0.2294,51,07/01/2020,06/30/2023
SAMPLE HOSPITAL 2429,102428,WY,READM-30-HIP-KNEE-HRRP,331,,0.9378,0.2383,0.2541,79,07/01/2020,06/30/2023
SAMPLE HOSPITAL 2429,102428,WY,READM-30-CABG-HRRP,185,,1.0315,0.1683,0.1632,31,07/01/2020,06/30/2023
SAMPLE HOSPITAL 2430,102429,NH,READM-30-HIP-KNEE-HRRP,943,,1.085,0.1984,0.1829,187,07/01/2020,06/30/2023
SAMPLE HOSPITAL 2430,102429,NH,READM-30-AMI-HRRP,35,,1.021,0.1329,0.1302,5,07/01/2020,06/30/2023
SAMPLE HOSPITAL 2430,102429,NH,READM-30-CABG-HRRP,201,,0.9646,0.2095,0.2172,42,07/01/2020,06/30/2023
SAMPLE HOSPITAL 2431,102430,RI,READM-30-HIP-KNEE-HRRP,62,,0.9476,0.1999,0.211,12,07/01/2020,06/30/2023
SAMPLE HOSPITAL 2431,102430,RI,READM-30-AMI-HRRP,127,,0.9666,0.1245,0.1288,16,07/01/2020,06/30/2023
SAMPLE HOSPITAL 2431,102430,RI,READM-30-CABG-HRRP,180,,1.031,0.1345,0.1305,24,07/01/2020,06/30/2023
SAMPLE HOSPITAL 2431,102430,RI,READM-30-COPD-HRRP,211,,1.1473,0.2409,0.21,51,07/01/2020,06/30/2023
SAMPLE HOSPITAL 2432,102431,ME,READM-30-HF-HRRP,112,,0.9872,0.2013,0.2039,23,07/01/2020,06/30/2023
SAMPLE HOSPITAL 2432,102431,ME,READM-30-AMI-HRRP,127,,0.995,0.1783,0.1792,23,07/01/2020,06/30/2023
SAMPLE HOSPITAL 2432,102431,ME,READM-30-CABG-HRRP,389,,0.9428,0.1547,0.1641,60,07/01/2020,06/30/2023
SAMPLE HOSPITAL 2433,102432,AZ,READM-30-PN-HRRP,435,,1.0076,0.1968,0.1953,86,07/01/2020,06/30/2023
SAMPLE HOSPITAL 2433,102432,AZ,READM-30-CABG-HRRP,214,,0.9546,0.1479,0.1549,32,07/01/2020,06/30/2023
SAMPLE HOSPITAL 2433,102432,AZ,READM-30-HF-HRRP,46,,0.9094,0.1836,0.2019,8,07/01/2020,06/30/2023
SAMPLE HOSPITAL 2433,102432,AZ,READM-30-HIP-KNEE-HRRP,185,,0.9888,0.2016,0.2039,37,07/01/2020,06/30/2023
SAMPLE HOSPITAL 2433,102432,AZ,READM-30-COPD-HRRP,209,,1.017,0.1228,0.1207,26,07/01/2020,06/30/2023
SAMPLE HOSPITAL 2434,102433,WV,READM-30-HF-HRRP,61,,1.0377,0.2646,0.255,16,07/01/2020,06/30/2023
SAMPLE HOSPITAL 2434,102433,WV,READM-30-HIP-KNEE-HRRP,151,,1.0064,0.2175,0.2161,33,07/01/2020,06/30/2023
SAMPLE HOSPITAL 2434,102433,WV,READM-30-PN-HRRP,309,,1.109,0.1855,0.1673,57,07/01/2020,06/30/2023
SAMPLE HOSPITAL 2435,102434,VT,READM-30-HF-HRRP,50,,1.114,0.2882,0.2587,14,07/01/2020,06/30/2023
SAMPLE HOSPITAL 2435,102434,VT,READM-30-AMI-HRRP,352,,1.1077,0.2414,0.2179,85,07/01/2020,06/30/2023
SAMPLE HOSPITAL 2435,102434,VT,READM-30-HIP-KNEE-HRRP,67,,0.9498,0.2262,0.2382,15,07/01/2020,06/30/2023
SAMPLE HOSPITAL 2435,102434,VT,READM-30-CABG-HRRP,202,,1.1688,0.265,0.2267,54,07/01/2020,06/30/2023
SAMPLE HOSPITAL 2435,102434,VT,READM-30-PN-HRRP,261,,1.0258,0.1479,0.1442,39,07/01/2020,06/30/2023
SAMPLE HOSPITAL 2436,102435,CO,READM-30-PN-HRRP,1229,,1.0842,0.2581,0.2381,317,07/01/2020,06/30/2023
SAMPLE HOSPITAL 2436,102435,CO,READM-30-COPD-HRRP,185,,1.0983,0.2649,0.2412,49,07/01/2020,06/30/2023
SAMPLE HOSPITAL 2436,102435,CO,READM-30-AMI-HRRP,102,,0.9956,0.1323,0.1329,13,07/01/2020,06/30/2023
SAMPLE HOSPITAL 2436,102435,CO,READM-30-CABG-HRRP,387,,1.016,0.2098,0.2065,81,07/01/2020,06/30/2023
SAMPLE HOSPITAL 2437,102436,MN,READM-30-HIP-KNEE-HRRP,363,,1.0182,0.2218,0.2178,81,07/01/2020,06/30/2023
SAMPLE HOSPITAL 2437,102436,MN,READM-30-COPD-HRRP,61,,1.0148,0.1913,0.1885,12,07/01/2020,06/30/2023
SAMPLE HOSPITAL 2437,102436,MN,READM-30-HF-HRRP,Too Few to Report,1,Too Few to Report,,,,07/01/2020,06/30/2023
SAMPLE HOSPITAL 2438,102437,KY,READM-30-HIP-KNEE-HRRP,233,,1.0476,0.2579,0.2462,60,07/01/2020,06/30/2023
SAMPLE HOSPITAL 2438,102437,KY,READM-30-CABG-HRRP,145,,1.092,0.2236,0.2048,32,07/01/2020,06/30/2023
SAMPLE HOSPITAL 2438,102437,KY,READM-30-AMI-HRRP,210,,0.9216,0.1922,0.2085,40,07/01/2020,06/30/2023
SAMPLE HOSPITAL 2439,102438,AK,READM-30-COPD-HRRP,51,,1.0185,0.2079,0.2041,11,07/01/2020,06/30/2023
SAMPLE HOSPITAL 2439,102438,AK,READM-30-CABG-HRRP,143,,0.9863,0.2378,0.2411,34,07/01/2020,06/30/2023
SAMPLE HOSPITAL 2439,102438,AK,READM-30-HF-HRRP,383,,1.0247,0.2525,0.2464,97,07/01/2020,06/30/2023
SAMPLE HOSPITAL 2439,102438,AK,READM-30-AMI-HRRP,137,,0.9856,0.2202,0.2234,30,07/01/2020,06/30/2023
SAMPLE HOSPITAL 2440,102439,NY,READM-30-PN-HRRP,254,,0.9848,0.1841,0.1869,47,07/01/2020,06/30/2023
SAMPLE HOSPITAL 2440,102439,NY,READM-30-HF-HRRP,212,,0.9943,0.2048,0.206,43,07/01/2020,06/30/2023
SAMPLE HOSPITAL 2440,102439,NY,READM-30-AMI-HRRP,317,,1.0748,0.1669,0.1553,53,07/01/2020,06/30/2023
SAMPLE HOSPITAL 2440,102439,NY,READM-30-COPD-HRRP,629,,1.0402,0.136,0.1307,86,07/01/2020,06/30/2023
SAMPLE HOSPITAL 2441,102440,NM,READM-30-HF-HRRP,430,,0.9832,0.1551,0.1577,67,07/01/2020,06/30/2023
SAMPLE HOSPITAL 2441,102440,NM,READM-30-CABG-HRRP,458,,0.9538,0.1458,0.1529,67,07/01/2020,06/30/2023
SAMPLE HOSPITAL 2441,102440,NM,READM-30-PN-HRRP,100,,1.0877,0.1624,0.1493,16,07/01/2020,06/30/2023
SAMPLE HOSPITAL 2441,102440,NM,READM-30-AMI-HRRP,124,,0.9031,0.2143,0.2373,27,07/01/2020,06/30/2023
SAMPLE HOSPITAL 2441,102440,NM,READM-30-COPD-HRRP,562,,0.9492,0.1663,0.1752,93,07/01/2020,06/30/2023
SAMPLE HOSPITAL 2441,102440,NM,READM-30-HIP-KNEE-HRRP,79,,1.0012,0.2316,0.2313,18,07/01/2020,06/30/2023
SAMPLE HOSPITAL 2442,102441,OH,READM-30-AMI-HRRP,103,,1.0081,0.121,0.12,12,07/01/2020,06/30/2023
SAMPLE HOSPITAL 2442,102441,OH,READM-30-HF-HRRP,100,,1.0025,0.1328,0.1325,13,07/01/2020,06/30/2023
SAMPLE HOSPITAL 2442,102441,OH,READM-30-CABG-HRRP,78,,0.9054,0.1479,0.1633,12,07/01/2020,06/30/2023
SAMPLE HOSPITAL 2442,102441,OH,READM-30-HIP-KNEE-HRRP,87,,0.8844,0.1951,0.2206,17,07/01/2020,06/30/2023
SAMPLE HOSPITAL 2442,102441,OH,READM-30-COPD-HRRP,321,,0.9169,0.2234,0.2437,72,07/01/2020,06/30/2023
SAMPLE HOSPITAL 2442,102441,OH,READM-30-PN-HRRP,192,,0.9962,0.1965,0.1972,38,07/01/2020,06/30/2023
SAMPLE HOSPITAL 2443,102442,SD,READM-30-HF-HRRP,308,,1.0299,0.1712,0.1662,53,07/01/2020,06/30/2023
SAMPLE HOSPITAL 2443,102442,SD,READM-30-CABG-HRRP,1628,,0.9389,0.206,0.2194,335,07/01/2020,06/30/2023
SAMPLE HOSPITAL 2443,102442,SD,READM-30-PN-HRRP,159,,1.0176,0.146,0.1435,23,07/01/2020,06/30/2023
SAMPLE HOSPITAL 2443,102442,SD,READM-30-HIP-KNEE-HRRP,136,,1.0076,0.2093,0.2077,28,07/01/2020,06/30/2023
SAMPLE HOSPITAL 2443,102442,SD,READM-30-COPD-HRRP,1616,,1.0292,0.1622,0.1576,262,07/01/2020,06/30/2023
SAMPLE HOSPITAL 2444,102443,MA,READM-30-CABG-HRRP,437,,1.0048,0.2073,0.2063,91,07/01/2020,06/30/2023
SAMPLE HOSPITAL 2444,102443,MA,READM-30-HF-HRRP,52,,0.9708,0.1362,0.1403,7,07/01/2020,06/30/2023
SAMPLE HOSPITAL 2444,102443,MA,READM-30-HIP-KNEE-HRRP,481,,0.9876,0.2069,0.2095,100,07/01/2020,06/30/2023
SAMPLE HOSPITAL 2444,102443,MA,READM-30-AMI-HRRP,1285,,0.9639,0.1706,0.177,219,07/01/2020,06/30/2023
SAMPLE HOSPITAL 2444,102443,MA,READM-30-PN-HRRP,426,,1.0397,0.2148,0.2066,92,07/01/2020,06/30/2023
SAMPLE HOSPITAL 2444,102443,MA,READM-30-COPD-HRRP,388,,1.089,0.1457,0.1338,57,07/01/2020,06/30/2023
SAMPLE HOSPITAL 2445,102444,RI,READM-30-COPD-HRRP,180,,1.1188,0.1579,0.1411,28,07/01/2020,06/30/2023
SAMPLE HOSPITAL 2445,102444,RI,READM-30-HF-HRRP,325,,0.9579,0.1404,0.1466,46,07/01/2020,06/30/2023
SAMPLE HOSPITAL 2445,102444,RI,READM-30-CABG-HRRP,499,,1.0059,0.2527,0.2512,126,07/01/2020,06/30/2023
SAMPLE HOSPITAL 2445,102444,RI,READM-30-HIP-KNEE-HRRP,144,,1.0039,0.1791,0.1784,26,07/01/2020,06/30/2023
SAMPLE HOSPITAL 2446,102445,NJ,READM-30-PN-HRRP,54,,0.9321,0.1252,0.1343,7,07/01/2020,06/30/2023
SAMPLE HOSPITAL 2446,102445,NJ,READM-30-CABG-HRRP,96,,0.9464,0.2231,0.2357,21,07/01/2020,06/30/2023
SAMPLE HOSPITAL 2446,102445,NJ,READM-30-HF-HRRP,1560,,1.0568,0.2159,0.2043,337,07/01/2020,06/30/2023
SAMPLE HOSPITAL 2446,102445,NJ,READM-30-HIP-KNEE-HRRP,243,,0.9506,0.1622,0.1706,39,07/01/2020,06/30/2023
SAMPLE HOSPITAL 2447,102446,WV,READM-30-HF-HRRP,174,,1.0054,0.1852,0.1842,32,07/01/2020,06/30/2023
SAMPLE HOSPITAL 2447,102446,WV,READM-30-CABG-HRRP,651,,1.1469,0.2254,0.1965,147,07/01/2020,06/30/2023
SAMPLE HOSPITAL 2447,102446,WV,READM-30-AMI-HRRP,210,,1.1278,0.2333,0.2069,49,07/01/2020,06/30/2023
SAMPLE HOSPITAL 2447,102446,WV,READM-30-COPD-HRRP,464,,1.2189,0.1892,0.1552,88,07/01/2020,06/30/2023
SAMPLE HOSPITAL 2447,102446,WV,READM-30-PN-HRRP,545,,1.036,0.1339,0.1292,73,07/01/2020,06/30/2023
SAMPLE HOSPITAL 2448,102447,IA,READM-30-CABG-HRRP,446,,0.9869,0.2544,0.2578,113,07/01/2020,06/30/2023
SAMPLE HOSPITAL 2448,102447,IA,READM-30-AMI-HRRP,66,,0.9792,0.1624,0.1658,11,07/01/2020,06/30/2023
SAMPLE HOSPITAL 2448,102447,IA,READM-30-HF-HRRP,322,,1.064,0.2278,0.2141,73,07/01/2020,06/30/2023
SAMPLE HOSPITAL 2449,102448,NH,READM-30-PN-HRRP,817,,1.0232,0.1248,0.122,102,07/01/2020,06/30/2023
SAMPLE HOSPITAL 2449,102448,NH,READM-30-AMI-HRRP,56,,1.0864,0.1617,0.1488,9,07/01/2020,06/30/2023
SAMPLE HOSPITAL 2449,102448,NH,READM-30-HF-HRRP,106,,1.0909,0.2387,0.2188,25,07/01/2020,06/30/2023
SAMPLE HOSPITAL 2450,102449,NH,READM-30-COPD-HRRP,355,,0.944,0.1555,0.1647,55,07/01/2020,06/30/2023
SAMPLE HOSPITAL 2450,102449,NH,READM-30-CABG-HRRP,123,,0.9663,0.1918,0.1985,24,07/01/2020,06/30/2023
SAMPLE HOSPITAL 2450,102449,NH,READM-30-HF-HRRP,177,,1.0369,0.2392,0.2307,42,07/01/2020,06/30/2023
SAMPLE HOSPITAL 2450,102449,NH,READM-30-AMI-HRRP,202,,1.1498,0.2193,0.1907,44,07/01/2020,06/30/2023
SAMPLE HOSPITAL 2451,102450,KY,READM-30-PN-HRRP,105,,1.018,0.217,0.2132,23,07/01/2020,06/30/2023
SAMPLE HOSPITAL 2451,102450,KY,READM-30-CABG-HRRP,31,,0.97,0.235,0.2423,7,07/01/2020,06/30/2023
SAMPLE HOSPITAL 2451,102450,KY,READM-30-HF-HRRP,58,,0.9482,0.2366,0.2495,14,07/01/2020,06/30/2023
SAMPLE HOSPITAL 2451,102450,KY,READM-30-AMI-HRRP,269,,1.0581,0.2688,0.254,72,07/01/2020,06/30/2023
SAMPLE HOSPITAL 2452,102451,PA,READM-30-COPD-HRRP,39,,1.0028,0.2048,0.2042,8,07/01/2020,06/30/2023
SAMPLE HOSPITAL 2452,102451,PA,READM-30-CABG-HRRP,30,,1.0293,0.2226,0.2163,7,07/01/2020,06/30/2023
SAMPLE HOSPITAL 2452,102451,PA,READM-30-AMI-HRRP,325,,0.9484,0.2246,0.2368,73,07/01/2020,06/30/2023
SAMPLE HOSPITAL 2453,102452,NM,READM-30-PN-HRRP,164,,0.9425,0.1231,0.1306,20,07/01/2020,06/30/2023
SAMPLE HOSPITAL 2453,102452,NM,READM-30-COPD-HRRP,396,,0.9719,0.1836,0.1889,73,07/01/2020,06/30/2023
SAMPLE HOSPITAL 2453,102452,NM,READM-30-HF-HRRP,283,,0.9547,0.1766,0.185,50,07/01/2020,06/30/2023
SAMPLE HOSPITAL 2454,102453,RI,READM-30-CABG-HRRP,223,,1.0495,0.1923,0.1832,43,07/01/2020,06/30/2023
SAMPLE HOSPITAL 2454,102453,RI,READM-30-PN-HRRP,1355,,0.9927,0.2402,0.242,325,07/01/2020,06/30/2023
SAMPLE HOSPITAL 2454,102453,RI,READM-30-COPD-HRRP,267,,0.9516,0.1575,0.1655,42,07/01/2020,06/30/2023
SAMPLE HOSPITAL 2454,102453,RI,READM-30-HF-HRRP,70,,1.032,0.1993,0.1931,14,07/01/2020,06/30/2023
SAMPLE HOSPITAL 2455,102454,SC,READM-30-PN-HRRP,145,,0.9087,0.1747,0.1922,25,07/01/2020,06/30/2023
SAMPLE HOSPITAL 2455,102454,SC,READM-30-HF-HRRP,261,,1.0445,0.2159,0.2067,56,07/01/2020,06/30/2023
SAMPLE HOSPITAL 2455,102454,SC,READM-30-HIP-KNEE-HRRP,53,,1.0658,0.1371,0.1286,7,07/01/2020,06/30/2023
SAMPLE HOSPITAL 2456,102455,KS,READM-30-AMI-HRRP,37,,1.113,0.27,0.2426,10,07/01/2020,06/30/2023
SAMPLE HOSPITAL 2456,102455,KS,READM-30-COPD-HRRP,74,,0.9172,0.1733,0.1889,13,07/01/2020,06/30/2023
SAMPLE HOSPITAL 2456,102455,KS,READM-30-CABG-HRRP,97,,1.0279,0.211,0.2053,20,07/01/2020,06/30/2023
SAMPLE HOSPITAL 2456,102455,KS,READM-30-PN-HRRP,296,,1.0633,0.165,0.1552,49,07/01/2020,06/30/2023
SAMPLE HOSPITAL 2457,102456,KS,READM-30-HF-HRRP,251,,1.0273,0.1485,0.1446,37,07/01/2020,06/30/2023
SAMPLE HOSPITAL 2457,102456,KS,READM-30-PN-HRRP,1149,,1.0966,0.2473,0.2255,284,07/01/2020,06/30/2023
SAMPLE HOSPITAL 2457,102456,KS,READM-30-AMI-HRRP,120,,0.8954,0.1553,0.1734,19,07/01/2020,06/30/2023
SAMPLE HOSPITAL 2457,102456,KS,READM-30-COPD-HRRP,450,,0.9729,0.2291,0.2355,103,07/01/2020,06/30/2023
SAMPLE HOSPITAL 2458,102457,AZ,READM-30-HF-HRRP,145,,0.9591,0.1681,0.1753,24,07/01/2020,06/30/2023
SAMPLE HOSPITAL 2458,102457,AZ,READM-30-CABG-HRRP,Too Few to Report,1,Too Few to Report,,,,07/01/2020,06/30/2023
SAMPLE HOSPITAL 2458,102457,AZ,READM-30-AMI-HRRP,303,,1.1055,0.2281,0.2063,69,07/01/2020,06/30/2023
SAMPLE HOSPITAL 2458,102457,AZ,READM-30-PN-HRRP,161,,0.9439,0.1711,0.1813,28,07/01/2020,06/30/2023
SAMPLE HOSPITAL 2459,102458,NE,READM-30-COPD-HRRP,199,,1.0379,0.2332,0.2247,46,07/01/2020,06/30/2023
SAMPLE HOSPITAL 2459,102458,NE,READM-30-PN-HRRP,Too Few to Report,1,Too Few to Report,,,,07/01/2020,06/30/2023
SAMPLE HOSPITAL 2459,102458,NE,READM-30-HIP-KNEE-HRRP,290,,0.9708,0.2198,0.2264,64,07/01/2020,06/30/2023
SAMPLE HOSPITAL 2459,102458,NE,READM-30-AMI-HRRP,80,,1.1213,0.2393,0.2134,19,07/01/2020,06/30/2023
SAMPLE HOSPITAL 2459,102458,NE,READM-30-HF-HRRP,288,,1.034,0.1833,0.1773,53,07/01/2020,06/30/2023
SAMPLE HOSPITAL 2459,102458,NE,READM-30-CABG-HRRP,108,,1.1153,0.206,0.1847,22,07/01/2020,06/30/2023
SAMPLE HOSPITAL 2461,102460,NV,READM-30-COPD-HRRP,357,,1.083,0.1646,0.152,59,07/01/2020,06/30/2023
SAMPLE HOSPITAL 2461,102460,NV,READM-30-AMI-HRRP,154,,1.0236,0.2542,0.2483,39,07/01/2020,06/30/2023
SAMPLE HOSPITAL 2461,102460,NV,READM-30-HIP-KNEE-HRRP,266,,1.0985,0.134,0.122,36,07/01/2020,06/30/2023
SAMPLE HOSPITAL 2462,102461,VA,READM-30-PN-HRRP,29,,0.8966,0.1678,0.1871,5,07/01/2020,06/30/2023
SAMPLE HOSPITAL 2462,102461,VA,READM-30-HIP-KNEE-HRRP,67,,0.9633,0.2165,0.2248,15,07/01/2020,06/30/2023
SAMPLE HOSPITAL 2462,102461,VA,READM-30-AMI-HRRP,163,,1.1028,0.2656,0.2408,43,07/01/2020,06/30/2023
SAMPLE HOSPITAL 2462,102461,VA,READM-30-HF-HRRP,748,,1.0117,0.162,0.1601,121,07/01/2020,06/30/2023
SAMPLE HOSPITAL 2462,102461,VA,READM-30-CABG-HRRP,178,,0.9756,0.1647,0.1688,29,07/01/2020,06/30/2023
SAMPLE HOSPITAL 2462,102461,VA,READM-30-COPD-HRRP,671,,0.9413,0.219,0.2327,147,07/01/2020,06/30/2023
SAMPLE HOSPITAL 2463,102462,LA,READM-30-COPD-HRRP,1601,,0.9169,0.2322,0.2532,372,07/01/2020,06/30/2023
SAMPLE HOSPITAL 2463,102462,LA,READM-30-HF-HRRP,185,,0.8988,0.1701,0.1893,31,07/01/2020,06/30/2023
SAMPLE HOSPITAL 2463,102462,LA,READM-30-CABG-HRRP,350,,0.9864,0.1351,0.137,47,07/01/2020,06/30/2023
SAMPLE HOSPITAL 2463,102462,LA,READM-30-PN-HRRP,287,,0.8968,0.1241,0.1384,36,07/01/2020,06/30/2023
SAMPLE HOSPITAL 2463,102462,LA,READM-30-HIP-KNEE-HRRP,365,,0.9004,0.1511,0.1678,55,07/01/2020,06/30/2023
SAMPLE HOSPITAL 2464,102463,SC,READM-30-PN-HRRP,154,,1.0104,0.2605,0.2578,40,07/01/2020,06/30/2023
SAMPLE HOSPITAL 2464,102463,SC,READM-30-CABG-HRRP,63,,0.8752,0.1882,0.215,12,07/01/2020,06/30/2023
SAMPLE HOSPITAL 2464,102463,SC,READM-30-COPD-HRRP,661,,0.9495,0.1914,0.2016,127,07/01/2020,06/30/2023
SAMPLE HOSPITAL 2465,102464,MO,READM-30-AMI-HRRP,631,,1.0698,0.2438,0.2279,154,07/01/2020,06/30/2023
SAMPLE HOSPITAL 2465,102464,MO,READM-30-PN-HRRP,388,,1.0788,0.228,0.2113,88,07/01/2020,06/30/2023
SAMPLE HOSPITAL 2465,102464,MO,READM-30-HIP-KNEE-HRRP,30,,1.0542,0.1292,0.1226,4,07/01/2020,06/30/2023
SAMPLE HOSPITAL 2465,102464,MO,READM-30-HF-HRRP,679,,0.9607,0.1334,0.1389,91,07/01/2020,06/30/2023
SAMPLE HOSPITAL 2465,102464,MO,READM-30-CABG-HRRP,92,,1.0154,0.1925,0.1896,18,07/01/2020,06/30/2023
SAMPLE HOSPITAL 2466,102465,KY,READM-30-CABG-HRRP,52,,1.0141,0.2353,0.232,12,07/01/2020,06/30/2023
SAMPLE HOSPITAL 2466,102465,KY,READM-30-HF-HRRP,424,,1.0076,0.1302,0.1292,55,07/01/2020,06/30/2023
SAMPLE HOSPITAL 2466,102465,KY,READM-30-HIP-KNEE-HRRP,61,,1.0554,0.1832,0.1736,11,07/01/2020,06/30/2023
SAMPLE HOSPITAL 2466,102465,KY,READM-30-COPD-HRRP,288,,0.979,0.2266,0.2315,65,07/01/2020,06/30/2023
SAMPLE HOSPITAL 2466,102465,KY,READM-30-AMI-HRRP,130,,1.0012,0.2518,0.2515,33,07/01/2020,06/30/2023
SAMPLE HOSPITAL 2466,102465,KY,READM-30-PN-HRRP,185,,1.0795,0.233,0.2158,43,07/01/2020,06/30/2023
SAMPLE HOSPITAL 2467,102466,WA,READM-30-PN-HRRP,617,,1.0436,0.2303,0.2207,142,07/01/2020,06/30/2023
SAMPLE HOSPITAL 2467,102466,WA,READM-30-COPD-HRRP,95,,1.0689,0.2342,0.2191,22,07/01/2020,06/30/2023
SAMPLE HOSPITAL 2467,102466,WA,READM-30-HF-HRRP,90,,1.0385,0.2155,0.2075,19,07/01/2020,06/30/2023
SAMPLE HOSPITAL 2468,102467,MD,READM-30-PN-HRRP,100,,1.0617,0.1991,0.1875,20,07/01/2020,06/30/2023
SAMPLE HOSPITAL 2468,102467,MD,READM-30-HF-HRRP,356,,0.9778,0.2086,0.2133,74,07/01/2020,06/30/2023
SAMPLE HOSPITAL 2468,102467,MD,READM-30-CABG-HRRP,32,,0.9369,0.1484,0.1584,5,07/01/2020,06/30/2023
SAMPLE HOSPITAL 2468,102467,MD,READM-30-COPD-HRRP,217,,1.0318,0.2582,0.2502,56,07/01/2020,06/30/2023
SAMPLE HOSPITAL 2468,102467,MD,READM-30-AMI-HRRP,103,,0.9946,0.1528,0.1536,16,07/01/2020,06/30/2023
SAMPLE HOSPITAL 2468,102467,MD,READM-30-HIP-KNEE-HRRP,289,,0.8815,0.2088,0.2369,60,07/01/2020,06/30/2023
SAMPLE HOSPITAL 2469,102468,AL,READM-30-COPD-HRRP,472,,1.0133,0.1754,0.1731,83,07/01/2020,06/30/2023
SAMPLE HOSPITAL 2469,102468,AL,READM-30-AMI-HRRP,124,,1.0696,0.2312,0.2162,29,07/01/2020,06/30/2023
SAMPLE HOSPITAL 2469,102468,AL,READM-30-HIP-KNEE-HRRP,76,,1.0448,0.1766,0.169,13,07/01/2020,06/30/2023
SAMPLE HOSPITAL 2470,102469,SD,READM-30-AMI-HRRP,646,,0.9866,0.1947,0.1973,126,07/01/2020,06/30/2023
SAMPLE HOSPITAL 2470,102469,SD,READM-30-HF-HRRP,130,,1.0079,0.1292,0.1282,17,07/01/2020,06/30/2023
SAMPLE HOSPITAL 2470,102469,SD,READM-30-HIP-KNEE-HRRP,56,,0.9334,0.2087,0.2236,12,07/01/2020,06/30/2023
SAMPLE HOSPITAL 2470,102469,SD,READM-30-CABG-HRRP,653,,1.0116,0.1779,0.1759,116,07/01/2020,06/30/2023
SAMPLE HOSPITAL 2470,102469,SD,READM-30-COPD-HRRP,669,,0.972,0.2474,0.2545,166,07/01/2020,06/30/2023
SAMPLE HOSPITAL 2471,102470,VA,READM-30-HIP-KNEE-HRRP,238,,0.9611,0.171,0.1779,41,07/01/2020,06/30/2023
SAMPLE HOSPITAL 2471,102470,VA,READM-30-COPD-HRRP,531,,0.8979,0.1397,0.1556,74,07/01/2020,06/30/2023
SAMPLE HOSPITAL 2471,102470,VA,READM-30-AMI-HRRP,28,,0.8372,0.2173,0.2595,6,07/01/2020,06/30/2023
SAMPLE HOSPITAL 2472,102471,MO,READM-30-HIP-KNEE-HRRP,162,,1.0024,0.2244,0.2239,36,07/01/2020,06/30/2023
SAMPLE HOSPITAL 2472,102471,MO,READM-30-CABG-HRRP,1171,,0.9096,0.2161,0.2376,253,07/01/2020,06/30/2023
SAMPLE HOSPITAL 2472,102471,MO,READM-30-HF-HRRP,756,,1.0052,0.1598,0.159,121,07/01/2020,06/30/2023
SAMPLE HOSPITAL 2472,102471,MO,READM-30-AMI-HRRP,1160,,1.085,0.1504,0.1386,174,07/01/2020,06/30/2023
SAMPLE HOSPITAL 2472,102471,MO,READM-30-COPD-HRRP,31,,0.9723,0.1917,0.1972,6,07/01/2020,06/30/2023
SAMPLE HOSPITAL 2473,102472,OK,READM-30-HF-HRRP,738,,0.9164,0.128,0.1397,94,07/01/2020,06/30/2023
SAMPLE HOSPITAL 2473,102472,OK,READM-30-CABG-HRRP,917,,1.0276,0.2331,0.2268,214,07/01/2020,06/30/2023
SAMPLE HOSPITAL 2473,102472,OK,READM-30-HIP-KNEE-HRRP,90,,0.9124,0.171,0.1874,15,07/01/2020,06/30/2023
SAMPLE HOSPITAL 2473,102472,OK,READM-30-AMI-HRRP,244,,1.0321,0.2638,0.2556,64,07/01/2020,06/30/2023
SAMPLE HOSPITAL 2473,102472,OK,READM-30-COPD-HRRP,183,,1.0472,0.2498,0.2385,46,07/01/2020,06/30/2023
SAMPLE HOSPITAL 2474,102473,MD,READM-30-CABG-HRRP,220,,1.0706,0.2221,0.2075,49,07/01/2020,06/30/2023
SAMPLE HOSPITAL 2474,102473,MD,READM-30-HIP-KNEE-HRRP,130,,1.0445,0.2002,0.1917,26,07/01/2020,06/30/2023
SAMPLE HOSPITAL 2474,102473,MD,READM-30-PN-HRRP,34,,0.9647,0.2401,0.2489,8,07/01/2020,06/30/2023
SAMPLE HOSPITAL 2474,102473,MD,READM-30-COPD-HRRP,1049,,0.9699,0.1384,0.1427,145,07/01/2020,06/30/2023
SAMPLE HOSPITAL 2474,102473,MD,READM-30-HF-HRRP,289,,1.1112,0.1781,0.1603,51,07/01/2020,06/30/2023
SAMPLE HOSPITAL 2475,102474,ID,READM-30-HIP-KNEE-HRRP,367,,1.0347,0.1478,0.1428,54,07/01/2020,06/30/2023
SAMPLE HOSPITAL 2475,102474,ID,READM-30-CABG-HRRP,747,,0.897,0.1899,0.2117,142,07/01/2020,06/30/2023
SAMPLE HOSPITAL 2475,102474,ID,READM-30-COPD-HRRP,153,,0.9881,0.2333,0.2361,36,07/01/2020,06/30/2023
SAMPLE HOSPITAL 2475,102474,ID,READM-30-HF-HRRP,41,,1.0059,0.1315,0.1307,5,07/01/2020,06/30/2023
SAMPLE HOSPITAL 2475,102474,ID,READM-30-AMI-HRRP,518,,0.9914,0.1876,0.1892,97,07/01/2020,06/30/2023
SAMPLE HOSPITAL 2475,102474,ID,READM-30-PN-HRRP,136,,1.0894,0.1363,0.1251,19,07/01/2020,06/30/2023
SAMPLE HOSPITAL 2476,102475,TN,READM-30-CABG-HRRP,89,,1.0414,0.2456,0.2358,22,07/01/2020,06/30/2023
SAMPLE HOSPITAL 2476,102475,TN,READM-30-COPD-HRRP,123,,1.0062,0.2599,0.2583,32,07/01/2020,06/30/2023
SAMPLE HOSPITAL 2476,102475,TN,READM-30-HIP-KNEE-HRRP,178,,1.0141,0.1962,0.1935,35,07/01/2020,06/30/2023
SAMPLE HOSPITAL 2476,102475,TN,READM-30-PN-HRRP,216,,1.0723,0.1371,0.1279,30,07/01/2020,06/30/2023
SAMPLE HOSPITAL 2476,102475,TN,READM-30-AMI-HRRP,71,,0.927,0.1655,0.1785,12,07/01/2020,06/30/2023
SAMPLE HOSPITAL 2477,102476,TX,READM-30-AMI-HRRP,243,,0.9678,0.1801,0.1861,44,07/01/2020,06/30/2023
SAMPLE HOSPITAL 2477,102476,TX,READM-30-PN-HRRP,1177,,0.9468,0.1844,0.1948,217,07/01/2020,06/30/2023
SAMPLE HOSPITAL 2477,102476,TX,READM-30-HF-HRRP,65,,0.9497,0.2444,0.2573,16,07/01/2020,06/30/2023
SAMPLE HOSPITAL 2478,102477,WV,READM-30-CABG-HRRP,1214,,0.9784,0.1692,0.1729,205,07/01/2020,06/30/2023
SAMPLE HOSPITAL 2478,102477,WV,READM-30-HF-HRRP,88,,1.0113,0.2401,0.2374,21,07/01/2020,06/30/2023
SAMPLE HOSPITAL 2478,102477,WV,READM-30-HIP-KNEE-HRRP,647,,1.0457,0.2488,0.2379,161,07/01/2020,06/30/2023
SAMPLE HOSPITAL 2479,102478,RI,READM-30-HIP-KNEE-HRRP,304,,1.0672,0.2212,0.2073,67,07/01/2020,06/30/2023
SAMPLE HOSPITAL 2479,102478,RI,READM-30-AMI-HRRP,69,,1.0399,0.2439,0.2345,17,07/01/2020,06/30/2023
SAMPLE HOSPITAL 2479,102478,RI,READM-30-PN-HRRP,153,,1.0025,0.1991,0.1986,30,07/01/2020,06/30/2023
SAMPLE HOSPITAL 2479,102478,RI,READM-30-CABG-HRRP,74,,0.9771,0.1295,0.1325,10,07/01/2020,06/30/2023
SAMPLE HOSPITAL 2481,102480,WI,READM-30-COPD-HRRP,163,,0.871,0.1307,0.1501,21,07/01/2020,06/30/2023
SAMPLE HOSPITAL 2481,102480,WI,READM-30-HF-HRRP,154,,0.8782,0.2099,0.239,32,07/01/2020,06/30/2023
SAMPLE HOSPITAL 2481,102480,WI,READM-30-HIP-KNEE-HRRP,60,,1.0424,0.1358,0.1303,8,07/01/2020,06/30/2023
SAMPLE HOSPITAL 2482,102481,NC,READM-30-CABG-HRRP,84,,0.9933,0.166,0.1671,14,07/01/2020,06/30/2023
SAMPLE HOSPITAL 2482,102481,NC,READM-30-HIP-KNEE-HRRP,59,,1.0298,0.2136,0.2074,13,07/01/2020,06/30/2023
SAMPLE HOSPITAL 2482,102481,NC,READM-30-AMI-HRRP,142,,0.9408,0.1852,0.1969,26,07/01/2020,06/30/2023
SAMPLE HOSPITAL 2482,102481,NC,READM-30-COPD-HRRP,184,,1.0413,0.1644,0.1579,30,07/01/2020,06/30/2023
SAMPLE HOSPITAL 2482,102481,NC,READM-30-PN-HRRP,214,,1.0671,0.1416,0.1327,30,07/01/2020,06/30/2023
SAMPLE HOSPITAL 2483,102482,GA,READM-30-PN-HRRP,930,,1.0015,0.2449,0.2445,228,07/01/2020,06/30/2023
SAMPLE HOSPITAL 2483,102482,GA,READM-30-COPD-HRRP,202,,1.0071,0.1223,0.1214,25,07/01/2020,06/30/2023
SAMPLE HOSPITAL 2483,102482,GA,READM-30-CABG-HRRP,398,,1.0148,0.1652,0.1628,66,07/01/2020,06/30/2023
SAMPLE HOSPITAL 2483,102482,GA,READM-30-HIP-KNEE-HRRP,128,,1.0754,0.2314,0.2152,30,07/01/2020,06/30/2023
SAMPLE HOSPITAL 2483,102482,GA,READM-30-HF-HRRP,528,,1.0505,0.1983,0.1888,105,07/01/2020,06/30/2023
SAMPLE HOSPITAL 2483,102482,GA,READM-30-AMI-HRRP,232,,1.0096,0.1535,0.152,36,07/01/2020,06/30/2023
SAMPLE HOSPITAL 2484,102483,NY,READM-30-HF-HRRP,165,,1.0225,0.1426,0.1395,24,07/01/2020,06/30/2023
SAMPLE HOSPITAL 2484,102483,NY,READM-30-AMI-HRRP,150,,0.9699,0.2486,0.2563,37,07/01/2020,06/30/2023
SAMPLE HOSPITAL 2484,102483,NY,READM-30-CABG-HRRP,304,,0.9568,0.2135,0.2231,65,07/01/2020,06/30/2023
SAMPLE HOSPITAL 2485,102484,LA,READM-30-COPD-HRRP,419,,1.0756,0.1694,0.1575,71,07/01/2020,06/30/2023
SAMPLE HOSPITAL 2485,102484,LA,READM-30-AMI-HRRP,547,,0.9916,0.1406,0.1418,77,07/01/2020,06/30/2023
SAMPLE HOSPITAL 2485,102484,LA,READM-30-HF-HRRP,792,,0.9529,0.218,0.2288,173,07/01/2020,06/30/2023
SAMPLE HOSPITAL 2485,102484,LA,READM-30-PN-HRRP,3717,,1.0047,0.1875,0.1866,697,07/01/2020,06/30/2023
SAMPLE HOSPITAL 2485,102484,LA,READM-30-HIP-KNEE-HRRP,1084,,1.0226,0.219,0.2142,237,07/01/2020,06/30/2023
SAMPLE HOSPITAL 2486,102485,ID,READM-30-HIP-KNEE-HRRP,455,,0.898,0.1615,0.1798,73,07/01/2020,06/30/2023
SAMPLE HOSPITAL 2486,102485,ID,READM-30-HF-HRRP,66,,0.9009,0.175,0.1942,12,07/01/2020,06/30/2023
SAMPLE HOSPITAL 2486,102485,ID,READM-30-PN-HRRP,153,,1.0195,0.1427,0.14,22,07/01/2020,06/30/2023
SAMPLE HOSPITAL 2486,102485,ID,READM-30-CABG-HRRP,250,,0.8965,0.1351,0.1507,34,07/01/2020,06/30/2023
SAMPLE HOSPITAL 2486,102485,ID,READM-30-COPD-HRRP,26,,0.9625,0.2085,0.2166,5,07/01/2020,06/30/2023
SAMPLE HOSPITAL 2486,102485,ID,READM-30-AMI-HRRP,721,,0.9815,0.2234,0.2276,161,07/01/2020,06/30/2023
SAMPLE HOSPITAL 2487,102486,SD,READM-30-AMI-HRRP,422,,0.9598,0.1913,0.1993,81,07/01/2020,06/30/2023
SAMPLE HOSPITAL 2487,102486,SD,READM-30-COPD-HRRP,121,,1.0167,0.1454,0.143,18,07/01/2020,06/30/2023
SAMPLE HOSPITAL 2487,102486,SD,READM-30-HIP-KNEE-HRRP,153,,0.9163,0.2091,0.2282,32,07/01/2020,06/30/2023
SAMPLE HOSPITAL 2487,102486,SD,READM-30-HF-HRRP,167,,0.9931,0.1919,0.1932,32,07/01/2020,06/30/2023
SAMPLE HOSPITAL 2487,102486,SD,READM-30-CABG-HRRP,128,,1.0015,0.154,0.1538,20,07/01/2020,06/30/2023
SAMPLE HOSPITAL 2488,102487,AZ,READM-30-PN-HRRP,844,,1.0257,0.207,0.2018,175,07/01/2020,06/30/2023
SAMPLE HOSPITAL 2488,102487,AZ,READM-30-HIP-KNEE-HRRP,208,,0.967,0.1803,0.1865,38,07/01/2020,06/30/2023
SAMPLE HOSPITAL 2488,102487,AZ,READM-30-COPD-HRRP,809,,1.0244,0.2178,0.2126,176,07/01/2020,06/30/2023
SAMPLE HOSPITAL 2488,102487,AZ,READM-30-HF-HRRP,569,,0.9934,0.2443,0.2459,139,07/01/2020,06/30/2023
SAMPLE HOSPITAL 2489,102488,MI,READM-30-COPD-HRRP,130,,0.9869,0.2269,0.2299,29,07/01/2020,06/30/2023
SAMPLE HOSPITAL 2489,102488,MI,READM-30-CABG-HRRP,311,,0.9797,0.2395,0.2445,74,07/01/2020,06/30/2023
SAMPLE HOSPITAL 2489,102488,MI,READM-30-AMI-HRRP,183,,1.0293,0.1877,0.1824,34,07/01/2020,06/30/2023
SAMPLE HOSPITAL 2489,102488,MI,READM-30-HF-HRRP,127,,1.0936,0.2112,0.1931,27,07/01/2020,06/30/2023
SAMPLE HOSPITAL 2489,102488,MI,READM-30-HIP-KNEE-HRRP,35,,1.0238,0.2313,0.2259,8,07/01/2020,06/30/2023
SAMPLE HOSPITAL 2489,102488,MI,READM-30-PN-HRRP,864,,0.9364,0.1598,0.1707,138,07/01/2020,06/30/2023
SAMPLE HOSPITAL 2490,102489,NV,READM-30-PN-HRRP,209,,0.9482,0.206,0.2173,43,07/01/2020,06/30/2023
SAMPLE HOSPITAL 2490,102489,NV,READM-30-COPD-HRRP,52,,0.9783,0.1594,0.1629,8,07/01/2020,06/30/2023
SAMPLE HOSPITAL 2490,102489,NV,READM-30-HF-HRRP,179,,1.0779,0.237,0.2199,42,07/01/2020,06/30/2023
SAMPLE HOSPITAL 2490,102489,NV,READM-30-HIP-KNEE-HRRP,515,,0.9758,0.208,0.2132,107,07/01/2020,06/30/2023
SAMPLE HOSPITAL 2490,102489,NV,READM-30-AMI-HRRP,436,,1.0141,0.1635,0.1612,71,07/01/2020,06/30/2023
SAMPLE HOSPITAL 2491,102490,TN,READM-30-COPD-HRRP,36,,1.0873,0.1813,0.1667,7,07/01/2020,06/30/2023
SAMPLE HOSPITAL 2491,102490,TN,READM-30-CABG-HRRP,140,,1.0715,0.2622,0.2447,37,07/01/2020,06/30/2023
SAMPLE HOSPITAL 2491,102490,TN,READM-30-AMI-HRRP,235,,0.959,0.142,0.1481,33,07/01/2020,06/30/2023
SAMPLE HOSPITAL 2491,102490,TN,READM-30-HIP-KNEE-HRRP,214,,0.8694,0.1698,0.1953,36,07/01/2020,06/30/2023
SAMPLE HOSPITAL 2491,102490,TN,READM-30-HF-HRRP,356,,0.9764,0.2338,0.2394,83,07/01/2020,06/30/2023
SAMPLE HOSPITAL 2491,102490,TN,READM-30-PN-HRRP,298,,0.9271,0.1207,0.1302,36,07/01/2020,06/30/2023
SAMPLE HOSPITAL 2492,102491,NM,READM-30-HF-HRRP,288,,0.9271,0.1689,0.1822,49,07/01/2020,06/30/2023
SAMPLE HOSPITAL 2492,102491,NM,READM-30-COPD-HRRP,1275,,0.9633,0.244,0.2533,311,07/01/2020,06/30/2023
SAMPLE HOSPITAL 2492,102491,NM,READM-30-CABG-HRRP,466,,1.0658,0.1845,0.1731,86,07/01/2020,06/30/2023
SAMPLE HOSPITAL 2492,102491,NM,READM-30-AMI-HRRP,65,,0.8847,0.2072,0.2342,13,07/01/2020,06/30/2023
SAMPLE HOSPITAL 2492,102491,NM,READM-30-HIP-KNEE-HRRP,463,,0.8955,0.1278,0.1427,59,07/01/2020,06/30/2023
SAMPLE HOSPITAL 2493,102492,IN,READM-30-CABG-HRRP,304,,0.9664,0.1506,0.1558,46,07/01/2020,06/30/2023
SAMPLE HOSPITAL 2493,102492,IN,READM-30-HF-HRRP,322,,1.0387,0.1741,0.1676,56,07/01/2020,06/30/2023
SAMPLE HOSPITAL 2493,102492,IN,READM-30-PN-HRRP,73,,0.9923,0.1723,0.1736,13,07/01/2020,06/30/2023
SAMPLE HOSPITAL 2493,102492,IN,READM-30-COPD-HRRP,85,,0.9544,0.2042,0.214,17,07/01/2020,06/30/2023
SAMPLE HOSPITAL 2493,102492,IN,READM-30-AMI-HRRP,172,,1.0072,0.1805,0.1792,31,07/01/2020,06/30/2023
SAMPLE HOSPITAL 2494,102493,MD,READM-30-CABG-HRRP,570,,1.0641,0.2111,0.1984,120,07/01/2020,06/30/2023
SAMPLE HOSPITAL 2494,102493,MD,READM-30-HF-HRRP,280,,0.9108,0.2127,0.2335,60,07/01/2020,06/30/2023
SAMPLE HOSPITAL 2494,102493,MD,READM-30-AMI-HRRP,364,,1.1294,0.2192,0.1941,80,07/01/2020,06/30/2023
SAMPLE HOSPITAL 2494,102493,MD,READM-30-PN-HRRP,76,,1.115,0.232,0.2081,18,07/01/2020,06/30/2023
SAMPLE HOSPITAL 2494,102493,MD,READM-30-HIP-KNEE-HRRP,79,,1.1208,0.14,0.1249,11,07/01/2020,06/30/2023
SAMPLE HOSPITAL 2495,102494,NH,READM-30-COPD-HRRP,320,,0.9452,0.136,0.1439,44,07/01/2020,06/30/2023
SAMPLE HOSPITAL 2495,102494,NH,READM-30-HF-HRRP,48,,1.0527,0.1553,0.1475,7,07/01/2020,06/30/2023
SAMPLE HOSPITAL 2495,102494,NH,READM-30-HIP-KNEE-HRRP,867,,0.939,0.1699,0.1809,147,07/01/2020,06/30/2023
SAMPLE HOSPITAL 2496,102495,FL,READM-30-HIP-KNEE-HRRP,515,,0.9157,0.1107,0.1209,57,07/01/2020,06/30/2023
SAMPLE HOSPITAL 2496,102495,FL,READM-30-COPD-HRRP,62,,0.8668,0.2188,0.2524,14,07/01/2020,06/30/2023
SAMPLE HOSPITAL 2496,102495,FL,READM-30-PN-HRRP,262,,1.0231,0.187,0.1828,49,07/01/2020,06/30/2023
SAMPLE HOSPITAL 2497,102496,MI,READM-30-CABG-HRRP,52,,0.9435,0.1585,0.168,8,07/01/2020,06/30/2023
SAMPLE HOSPITAL 2497,102496,MI,READM-30-PN-HRRP,409,,0.9915,0.1692,0.1707,69,07/01/2020,06/30/2023
SAMPLE HOSPITAL 2497,102496,MI,READM-30-COPD-HRRP,104,,1.1653,0.2608,0.2238,27,07/01/2020,06/30/2023
SAMPLE HOSPITAL 2497,102496,MI,READM-30-AMI-HRRP,599,,0.9535,0.2406,0.2523,144,07/01/2020,06/30/2023
SAMPLE HOSPITAL 2498,102497,VA,READM-30-AMI-HRRP,89,,0.9778,0.197,0.2015,18,07/01/2020,06/30/2023
SAMPLE HOSPITAL 2498,102497,VA,READM-30-HIP-KNEE-HRRP,39,,1.0863,0.2519,0.2319,10,07/01/2020,06/30/2023
SAMPLE HOSPITAL 2498,102497,VA,READM-30-COPD-HRRP,69,,0.9494,0.1998,0.2105,14,07/01/2020,06/30/2023
SAMPLE HOSPITAL 2498,102497,VA,READM-30-PN-HRRP,96,,0.943,0.1333,0.1414,13,07/01/2020,06/30/2023
SAMPLE HOSPITAL 2498,102497,VA,READM-30-HF-HRRP,464,,0.9725,0.1527,0.157,71,07/01/2020,06/30/2023
SAMPLE HOSPITAL 2499,102498,NV,READM-30-HIP-KNEE-HRRP,89,,1.0073,0.2467,0.2449,22,07/01/2020,06/30/2023
SAMPLE HOSPITAL 2499,102498,NV,READM-30-AMI-HRRP,517,,1.1006,0.2318,0.2106,120,07/01/2020,06/30/2023
SAMPLE HOSPITAL 2499,102498,NV,READM-30-COPD-HRRP,240,,0.9734,0.229,0.2353,55,07/01/2020,06/30/2023
SAMPLE HOSPITAL 2499,102498,NV,READM-30-CABG-HRRP,220,,0.9954,0.2505,0.2517,55,07/01/2020,06/30/2023
SAMPLE HOSPITAL 2500,102499,LA,READM-30-HF-HRRP,250,,1.0356,0.2501,0.2415,63,07/01/2020,06/30/2023
SAMPLE HOSPITAL 2500,102499,LA,READM-30-PN-HRRP,103,,0.953,0.2043,0.2144,21,07/01/2020,06/30/2023
SAMPLE HOSPITAL 2500,102499,LA,READM-30-CABG-HRRP,92,,0.959,0.121,0.1262,11,07/01/2020,06/30/2023
SAMPLE HOSPITAL 2500,102499,LA,READM-30-COPD-HRRP,337,,1.0933,0.282,0.2579,95,07/01/2020,06/30/2023
SAMPLE HOSPITAL 2501,102500,NM,READM-30-PN-HRRP,111,,1.036,0.2189,0.2113,24,07/01/2020,06/30/2023
SAMPLE HOSPITAL 2501,102500,NM,READM-30-HIP-KNEE-HRRP,240,,0.9551,0.123,0.1288,30,07/01/2020,06/30/2023
SAMPLE HOSPITAL 2501,102500,NM,READM-30-AMI-HRRP,154,,0.9612,0.2136,0.2222,33,07/01/2020,06/30/2023
SAMPLE HOSPITAL 2501,102500,NM,READM-30-HF-HRRP,454,,0.984,0.2082,0.2116,95,07/01/2020,06/30/2023
SAMPLE HOSPITAL 2501,102500,NM,READM-30-CABG-HRRP,51,,1.1352,0.172,0.1515,9,07/01/2020,06/30/2023
SAMPLE HOSPITAL 2502,102501,LA,READM-30-AMI-HRRP,38,,1.0909,0.1571,0.144,6,07/01/2020,06/30/2023
SAMPLE HOSPITAL 2502,102501,LA,READM-30-COPD-HRRP,1220,,0.8578,0.1835,0.2139,224,07/01/2020,06/30/2023
SAMPLE HOSPITAL 2502,102501,LA,READM-30-PN-HRRP,Too Few to Report,1,Too Few to Report,,,,07/01/2020,06/30/2023
SAMPLE HOSPITAL 2503,102502,NV,READM-30-AMI-HRRP,556,,1.1322,0.1569,0.1386,87,07/01/2020,06/30/2023
SAMPLE HOSPITAL 2503,102502,NV,READM-30-HIP-KNEE-HRRP,248,,0.9389,0.1382,0.1472,34,07/01/2020,06/30/2023
SAMPLE HOSPITAL 2503,102502,NV,READM-30-PN-HRRP,299,,0.9684,0.2002,0.2067,60,07/01/2020,06/30/2023
SAMPLE HOSPITAL 2503,102502,NV,READM-30-COPD-HRRP,118,,1.0156,0.1807,0.1779,21,07/01/2020,06/30/2023
SAMPLE HOSPITAL 2503,102502,NV,READM-30-HF-HRRP,963,,1.0937,0.1562,0.1428,150,07/01/2020,06/30/2023
SAMPLE HOSPITAL 2503,102502,NV,READM-30-CABG-HRRP,396,,1.0232,0.2237,0.2186,89,07/01/2020,06/30/2023
SAMPLE HOSPITAL 2505,102504,AR,READM-30-CABG-HRRP,105,,0.9365,0.1221,0.1304,13,07/01/2020,06/30/2023
SAMPLE HOSPITAL 2505,102504,AR,READM-30-COPD-HRRP,305,,1.051,0.2665,0.2536,81,07/01/2020,06/30/2023
SAMPLE HOSPITAL 2505,102504,AR,READM-30-HF-HRRP,164,,1.0458,0.2201,0.2105,36,07/01/2020,06/30/2023
SAMPLE HOSPITAL 2505,102504,AR,READM-30-PN-HRRP,178,,1.0079,0.1823,0.1809,32,07/01/2020,06/30/2023
SAMPLE HOSPITAL 2505,102504,AR,READM-30-AMI-HRRP,224,,0.9798,0.1382,0.1411,31,07/01/2020,06/30/2023
SAMPLE HOSPITAL 2505,102504,AR,READM-30-HIP-KNEE-HRRP,37,,1.0644,0.1563,0.1468,6,07/01/2020,06/30/2023
SAMPLE HOSPITAL 2506,102505,CO,READM-30-HF-HRRP,49,,1.0268,0.1915,0.1865,9,07/01/2020,06/30/2023
SAMPLE HOSPITAL 2506,102505,CO,READM-30-HIP-KNEE-HRRP,282,,1.002,0.2565,0.256,72,07/01/2020,06/30/2023
SAMPLE HOSPITAL 2506,102505,CO,READM-30-CABG-HRRP,272,,0.9982,0.2159,0.2163,59,07/01/2020,06/30/2023
SAMPLE HOSPITAL 2506,102505,CO,READM-30-COPD-HRRP,233,,1.0673,0.24,0.2249,56,07/01/2020,06/30/2023
SAMPLE HOSPITAL 2506,102505,CO,READM-30-AMI-HRRP,368,,0.9715,0.2132,0.2195,78,07/01/2020,06/30/2023
SAMPLE HOSPITAL 2506,102505,CO,READM-30-PN-HRRP,268,,1.0812,0.2397,0.2217,64,07/01/2020,06/30/2023
SAMPLE HOSPITAL 2507,102506,MD,READM-30-PN-HRRP,145,,0.9981,0.1662,0.1665,24,07/01/2020,06/30/2023
SAMPLE HOSPITAL 2507,102506,MD,READM-30-HIP-KNEE-HRRP,702,,0.9576,0.1646,0.1719,116,07/01/2020,06/30/2023
SAMPLE HOSPITAL 2507,102506,MD,READM-30-CABG-HRRP,81,,0.9039,0.1088,0.1204,9,07/01/2020,06/30/2023
SAMPLE HOSPITAL 2507,102506,MD,READM-30-COPD-HRRP,98,,0.9977,0.1481,0.1484,15,07/01/2020,06/30/2023
SAMPLE HOSPITAL 2507,102506,MD,READM-30-HF-HRRP,91,,1.021,0.1361,0.1333,12,07/01/2020,06/30/2023
SAMPLE HOSPITAL 2507,102506,MD,READM-30-AMI-HRRP,95,,1.0687,0.2739,0.2563,26,07/01/2020,06/30/2023
SAMPLE HOSPITAL 2508,102507,TN,READM-30-COPD-HRRP,206,,0.929,0.2168,0.2334,45,07/01/2020,06/30/2023
SAMPLE HOSPITAL 2508,102507,TN,READM-30-CABG-HRRP,47,,1.0409,0.1352,0.1299,6,07/01/2020,06/30/2023
SAMPLE HOSPITAL 2508,102507,TN,READM-30-HF-HRRP,144,,0.9966,0.1993,0.2,29,07/01/2020,06/30/2023
SAMPLE HOSPITAL 2508,102507,TN,READM-30-AMI-HRRP,78,,1.0103,0.1275,0.1262,10,07/01/2020,06/30/2023
SAMPLE HOSPITAL 2508,102507,TN,READM-30-PN-HRRP,53,,0.9416,0.1661,0.1764,9,07/01/2020,06/30/2023
SAMPLE HOSPITAL 2509,102508,MD,READM-30-CABG-HRRP,205,,1.0582,0.2566,0.2425,53,07/01/2020,06/30/2023
SAMPLE HOSPITAL 2509,102508,MD,READM-30-AMI-HRRP,279,,1.023,0.2144,0.2096,60,07/01/2020,06/30/2023
SAMPLE HOSPITAL 2509,102508,MD,READM-30-PN-HRRP,604,,0.8868,0.1825,0.2058,110,07/01/2020,06/30/2023
SAMPLE HOSPITAL 2509,102508,MD,READM-30-HF-HRRP,91,,1.0883,0.1654,0.152,15,07/01/2020,06/30/2023
SAMPLE HOSPITAL 2510,102509,CT,READM-30-PN-HRRP,83,,0.9942,0.1196,0.1203,10,07/01/2020,06/30/2023
SAMPLE HOSPITAL 2510,102509,CT,READM-30-HF-HRRP,509,,0.9901,0.2522,0.2547,128,07/01/2020,06/30/2023
SAMPLE HOSPITAL 2510,102509,CT,READM-30-CABG-HRRP,123,,1.0251,0.2365,0.2307,29,07/01/2020,06/30/2023
SAMPLE HOSPITAL 2510,102509,CT,READM-30-COPD-HRRP,316,,0.9307,0.1157,0.1243,37,07/01/2020,06/30/2023
SAMPLE HOSPITAL 2510,102509,CT,READM-30-AMI-HRRP,112,,1.0792,0.2648,0.2454,30,07/01/2020,06/30/2023
SAMPLE HOSPITAL 2511,102510,LA,READM-30-AMI-HRRP,348,,0.9359,0.1162,0.1242,40,07/01/2020,06/30/2023
SAMPLE HOSPITAL 2511,102510,LA,READM-30-COPD-HRRP,138,,1.013,0.1653,0.1632,23,07/01/2020,06/30/2023
SAMPLE HOSPITAL 2511,102510,LA,READM-30-CABG-HRRP,423,,0.9752,0.2359,0.2419,100,07/01/2020,06/30/2023
SAMPLE HOSPITAL 2511,102510,LA,READM-30-PN-HRRP,251,,0.9668,0.2424,0.2507,61,07/01/2020,06/30/2023
SAMPLE HOSPITAL 2511,102510,LA,READM-30-HF-HRRP,257,,0.9094,0.1527,0.1679,39,07/01/2020,06/30/2023
SAMPLE HOSPITAL 2511,102510,LA,READM-30-HIP-KNEE-HRRP,355,,0.9531,0.2288,0.2401,81,07/01/2020,06/30/2023
SAMPLE HOSPITAL 2512,102511,SC,READM-30-CABG-HRRP,46,,1.0246,0.1397,0.1363,6,07/01/2020,06/30/2023
SAMPLE HOSPITAL 2512,102511,SC,READM-30-COPD-HRRP,243,,0.9598,0.1816,0.1892,44,07/01/2020,06/30/2023
SAMPLE HOSPITAL 2512,102511,SC,READM-30-AMI-HRRP,44,,1.003,0.2392,0.2385,11,07/01/2020,06/30/2023
SAMPLE HOSPITAL 2512,102511,SC,READM-30-PN-HRRP,83,,0.9722,0.1578,0.1623,13,07/01/2020,06/30/2023
SAMPLE HOSPITAL 2512,102511,SC,READM-30-HF-HRRP,184,,0.9126,0.1612,0.1766,30,07/01/2020,06/30/2023
SAMPLE HOSPITAL 2512,102511,SC,READM-30-HIP-KNEE-HRRP,56,,0.9254,0.2028,0.2192,11,07/01/2020,06/30/2023
SAMPLE HOSPITAL 2513,102512,NC,READM-30-AMI-HRRP,116,,1.0376,0.2158,0.208,25,07/01/2020,06/30/2023
SAMPLE HOSPITAL 2513,102512,NC,READM-30-PN-HRRP,339,,1.0698,0.233,0.2178,79,07/01/2020,06/30/2023
SAMPLE HOSPITAL 2513,102512,NC,READM-30-CABG-HRRP,485,,1.0739,0.1894,0.1764,92,07/01/2020,06/30/2023
SAMPLE HOSPITAL 2513,102512,NC,READM-30-COPD-HRRP,135,,1.0629,0.1702,0.1601,23,07/01/2020,06/30/2023
SAMPLE HOSPITAL 2513,102512,NC,READM-30-HF-HRRP,216,,0.9621,0.1617,0.1681,35,07/01/2020,06/30/2023
SAMPLE HOSPITAL 2513,102512,NC,READM-30-HIP-KNEE-HRRP,91,,0.9573,0.1352,0.1412,12,07/01/2020,06/30/2023
SAMPLE HOSPITAL 2514,102513,UT,READM-30-HF-HRRP,151,,1.0145,0.2361,0.2327,36,07/01/2020,06/30/2023
SAMPLE HOSPITAL 2514,102513,UT,READM-30-AMI-HRRP,232,,1.023,0.1519,0.1485,35,07/01/2020,06/30/2023
SAMPLE HOSPITAL 2514,102513,UT,READM-30-COPD-HRRP,190,,0.9828,0.127,0.1292,24,07/01/2020,06/30/2023
SAMPLE HOSPITAL 2514,102513,UT,READM-30-CABG-HRRP,279,,1.0768,0.1372,0.1274,38,07/01/2020,06/30/2023
SAMPLE HOSPITAL 2514,102513,UT,READM-30-PN-HRRP,419,,1.0718,0.2458,0.2293,103,07/01/2020,06/30/2023
SAMPLE HOSPITAL 2515,102514,RI,READM-30-HIP-KNEE-HRRP,250,,0.9999,0.2208,0.2208,55,07/01/2020,06/30/2023
SAMPLE HOSPITAL 2515,102514,RI,READM-30-CABG-HRRP,90,,0.9427,0.1591,0.1688,14,07/01/2020,06/30/2023
SAMPLE HOSPITAL 2515,102514,RI,READM-30-PN-HRRP,242,,1.0145,0.2141,0.211,52,07/01/2020,06/30/2023
SAMPLE HOSPITAL 2516,102515,CO,READM-30-HF-HRRP,229,,0.9921,0.1771,0.1785,41,07/01/2020,06/30/2023
SAMPLE HOSPITAL 2516,102515,CO,READM-30-CABG-HRRP,101,,1.0154,0.2288,0.2253,23,07/01/2020,06/30/2023
SAMPLE HOSPITAL 2516,102515,CO,READM-30-HIP-KNEE-HRRP,234,,1.1634,0.2899,0.2492,68,07/01/2020,06/30/2023
SAMPLE HOSPITAL 2516,102515,CO,READM-30-AMI-HRRP,109,,1.0493,0.2668,0.2543,29,07/01/2020,06/30/2023
SAMPLE HOSPITAL 2517,102516,CA,READM-30-COPD-HRRP,88,,0.9357,0.1167,0.1247,10,07/01/2020,06/30/2023
SAMPLE HOSPITAL 2517,102516,CA,READM-30-PN-HRRP,109,,1.0146,0.2448,0.2413,27,07/01/2020,06/30/2023
SAMPLE HOSPITAL 2517,102516,CA,READM-30-AMI-HRRP,1022,,1.0179,0.2527,0.2483,258,07/01/2020,06/30/2023
SAMPLE HOSPITAL 2517,102516,CA,READM-30-HF-HRRP,139,,0.9695,0.1473,0.1519,20,07/01/2020,06/30/2023
SAMPLE HOSPITAL 2518,102517,SC,READM-30-AMI-HRRP,110,,1.0583,0.2033,0.1921,22,07/01/2020,06/30/2023
SAMPLE HOSPITAL 2518,102517,SC,READM-30-CABG-HRRP,131,,1.1008,0.197,0.179,26,07/01/2020,06/30/2023
SAMPLE HOSPITAL 2518,102517,SC,READM-30-COPD-HRRP,543,,1.0382,0.1603,0.1544,87,07/01/2020,06/30/2023
SAMPLE HOSPITAL 2518,102517,SC,READM-30-HIP-KNEE-HRRP,289,,1.1473,0.2339,0.2039,68,07/01/2020,06/30/2023
SAMPLE HOSPITAL 2518,102517,SC,READM-30-PN-HRRP,2273,,0.9439,0.2325,0.2463,528,07/01/2020,06/30/2023
SAMPLE HOSPITAL 2518,102517,SC,READM-30-HF-HRRP,232,,0.9888,0.1783,0.1803,41,07/01/2020,06/30/2023
SAMPLE HOSPITAL 2519,102518,NH,READM-30-HF-HRRP,147,,1.0365,0.2412,0.2327,35,07/01/2020,06/30/2023
SAMPLE HOSPITAL 2519,102518,NH,READM-30-CABG-HRRP,460,,0.965,0.1692,0.1753,78,07/01/2020,06/30/2023
SAMPLE HOSPITAL 2519,102518,NH,READM-30-HIP-KNEE-HRRP,201,,1.0093,0.2325,0.2304,47,07/01/2020,06/30/2023
SAMPLE HOSPITAL 2520,102519,TN,READM-30-HIP-KNEE-HRRP,88,,1.0432,0.1652,0.1584,15,07/01/2020,06/30/2023
SAMPLE HOSPITAL 2520,102519,TN,READM-30-HF-HRRP,332,,0.8668,0.1913,0.2207,64,07/01/2020,06/30/2023
SAMPLE HOSPITAL 2520,102519,TN,READM-30-COPD-HRRP,173,,0.8244,0.1708,0.2072,30,07/01/2020,06/30/2023
SAMPLE HOSPITAL 2520,102519,TN,READM-30-PN-HRRP,67,,1.0406,0.225,0.2162,15,07/01/2020,06/30/2023
SAMPLE HOSPITAL 2521,102520,WA,READM-30-HIP-KNEE-HRRP,235,,0.8939,0.1678,0.1877,39,07/01/2020,06/30/2023
SAMPLE HOSPITAL 2521,102520,WA,READM-30-CABG-HRRP,136,,0.9463,0.1685,0.1781,23,07/01/2020,06/30/2023
SAMPLE HOSPITAL 2521,102520,WA,READM-30-HF-HRRP,141,,0.9997,0.1767,0.1768,25,07/01/2020,06/30/2023
SAMPLE HOSPITAL 2522,102521,IN,READM-30-AMI-HRRP,304,,0.9451,0.1368,0.1447,42,07/01/2020,06/30/2023
SAMPLE HOSPITAL 2522,102521,IN,READM-30-CABG-HRRP,256,,0.9887,0.2088,0.2112,53,07/01/2020,06/30/2023
SAMPLE HOSPITAL 2522,102521,IN,READM-30-PN-HRRP,914,,0.9864,0.1525,0.1546,139,07/01/2020,06/30/2023
SAMPLE HOSPITAL 2523,102522,NJ,READM-30-CABG-HRRP,1367,,1.0971,0.1748,0.1593,239,07/01/2020,06/30/2023
SAMPLE HOSPITAL 2523,102522,NJ,READM-30-HF-HRRP,558,,1.0733,0.2249,0.2095,125,07/01/2020,06/30/2023
SAMPLE HOSPITAL 2523,102522,NJ,READM-30-PN-HRRP,187,,1.0444,0.219,0.2097,41,07/01/2020,06/30/2023
SAMPLE HOSPITAL 2524,102523,ID,READM-30-PN-HRRP,76,,0.8987,0.1462,0.1627,11,07/01/2020,06/30/2023
SAMPLE HOSPITAL 2524,102523,ID,READM-30-HF-HRRP,91,,1.1021,0.1596,0.1448,15,07/01/2020,06/30/2023
SAMPLE HOSPITAL 2524,102523,ID,READM-30-CABG-HRRP,79,,0.9509,0.2426,0.2551,19,07/01/2020,06/30/2023
SAMPLE HOSPITAL 2524,102523,ID,READM-30-AMI-HRRP,68,,0.9252,0.1239,0.1339,8,07/01/2020,06/30/2023
SAMPLE HOSPITAL 2524,102523,ID,READM-30-HIP-KNEE-HRRP,280,,0.9652,0.1975,0.2046,55,07/01/2020,06/30/2023
SAMPLE HOSPITAL 2524,102523,ID,READM-30-COPD-HRRP,123,,0.8818,0.1951,0.2212,24,07/01/2020,06/30/2023
SAMPLE HOSPITAL 2526,102525,MN,READM-30-PN-HRRP,107,,1.0939,0.2377,0.2173,25,07/01/2020,06/30/2023
SAMPLE HOSPITAL 2526,102525,MN,READM-30-HIP-KNEE-HRRP,152,,1.1055,0.1804,0.1632,27,07/01/2020,06/30/2023
SAMPLE HOSPITAL 2526,102525,MN,READM-30-COPD-HRRP,304,,1.0199,0.2266,0.2222,69,07/01/2020,06/30/2023
SAMPLE HOSPITAL 2527,102526,NY,READM-30-PN-HRRP,156,,0.9539,0.1507,0.158,24,07/01/2020,06/30/2023
SAMPLE HOSPITAL 2527,102526,NY,READM-30-HF-HRRP,28,,1.0263,0.2011,0.1959,6,07/01/2020,06/30/2023
SAMPLE HOSPITAL 2527,102526,NY,READM-30-CABG-HRRP,512,,0.932,0.1638,0.1757,84,07/01/2020,06/30/2023
SAMPLE HOSPITAL 2527,102526,NY,READM-30-AMI-HRRP,232,,1.1214,0.2059,0.1836,48,07/01/2020,06/30/2023
SAMPLE HOSPITAL 2527,102526,NY,READM-30-COPD-HRRP,142,,0.9923,0.1242,0.1252,18,07/01/2020,06/30/2023
SAMPLE HOSPITAL 2527,102526,NY,READM-30-HIP-KNEE-HRRP,675,,1.0595,0.1812,0.171,122,07/01/2020,06/30/2023
SAMPLE HOSPITAL 2528,102527,WY,READM-30-COPD-HRRP,190,,0.9057,0.1509,0.1666,29,07/01/2020,06/30/2023
SAMPLE HOSPITAL 2528,102527,WY,READM-30-HF-HRRP,249,,1.0539,0.2028,0.1924,50,07/01/2020,06/30/2023
SAMPLE HOSPITAL 2528,102527,WY,READM-30-HIP-KNEE-HRRP,337,,1.0969,0.191,0.1741,64,07/01/2020,06/30/2023
SAMPLE HOSPITAL 2528,102527,WY,READM-30-CABG-HRRP,113,,1.0281,0.1627,0.1583,18,07/01/2020,06/30/2023
SAMPLE HOSPITAL 2529,102528,AK,READM-30-PN-HRRP,284,,1.0785,0.2657,0.2464,75,07/01/2020,06/30/2023
SAMPLE HOSPITAL 2529,102528,AK,READM-30-CABG-HRRP,483,,1.0639,0.2677,0.2516,129,07/01/2020,06/30/2023
SAMPLE HOSPITAL 2529,102528,AK,READM-30-HIP-KNEE-HRRP,164,,1.0296,0.2642,0.2566,43,07/01/2020,06/30/2023
SAMPLE HOSPITAL 2529,102528,AK,READM-30-COPD-HRRP,25,,1.0416,0.2538,0.2437,6,07/01/2020,06/30/2023
SAMPLE HOSPITAL 2530,102529,WA,READM-30-COPD-HRRP,107,,0.923,0.2197,0.238,24,07/01/2020,06/30/2023
SAMPLE HOSPITAL 2530,102529,WA,READM-30-PN-HRRP,136,,0.9769,0.2246,0.2299,31,07/01/2020,06/30/2023
SAMPLE HOSPITAL 2530,102529,WA,READM-30-HIP-KNEE-HRRP,269,,0.9427,0.142,0.1506,38,07/01/2020,06/30/2023
SAMPLE HOSPITAL 2531,102530,ND,READM-30-AMI-HRRP,69,,0.9842,0.1498,0.1522,10,07/01/2020,06/30/2023
SAMPLE HOSPITAL 2531,102530,ND,READM-30-HIP-KNEE-HRRP,108,,0.947,0.1338,0.1413,14,07/01/2020,06/30/2023
SAMPLE HOSPITAL 2531,102530,ND,READM-30-HF-HRRP,157,,1.0111,0.1418,0.1402,22,07/01/2020,06/30/2023
SAMPLE HOSPITAL 2531,102530,ND,READM-30-PN-HRRP,146,,0.9683,0.1701,0.1757,25,07/01/2020,06/30/2023
SAMPLE HOSPITAL 2532,102531,CA,READM-30-COPD-HRRP,261,,0.8399,0.1888,0.2248,49,07/01/2020,06/30/2023
SAMPLE HOSPITAL 2532,102531,CA,READM-30-HF-HRRP,45,,0.8867,0.2139,0.2412,10,07/01/2020,06/30/2023
SAMPLE HOSPITAL 2532,102531,CA,READM-30-PN-HRRP,212,,1.012,0.2328,0.23,49,07/01/2020,06/30/2023
SAMPLE HOSPITAL 2533,102532,NJ,READM-30-HF-HRRP,302,,1.0595,0.1479,0.1396,45,07/01/2020,06/30/2023
SAMPLE HOSPITAL 2533,102532,NJ,READM-30-CABG-HRRP,39,,0.8992,0.2077,0.231,8,07/01/2020,06/30/2023
SAMPLE HOSPITAL 2533,102532,NJ,READM-30-COPD-HRRP,102,,1.022,0.2094,0.2049,21,07/01/2020,06/30/2023
SAMPLE HOSPITAL 2534,102533,VA,READM-30-PN-HRRP,117,,0.9947,0.183,0.184,21,07/01/2020,06/30/2023
SAMPLE HOSPITAL 2534,102533,VA,READM-30-HF-HRRP,211,,1.071,0.2551,0.2382,54,07/01/2020,06/30/2023
SAMPLE HOSPITAL 2534,102533,VA,READM-30-COPD-HRRP,258,,1.0118,0.1232,0.1218,32,07/01/2020,06/30/2023
SAMPLE HOSPITAL 2534,102533,VA,READM-30-HIP-KNEE-HRRP,188,,0.9756,0.1289,0.1321,24,07/01/2020,06/30/2023
SAMPLE HOSPITAL 2534,102533,VA,READM-30-CABG-HRRP,165,,0.9549,0.2204,0.2308,36,07/01/2020,06/30/2023
SAMPLE HOSPITAL 2535,102534,NH,READM-30-HIP-KNEE-HRRP,35,,0.9947,0.1563,0.1571,5,07/01/2020,06/30/2023
SAMPLE HOSPITAL 2535,102534,NH,READM-30-PN-HRRP,41,,1.0363,0.1708,0.1648,7,07/01/2020,06/30/2023
SAMPLE HOSPITAL 2535,102534,NH,READM-30-AMI-HRRP,476,,1.0307,0.1266,0.1228,60,07/01/2020,06/30/2023
SAMPLE HOSPITAL 2535,102534,NH,READM-30-COPD-HRRP,41,,0.9178,0.1618,0.1763,7,07/01/2020,06/30/2023
SAMPLE HOSPITAL 2535,102534,NH,READM-30-CABG-HRRP,512,,0.9928,0.1237,0.1246,63,07/01/2020,06/30/2023
SAMPLE HOSPITAL 2535,102534,NH,READM-30-HF-HRRP,186,,1.0129,0.2547,0.2515,47,07/01/2020,06/30/2023
SAMPLE HOSPITAL 2536,102535,NJ,READM-30-PN-HRRP,625,,0.9903,0.2533,0.2558,158,07/01/2020,06/30/2023
SAMPLE HOSPITAL 2536,102535,NJ,READM-30-AMI-HRRP,99,,1.1047,0.2183,0.1976,22,07/01/2020,06/30/2023
SAMPLE HOSPITAL 2536,102535,NJ,READM-30-CABG-HRRP,340,,0.9652,0.1814,0.1879,62,07/01/2020,06/30/2023
SAMPLE HOSPITAL 2537,102536,WI,READM-30-HIP-KNEE-HRRP,198,,1.0645,0.1415,0.1329,28,07/01/2020,06/30/2023
SAMPLE HOSPITAL 2537,102536,WI,READM-30-PN-HRRP,275,,1.0984,0.1627,0.1481,45,07/01/2020,06/30/2023
SAMPLE HOSPITAL 2537,102536,WI,READM-30-AMI-HRRP,177,,1.0168,0.2527,0.2485,45,07/01/2020,06/30/2023
SAMPLE HOSPITAL 2537,102536,WI,READM-30-CABG-HRRP,765,,1.0467,0.22,0.2102,168,07/01/2020,06/30/2023
SAMPLE HOSPITAL 2537,102536,WI,READM-30-HF-HRRP,159,,1.0943,0.2263,0.2068,36,07/01/2020,06/30/2023
SAMPLE HOSPITAL 2538,102537,MA,READM-30-HIP-KNEE-HRRP,306,,0.9696,0.1731,0.1785,53,07/01/2020,06/30/2023
SAMPLE HOSPITAL 2538,102537,MA,READM-30-HF-HRRP,107,,0.9322,0.1681,0.1803,18,07/01/2020,06/30/2023
SAMPLE HOSPITAL 2538,102537,MA,READM-30-PN-HRRP,173,,0.9261,0.1723,0.186,30,07/01/2020,06/30/2023
SAMPLE HOSPITAL 2538,102537,MA,READM-30-CABG-HRRP,157,,1.1018,0.1541,0.1399,24,07/01/2020,06/30/2023
SAMPLE HOSPITAL 2539,102538,IL,READM-30-PN-HRRP,172,,0.9367,0.2424,0.2588,42,07/01/2020,06/30/2023
SAMPLE HOSPITAL 2539,102538,IL,READM-30-CABG-HRRP,438,,1.0071,0.2203,0.2187,96,07/01/2020,06/30/2023
SAMPLE HOSPITAL 2539,102538,IL,READM-30-HF-HRRP,112,,0.8878,0.1208,0.1361,14,07/01/2020,06/30/2023
SAMPLE HOSPITAL 2540,102539,MO,READM-30-AMI-HRRP,371,,0.9608,0.144,0.1499,53,07/01/2020,06/30/2023
SAMPLE HOSPITAL 2540,102539,MO,READM-30-HF-HRRP,108,,0.8652,0.2025,0.2341,22,07/01/2020,06/30/2023
SAMPLE HOSPITAL 2540,102539,MO,READM-30-PN-HRRP,565,,0.9764,0.1748,0.179,99,07/01/2020,06/30/2023
SAMPLE HOSPITAL 2540,102539,MO,READM-30-HIP-KNEE-HRRP,143,,0.9665,0.1933,0.2,28,07/01/2020,06/30/2023
SAMPLE HOSPITAL 2540,102539,MO,READM-30-CABG-HRRP,437,,1.0642,0.2324,0.2184,102,07/01/2020,06/30/2023
SAMPLE HOSPITAL 2541,102540,GA,READM-30-HF-HRRP,102,,1.013,0.1776,0.1753,18,07/01/2020,06/30/2023
SAMPLE HOSPITAL 2541,102540,GA,READM-30-PN-HRRP,75,,1.0908,0.1587,0.1455,12,07/01/2020,06/30/2023
SAMPLE HOSPITAL 2541,102540,GA,READM-30-CABG-HRRP,232,,0.9216,0.1328,0.1441,31,07/01/2020,06/30/2023
SAMPLE HOSPITAL 2541,102540,GA,READM-30-AMI-HRRP,439,,0.9362,0.1994,0.213,88,07/01/2020,06/30/2023
SAMPLE HOSPITAL 2542,102541,CA,READM-30-CABG-HRRP,196,,0.9921,0.1758,0.1772,34,07/01/2020,06/30/2023
SAMPLE HOSPITAL 2542,102541,CA,READM-30-AMI-HRRP,239,,0.9717,0.1627,0.1674,39,07/01/2020,06/30/2023
SAMPLE HOSPITAL 2542,102541,CA,READM-30-HF-HRRP,389,,0.9999,0.1924,0.1924,75,07/01/2020,06/30/2023
SAMPLE HOSPITAL 2542,102541,CA,READM-30-PN-HRRP,152,,0.946,0.165,0.1744,25,07/01/2020,06/30/2023
SAMPLE HOSPITAL 2542,102541,CA,READM-30-HIP-KNEE-HRRP,213,,1.0252,0.2035,0.1985,43,07/01/2020,06/30/2023
SAMPLE HOSPITAL 2543,102542,MI,READM-30-PN-HRRP,162,,1.0762,0.2346,0.218,38,07/01/2020,06/30/2023
SAMPLE HOSPITAL 2543,102542,MI,READM-30-HF-HRRP,339,,0.9795,0.2151,0.2196,73,07/01/2020,06/30/2023
SAMPLE HOSPITAL 2543,102542,MI,READM-30-CABG-HRRP,1526,,0.9419,0.1638,0.1739,250,07/01/2020,06/30/2023
SAMPLE HOSPITAL 2543,102542,MI,READM-30-AMI-HRRP,307,,0.9225,0.2252,0.2441,69,07/01/2020,06/30/2023
SAMPLE HOSPITAL 2544,102543,ID,READM-30-HIP-KNEE-HRRP,248,,0.9199,0.2355,0.256,58,07/01/2020,06/30/2023
SAMPLE HOSPITAL 2544,102543,ID,READM-30-PN-HRRP,102,,0.9097,0.2163,0.2378,22,07/01/2020,06/30/2023
SAMPLE HOSPITAL 2544,102543,ID,READM-30-HF-HRRP,270,,0.8309,0.1286,0.1548,35,07/01/2020,06/30/2023
SAMPLE HOSPITAL 2544,102543,ID,READM-30-COPD-HRRP,1033,,0.9719,0.2189,0.2252,226,07/01/2020,06/30/2023
SAMPLE HOSPITAL 2544,102543,ID,READM-30-CABG-HRRP,208,,1.0279,0.2648,0.2576,55,07/01/2020,06/30/2023
SAMPLE HOSPITAL 2545,102544,CO,READM-30-HF-HRRP,416,,1.1346,0.2728,0.2404,113,07/01/2020,06/30/2023
SAMPLE HOSPITAL 2545,102544,CO,READM-30-HIP-KNEE-HRRP,178,,0.8833,0.2238,0.2534,40,07/01/2020,06/30/2023
SAMPLE HOSPITAL 2545,102544,CO,READM-30-CABG-HRRP,71,,0.9387,0.1642,0.1749,12,07/01/2020,06/30/2023
SAMPLE HOSPITAL 2545,102544,CO,READM-30-PN-HRRP,105,,1.0558,0.1533,0.1452,16,07/01/2020,06/30/2023
SAMPLE HOSPITAL 2545,102544,CO,READM-30-COPD-HRRP,379,,0.9002,0.1221,0.1356,46,07/01/2020,06/30/2023
SAMPLE HOSPITAL 2546,102545,VT,READM-30-HIP-KNEE-HRRP,142,,1.04,0.157,0.151,22,07/01/2020,06/30/2023
SAMPLE HOSPITAL 2546,102545,VT,READM-30-HF-HRRP,1143,,0.9289,0.2372,0.2554,271,07/01/2020,06/30/2023
SAMPLE HOSPITAL 2546,102545,VT,READM-30-PN-HRRP,280,,0.9252,0.1299,0.1404,36,07/01/2020,06/30/2023
SAMPLE HOSPITAL 2547,102546,KY,READM-30-HF-HRRP,849,,1.0761,0.2644,0.2457,224,07/01/2020,06/30/2023
SAMPLE HOSPITAL 2547,102546,KY,READM-30-AMI-HRRP,356,,1.0931,0.2488,0.2276,89,07/01/2020,06/30/2023
SAMPLE HOSPITAL 2547,102546,KY,READM-30-PN-HRRP,4280,,1.1243,0.24,0.2135,1027,07/01/2020,06/30/2023
SAMPLE HOSPITAL 2547,102546,KY,READM-30-COPD-HRRP,194,,0.902,0.1147,0.1272,22,07/01/2020,06/30/2023
SAMPLE HOSPITAL 2547,102546,KY,READM-30-HIP-KNEE-HRRP,145,,1.0091,0.1615,0.16,23,07/01/2020,06/30/2023
SAMPLE HOSPITAL 2548,102547,OH,READM-30-CABG-HRRP,148,,1.0381,0.2274,0.2191,34,07/01/2020,06/30/2023
SAMPLE HOSPITAL 2548,102547,OH,READM-30-AMI-HRRP,710,,1.0103,0.1974,0.1954,140,07/01/2020,06/30/2023
SAMPLE HOSPITAL 2548,102547,OH,READM-30-PN-HRRP,816,,0.8671,0.1987,0.2292,162,07/01/2020,06/30/2023
SAMPLE HOSPITAL 2548,102547,OH,READM-30-COPD-HRRP,143,,0.9778,0.2026,0.2072,29,07/01/2020,06/30/2023
SAMPLE HOSPITAL 2548,102547,OH,READM-30-HF-HRRP,309,,1.0194,0.1465,0.1437,45,07/01/2020,06/30/2023
SAMPLE HOSPITAL 2549,102548,AZ,READM-30-HF-HRRP,136,,1.0129,0.1947,0.1922,26,07/01/2020,06/30/2023
SAMPLE HOSPITAL 2549,102548,AZ,READM-30-HIP-KNEE-HRRP,149,,1.1228,0.1685,0.1501,25,07/01/2020,06/30/2023
SAMPLE HOSPITAL 2549,102548,AZ,READM-30-PN-HRRP,45,,1.0307,0.2519,0.2444,11,07/01/2020,06/30/2023
SAMPLE HOSPITAL 2549,102548,AZ,READM-30-CABG-HRRP,220,,1.1469,0.2119,0.1848,47,07/01/2020,06/30/2023
SAMPLE HOSPITAL 2550,102549,TN,READM-30-CABG-HRRP,87,,1.0408,0.2021,0.1942,18,07/01/2020,06/30/2023
SAMPLE HOSPITAL 2550,102549,TN,READM-30-COPD-HRRP,216,,0.9268,0.1201,0.1296,26,07/01/2020,06/30/2023
SAMPLE HOSPITAL 2550,102549,TN,READM-30-AMI-HRRP,160,,1.1674,0.209,0.179,33,07/01/2020,06/30/2023
SAMPLE HOSPITAL 2551,102550,OK,READM-30-CABG-HRRP,90,,0.9672,0.1281,0.1324,12,07/01/2020,06/30/2023
SAMPLE HOSPITAL 2551,102550,OK,READM-30-AMI-HRRP,129,,1.1265,0.2103,0.1867,27,07/01/2020,06/30/2023
SAMPLE HOSPITAL 2551,102550,OK,READM-30-HIP-KNEE-HRRP,2083,,0.9458,0.1745,0.1845,363,07/01/2020,06/30/2023
SAMPLE HOSPITAL 2551,102550,OK,READM-30-PN-HRRP,39,,0.9969,0.2079,0.2085,8,07/01/2020,06/30/2023
SAMPLE HOSPITAL 2552,102551,MT,READM-30-COPD-HRRP,552,,1.0064,0.2578,0.2562,142,07/01/2020,06/30/2023
SAMPLE HOSPITAL 2552,102551,MT,READM-30-AMI-HRRP,195,,1.0293,0.1913,0.1859,37,07/01/2020,06/30/2023
SAMPLE HOSPITAL 2552,102551,MT,READM-30-PN-HRRP,120,,0.9695,0.2313,0.2386,28,07/01/2020,06/30/2023
SAMPLE HOSPITAL 2552,102551,MT,READM-30-HF-HRRP,1884,,0.9183,0.1525,0.1661,287,07/01/2020,06/30/2023
SAMPLE HOSPITAL 2553,102552,RI,READM-30-COPD-HRRP,215,,1.0381,0.1635,0.1575,35,07/01/2020,06/30/2023
SAMPLE HOSPITAL 2553,102552,RI,READM-30-HF-HRRP,153,,1.0702,0.2154,0.2013,33,07/01/2020,06/30/2023
SAMPLE HOSPITAL 2553,102552,RI,READM-30-AMI-HRRP,33,,0.9642,0.1981,0.2055,7,07/01/2020,06/30/2023
SAMPLE HOSPITAL 2553,102552,RI,READM-30-HIP-KNEE-HRRP,106,,1.02,0.1332,0.1306,14,07/01/2020,06/30/2023
SAMPLE HOSPITAL 2553,102552,RI,READM-30-CABG-HRRP,65,,0.9959,0.2342,0.2352,15,07/01/2020,06/30/2023
SAMPLE HOSPITAL 2553,102552,RI,READM-30-PN-HRRP,375,,1.0227,0.147,0.1437,55,07/01/2020,06/30/2023
SAMPLE HOSPITAL 2554,102553,MD,READM-30-HF-HRRP,111,,1.009,0.2543,0.252,28,07/01/2020,06/30/2023
SAMPLE HOSPITAL 2554,102553,MD,READM-30-AMI-HRRP,68,,1.1083,0.2739,0.2471,19,07/01/2020,06/30/2023
SAMPLE HOSPITAL 2554,102553,MD,READM-30-CABG-HRRP,238,,1.0736,0.1406,0.131,33,07/01/2020,06/30/2023
SAMPLE HOSPITAL 2554,102553,MD,READM-30-PN-HRRP,207,,1.0639,0.2032,0.191,42,07/01/2020,06/30/2023
SAMPLE HOSPITAL 2554,102553,MD,READM-30-COPD-HRRP,72,,1.0141,0.1329,0.1311,10,07/01/2020,06/30/2023
SAMPLE HOSPITAL 2555,102554,IL,READM-30-PN-HRRP,334,,1.1044,0.1784,0.1615,60,07/01/2020,06/30/2023
SAMPLE HOSPITAL 2555,102554,IL,READM-30-CABG-HRRP,140,,1.0795,0.1697,0.1572,24,07/01/2020,06/30/2023
SAMPLE HOSPITAL 2555,102554,IL,READM-30-COPD-HRRP,271,,0.958,0.1645,0.1717,45,07/01/2020,06/30/2023
SAMPLE HOSPITAL 2555,102554,IL,READM-30-HIP-KNEE-HRRP,102,,1.1371,0.177,0.1557,18,07/01/2020,06/30/2023
SAMPLE HOSPITAL 2555,102554,IL,READM-30-AMI-HRRP,362,,0.9952,0.1391,0.1398,50,07/01/2020,06/30/2023
SAMPLE HOSPITAL 2556,102555,KS,READM-30-CABG-HRRP,209,,1.083,0.2158,0.1993,45,07/01/2020,06/30/2023
SAMPLE HOSPITAL 2556,102555,KS,READM-30-HF-HRRP,105,,1.0176,0.2307,0.2267,24,07/01/2020,06/30/2023
SAMPLE HOSPITAL 2556,102555,KS,READM-30-HIP-KNEE-HRRP,168,,1.0462,0.1663,0.159,28,07/01/2020,06/30/2023
SAMPLE HOSPITAL 2557,102556,NV,READM-30-HF-HRRP,179,,0.9523,0.1779,0.1868,32,07/01/2020,06/30/2023
SAMPLE HOSPITAL 2557,102556,NV,READM-30-PN-HRRP,516,,0.8837,0.1494,0.1691,77,07/01/2020,06/30/2023
SAMPLE HOSPITAL 2557,102556,NV,READM-30-COPD-HRRP,566,,0.9133,0.1877,0.2055,106,07/01/2020,06/30/2023
SAMPLE HOSPITAL 2557,102556,NV,READM-30-CABG-HRRP,134,,1.0036,0.1462,0.1457,20,07/01/2020,06/30/2023
SAMPLE HOSPITAL 2557,102556,NV,READM-30-HIP-KNEE-HRRP,166,,1.0308,0.1515,0.147,25,07/01/2020,06/30/2023
SAMPLE HOSPITAL 2557,102556,NV,READM-30-AMI-HRRP,215,,1.0245,0.2498,0.2438,54,07/01/2020,06/30/2023
SAMPLE HOSPITAL 2558,102557,RI,READM-30-HIP-KNEE-HRRP,280,,0.9863,0.193,0.1957,54,07/01/2020,06/30/2023
SAMPLE HOSPITAL 2558,102557,RI,READM-30-CABG-HRRP,505,,0.9856,0.1233,0.1251,62,07/01/2020,06/30/2023
SAMPLE HOSPITAL 2558,102557,RI,READM-30-PN-HRRP,414,,0.9993,0.1992,0.1993,82,07/01/2020,06/30/2023
SAMPLE HOSPITAL 2558,102557,RI,READM-30-COPD-HRRP,331,,1.0311,0.1992,0.1932,66,07/01/2020,06/30/2023
SAMPLE HOSPITAL 2558,102557,RI,READM-30-AMI-HRRP,348,,1.0983,0.1401,0.1276,49,07/01/2020,06/30/2023
SAMPLE HOSPITAL 2558,102557,RI,READM-30-HF-HRRP,46,,1.0074,0.2483,0.2465,11,07/01/2020,06/30/2023
SAMPLE HOSPITAL 2559,102558,MS,READM-30-CABG-HRRP,60,,1.0179,0.2139,0.2101,13,07/01/2020,06/30/2023
SAMPLE HOSPITAL 2559,102558,MS,READM-30-HF-HRRP,272,,1.0166,0.1304,0.1283,35,07/01/2020,06/30/2023
SAMPLE HOSPITAL 2559,102558,MS,READM-30-PN-HRRP,45,,0.981,0.1478,0.1507,7,07/01/2020,06/30/2023
SAMPLE HOSPITAL 2559,102558,MS,READM-30-AMI-HRRP,528,,1.0547,0.1778,0.1686,94,07/01/2020,06/30/2023
SAMPLE HOSPITAL 2560,102559,WY,READM-30-HIP-KNEE-HRRP,291,,1.0229,0.2622,0.2563,76,07/01/2020,06/30/2023
SAMPLE HOSPITAL 2560,102559,WY,READM-30-HF-HRRP,517,,0.9739,0.2186,0.2245,113,07/01/2020,06/30/2023
SAMPLE HOSPITAL 2560,102559,WY,READM-30-COPD-HRRP,310,,0.9686,0.1953,0.2016,61,07/01/2020,06/30/2023
SAMPLE HOSPITAL 2560,102559,WY,READM-30-CABG-HRRP,218,,0.9362,0.1664,0.1777,36,07/01/2020,06/30/2023
SAMPLE HOSPITAL 2560,102559,WY,READM-30-PN-HRRP,69,,0.9299,0.2312,0.2486,16,07/01/2020,06/30/2023
SAMPLE HOSPITAL 2561,102560,MI,READM-30-HIP-KNEE-HRRP,498,,1.023,0.2277,0.2226,113,07/01/2020,06/30/2023
SAMPLE HOSPITAL 2561,102560,MI,READM-30-COPD-HRRP,143,,0.9502,0.1367,0.1439,20,07/01/2020,06/30/2023
SAMPLE HOSPITAL 2561,102560,MI,READM-30-PN-HRRP,209,,0.9943,0.2536,0.2551,53,07/01/2020,06/30/2023
SAMPLE HOSPITAL 2561,102560,MI,READM-30-AMI-HRRP,138,,1.0325,0.1366,0.1323,19,07/01/2020,06/30/2023
SAMPLE HOSPITAL 2561,102560,MI,READM-30-CABG-HRRP,371,,1.0163,0.1306,0.1285,48,07/01/2020,06/30/2023
SAMPLE HOSPITAL 2561,102560,MI,READM-30-HF-HRRP,136,,0.9994,0.1376,0.1377,19,07/01/2020,06/30/2023
SAMPLE HOSPITAL 2562,102561,AZ,READM-30-HF-HRRP,517,,1.0765,0.273,0.2536,141,07/01/2020,06/30/2023
SAMPLE HOSPITAL 2562,102561,AZ,READM-30-HIP-KNEE-HRRP,214,,0.956,0.2246,0.2349,48,07/01/2020,06/30/2023
SAMPLE HOSPITAL 2562,102561,AZ,READM-30-PN-HRRP,443,,0.9937,0.1802,0.1813,80,07/01/2020,06/30/2023
SAMPLE HOSPITAL 2563,102562,MT,READM-30-HIP-KNEE-HRRP,882,,1.1063,0.2872,0.2596,253,07/01/2020,06/30/2023
SAMPLE HOSPITAL 2563,102562,MT,READM-30-PN-HRRP,216,,1.034,0.1623,0.157,35,07/01/2020,06/30/2023
SAMPLE HOSPITAL 2563,102562,MT,READM-30-AMI-HRRP,1010,,1.0296,0.2507,0.2435,253,07/01/2020,06/30/2023
SAMPLE HOSPITAL 2564,102563,DE,READM-30-CABG-HRRP,141,,1.0573,0.224,0.2119,32,07/01/2020,06/30/2023
SAMPLE HOSPITAL 2564,102563,DE,READM-30-HF-HRRP,219,,1.0022,0.1768,0.1764,39,07/01/2020,06/30/2023
SAMPLE HOSPITAL 2564,102563,DE,READM-30-HIP-KNEE-HRRP,313,,0.9587,0.1182,0.1233,37,07/01/2020,06/30/2023
SAMPLE HOSPITAL 2564,102563,DE,READM-30-COPD-HRRP,88,,0.9796,0.1703,0.1738,15,07/01/2020,06/30/2023
SAMPLE HOSPITAL 2565,102564,TN,READM-30-PN-HRRP,219,,0.9625,0.2251,0.2339,49,07/01/2020,06/30/2023
SAMPLE HOSPITAL 2565,102564,TN,READM-30-COPD-HRRP,157,,0.9483,0.1526,0.1609,24,07/01/2020,06/30/2023
SAMPLE HOSPITAL 2565,102564,TN,READM-30-HF-HRRP,842,,1.0543,0.2155,0.2044,181,07/01/2020,06/30/2023
SAMPLE HOSPITAL 2566,102565,WI,READM-30-PN-HRRP,108,,0.907,0.1345,0.1483,15,07/01/2020,06/30/2023
SAMPLE HOSPITAL 2566,102565,WI,READM-30-HF-HRRP,243,,1.1419,0.235,0.2058,57,07/01/2020,06/30/2023
SAMPLE HOSPITAL 2566,102565,WI,READM-30-COPD-HRRP,577,,0.9245,0.1428,0.1545,82,07/01/2020,06/30/2023
SAMPLE HOSPITAL 2566,102565,WI,READM-30-HIP-KNEE-HRRP,283,,0.9954,0.2204,0.2214,62,07/01/2020,06/30/2023
SAMPLE HOSPITAL 2566,102565,WI,READM-30-CABG-HRRP,211,,1.0049,0.1243,0.1237,26,07/01/2020,06/30/2023
SAMPLE HOSPITAL 2567,102566,KY,READM-30-PN-HRRP,37,,0.9654,0.1173,0.1215,4,07/01/2020,06/30/2023
SAMPLE HOSPITAL 2567,102566,KY,READM-30-COPD-HRRP,514,,1.0654,0.1722,0.1616,89,07/01/2020,06/30/2023
SAMPLE HOSPITAL 2567,102566,KY,READM-30-CABG-HRRP,233,,1.02,0.1903,0.1866,44,07/01/2020,06/30/2023
SAMPLE HOSPITAL 2567,102566,KY,READM-30-HIP-KNEE-HRRP,68,,1.0303,0.2306,0.2238,16,07/01/2020,06/30/2023
SAMPLE HOSPITAL 2568,102567,WA,READM-30-AMI-HRRP,346,,1.044,0.23,0.2203,80,07/01/2020,06/30/2023
SAMPLE HOSPITAL 2568,102567,WA,READM-30-HIP-KNEE-HRRP,49,,0.9415,0.2296,0.2439,11,07/01/2020,06/30/2023
SAMPLE HOSPITAL 2568,102567,WA,READM-30-CABG-HRRP,133,,0.9633,0.1592,0.1653,21,07/01/2020,06/30/2023
SAMPLE HOSPITAL 2568,102567,WA,READM-30-COPD-HRRP,69,,1.0395,0.1915,0.1842,13,07/01/2020,06/30/2023
SAMPLE HOSPITAL 2569,102568,NM,READM-30-HF-HRRP,41,,1.1279,0.2274,0.2016,9,07/01/2020,06/30/2023
SAMPLE HOSPITAL 2569,102568,NM,READM-30-PN-HRRP,153,,0.9794,0.1756,0.1793,27,07/01/2020,06/30/2023
SAMPLE HOSPITAL 2569,102568,NM,READM-30-COPD-HRRP,62,,0.8711,0.1631,0.1872,10,07/01/2020,06/30/2023
SAMPLE HOSPITAL 2570,102569,CT,READM-30-PN-HRRP,217,,1.0772,0.168,0.156,36,07/01/2020,06/30/2023
SAMPLE HOSPITAL 2570,102569,CT,READM-30-AMI-HRRP,490,,1.097,0.2783,0.2537,136,07/01/2020,06/30/2023
SAMPLE HOSPITAL 2570,102569,CT,READM-30-COPD-HRRP,86,,0.9118,0.234,0.2566,20,07/01/2020,06/30/2023
SAMPLE HOSPITAL 2570,102569,CT,READM-30-CABG-HRRP,197,,1.03,0.1582,0.1536,31,07/01/2020,06/30/2023
SAMPLE HOSPITAL 2570,102569,CT,READM-30-HIP-KNEE-HRRP,80,,0.9927,0.1777,0.179,14,07/01/2020,06/30/2023
SAMPLE HOSPITAL 2571,102570,GA,READM-30-CABG-HRRP,79,,1.0282,0.1398,0.136,11,07/01/2020,06/30/2023
SAMPLE HOSPITAL 2571,102570,GA,READM-30-HIP-KNEE-HRRP,179,,1.0168,0.2586,0.2543,46,07/01/2020,06/30/2023
SAMPLE HOSPITAL 2571,102570,GA,READM-30-HF-HRRP,Too Few to Report,1,Too Few to Report,,,,07/01/2020,06/30/2023
SAMPLE HOSPITAL 2572,102571,PA,READM-30-PN-HRRP,448,,1.0123,0.1445,0.1427,65,07/01/2020,06/30/2023
SAMPLE HOSPITAL 2572,102571,PA,READM-30-COPD-HRRP,617,,1.0924,0.1627,0.1489,100,07/01/2020,06/30/2023
SAMPLE HOSPITAL 2572,102571,PA,READM-30-AMI-HRRP,198,,1.0753,0.2541,0.2363,50,07/01/2020,06/30/2023
SAMPLE HOSPITAL 2572,102571,PA,READM-30-HF-HRRP,82,,0.9324,0.2279,0.2444,19,07/01/2020,06/30/2023
SAMPLE HOSPITAL 2572,102571,PA,READM-30-HIP-KNEE-HRRP,146,,1.0959,0.2654,0.2422,39,07/01/2020,06/30/2023
SAMPLE HOSPITAL 2573,102572,TN,READM-30-CABG-HRRP,241,,0.8754,0.1156,0.132,28,07/01/2020,06/30/2023
SAMPLE HOSPITAL 2573,102572,TN,READM-30-PN-HRRP,549,,0.9745,0.2388,0.245,131,07/01/2020,06/30/2023
SAMPLE HOSPITAL 2573,102572,TN,READM-30-AMI-HRRP,105,,1.006,0.1492,0.1483,16,07/01/2020,06/30/2023
SAMPLE HOSPITAL 2573,102572,TN,READM-30-HIP-KNEE-HRRP,243,,1.0277,0.1291,0.1256,31,07/01/2020,06/30/2023
SAMPLE HOSPITAL 2573,102572,TN,READM-30-HF-HRRP,61,,0.8883,0.2061,0.232,13,07/01/2020,06/30/2023
SAMPLE HOSPITAL 2573,102572,TN,READM-30-COPD-HRRP,308,,1.093,0.2576,0.2357,79,07/01/2020,06/30/2023
SAMPLE HOSPITAL 2574,102573,NH,READM-30-HF-HRRP,394,,1.0087,0.252,0.2498,99,07/01/2020,06/30/2023
SAMPLE HOSPITAL 2574,102573,NH,READM-30-CABG-HRRP,369,,1.0474,0.2636,0.2517,97,07/01/2020,06/30/2023
SAMPLE HOSPITAL 2574,102573,NH,READM-30-COPD-HRRP,729,,0.9707,0.1311,0.1351,96,07/01/2020,06/30/2023
SAMPLE HOSPITAL 2574,102573,NH,READM-30-PN-HRRP,151,,1.0192,0.1868,0.1833,28,07/01/2020,06/30/2023
SAMPLE HOSPITAL 2575,102574,CA,READM-30-COPD-HRRP,88,,1.0203,0.2516,0.2466,22,07/01/2020,06/30/2023
SAMPLE HOSPITAL 2575,102574,CA,READM-30-AMI-HRRP,165,,0.9868,0.1321,0.1339,22,07/01/2020,06/30/2023
SAMPLE HOSPITAL 2575,102574,CA,READM-30-PN-HRRP,424,,1.0039,0.2412,0.2403,102,07/01/2020,06/30/2023
SAMPLE HOSPITAL 2575,102574,CA,READM-30-HIP-KNEE-HRRP,253,,0.9908,0.1355,0.1368,34,07/01/2020,06/30/2023
SAMPLE HOSPITAL 2575,102574,CA,READM-30-CABG-HRRP,231,,0.9548,0.1338,0.1401,31,07/01/2020,06/30/2023
SAMPLE HOSPITAL 2576,102575,ME,READM-30-HF-HRRP,63,,1.0227,0.1798,0.1758,11,07/01/2020,06/30/2023
SAMPLE HOSPITAL 2576,102575,ME,READM-30-PN-HRRP,61,,1.0601,0.1932,0.1822,12,07/01/2020,06/30/2023
SAMPLE HOSPITAL 2576,102575,ME,READM-30-AMI-HRRP,865,,1.1146,0.2668,0.2394,231,07/01/2020,06/30/2023
SAMPLE HOSPITAL 2577,102576,KY,READM-30-COPD-HRRP,411,,1.0257,0.1884,0.1837,77,07/01/2020,06/30/2023
SAMPLE HOSPITAL 2577,102576,KY,READM-30-AMI-HRRP,224,,1.1038,0.2412,0.2185,54,07/01/2020,06/30/2023
SAMPLE HOSPITAL 2577,102576,KY,READM-30-HF-HRRP,101,,1.0656,0.1825,0.1713,18,07/01/2020,06/30/2023
SAMPLE HOSPITAL 2577,102576,KY,READM-30-PN-HRRP,483,,0.9503,0.1372,0.1444,66,07/01/2020,06/30/2023
SAMPLE HOSPITAL 2577,102576,KY,READM-30-HIP-KNEE-HRRP,139,,0.9605,0.1989,0.2071,28,07/01/2020,06/30/2023
SAMPLE HOSPITAL 2578,102577,VA,READM-30-HIP-KNEE-HRRP,46,,1.128,0.2435,0.2159,11,07/01/2020,06/30/2023
SAMPLE HOSPITAL 2578,102577,VA,READM-30-CABG-HRRP,429,,1.0779,0.2752,0.2553,118,07/01/2020,06/30/2023
SAMPLE HOSPITAL 2578,102577,VA,READM-30-HF-HRRP,750,,1.0687,0.1629,0.1524,122,07/01/2020,06/30/2023
SAMPLE HOSPITAL 2578,102577,VA,READM-30-PN-HRRP,53,,0.9494,0.2127,0.224,11,07/01/2020,06/30/2023
SAMPLE HOSPITAL 2578,102577,VA,READM-30-COPD-HRRP,173,,0.9687,0.2146,0.2215,37,07/01/2020,06/30/2023
SAMPLE HOSPITAL 2579,102578,CO,READM-30-HIP-KNEE-HRRP,285,,1.0313,0.1963,0.1903,56,07/01/2020,06/30/2023
SAMPLE HOSPITAL 2579,102578,CO,READM-30-PN-HRRP,270,,0.9696,0.1913,0.1973,52,07/01/2020,06/30/2023
SAMPLE HOSPITAL 2579,102578,CO,READM-30-COPD-HRRP,446,,1.1139,0.2174,0.1952,97,07/01/2020,06/30/2023
SAMPLE HOSPITAL 2580,102579,ND,READM-30-HIP-KNEE-HRRP,188,,1.0618,0.1505,0.1417,28,07/01/2020,06/30/2023
SAMPLE HOSPITAL 2580,102579,ND,READM-30-CABG-HRRP,74,,1.0332,0.2136,0.2067,16,07/01/2020,06/30/2023
SAMPLE HOSPITAL 2580,102579,ND,READM-30-PN-HRRP,324,,1.0316,0.2569,0.249,83,07/01/2020,06/30/2023
SAMPLE HOSPITAL 2581,102580,KY,READM-30-AMI-HRRP,368,,1.0149,0.2236,0.2203,82,07/01/2020,06/30/2023
SAMPLE HOSPITAL 2581,102580,KY,READM-30-CABG-HRRP,298,,1.0352,0.2352,0.2272,70,07/01/2020,06/30/2023
SAMPLE HOSPITAL 2581,102580,KY,READM-30-HF-HRRP,728,,1.0566,0.2337,0.2212,170,07/01/2020,06/30/2023
SAMPLE HOSPITAL 2582,102581,MS,READM-30-PN-HRRP,153,,1.0159,0.2548,0.2508,39,07/01/2020,06/30/2023
SAMPLE HOSPITAL 2582,102581,MS,READM-30-HIP-KNEE-HRRP,128,,1.0387,0.1798,0.1731,23,07/01/2020,06/30/2023
SAMPLE HOSPITAL 2582,102581,MS,READM-30-CABG-HRRP,1358,,1.0659,0.2743,0.2573,372,07/01/2020,06/30/2023
SAMPLE HOSPITAL 2582,102581,MS,READM-30-HF-HRRP,217,,1.0474,0.1866,0.1782,40,07/01/2020,06/30/2023
SAMPLE HOSPITAL 2582,102581,MS,READM-30-COPD-HRRP,203,,1.0886,0.2213,0.2033,45,07/01/2020,06/30/2023
SAMPLE HOSPITAL 2583,102582,AK,READM-30-AMI-HRRP,147,,0.9608,0.1388,0.1445,20,07/01/2020,06/30/2023
SAMPLE HOSPITAL 2583,102582,AK,READM-30-COPD-HRRP,598,,1.0752,0.1425,0.1325,85,07/01/2020,06/30/2023
SAMPLE HOSPITAL 2583,102582,AK,READM-30-PN-HRRP,209,,0.8609,0.1521,0.1767,32,07/01/2020,06/30/2023
SAMPLE HOSPITAL 2583,102582,AK,READM-30-HF-HRRP,295,,0.8948,0.17,0.19,50,07/01/2020,06/30/2023
SAMPLE HOSPITAL 2583,102582,AK,READM-30-HIP-KNEE-HRRP,257,,0.9939,0.14,0.1409,36,07/01/2020,06/30/2023
SAMPLE HOSPITAL 2584,102583,SC,READM-30-AMI-HRRP,119,,0.9458,0.1877,0.1985,22,07/01/2020,06/30/2023
SAMPLE HOSPITAL 2584,102583,SC,READM-30-CABG-HRRP,417,,1.0838,0.2786,0.2571,116,07/01/2020,06/30/2023
SAMPLE HOSPITAL 2584,102583,SC,READM-30-COPD-HRRP,131,,0.9151,0.1305,0.1426,17,07/01/2020,06/30/2023
SAMPLE HOSPITAL 2585,102584,OR,READM-30-COPD-HRRP,184,,0.855,0.2006,0.2346,37,07/01/2020,06/30/2023
SAMPLE HOSPITAL 2585,102584,OR,READM-30-HIP-KNEE-HRRP,297,,0.9581,0.2123,0.2216,63,07/01/2020,06/30/2023
SAMPLE HOSPITAL 2585,102584,OR,READM-30-CABG-HRRP,70,,0.8863,0.1402,0.1582,10,07/01/2020,06/30/2023
SAMPLE HOSPITAL 2586,102585,NE,READM-30-HIP-KNEE-HRRP,143,,1.0442,0.1888,0.1808,27,07/01/2020,06/30/2023
SAMPLE HOSPITAL 2586,102585,NE,READM-30-COPD-HRRP,222,,0.9889,0.1276,0.129,28,07/01/2020,06/30/2023
SAMPLE HOSPITAL 2586,102585,NE,READM-30-AMI-HRRP,172,,0.9864,0.2431,0.2465,42,07/01/2020,06/30/2023
SAMPLE HOSPITAL 2586,102585,NE,READM-30-CABG-HRRP,294,,1.023,0.1389,0.1358,41,07/01/2020,06/30/2023
SAMPLE HOSPITAL 2586,102585,NE,READM-30-PN-HRRP,120,,0.9232,0.1627,0.1762,20,07/01/2020,06/30/2023
SAMPLE HOSPITAL 2586,102585,NE,READM-30-HF-HRRP,383,,1.125,0.2257,0.2006,86,07/01/2020,06/30/2023
SAMPLE HOSPITAL 2587,102586,NM,READM-30-AMI-HRRP,2236,,0.9413,0.1911,0.203,427,07/01/2020,06/30/2023
SAMPLE HOSPITAL 2587,102586,NM,READM-30-PN-HRRP,163,,0.9574,0.1911,0.1996,31,07/01/2020,06/30/2023
SAMPLE HOSPITAL 2587,102586,NM,READM-30-HIP-KNEE-HRRP,219,,0.9917,0.2433,0.2453,53,07/01/2020,06/30/2023
SAMPLE HOSPITAL 2587,102586,NM,READM-30-HF-HRRP,170,,0.9782,0.2315,0.2367,39,07/01/2020,06/30/2023
SAMPLE HOSPITAL 2587,102586,NM,READM-30-CABG-HRRP,Too Few to Report,1,Too Few to Report,,,,07/01/2020,06/30/2023
SAMPLE HOSPITAL 2588,102587,WA,READM-30-CABG-HRRP,513,,0.9519,0.1937,0.2035,99,07/01/2020,06/30/2023
SAMPLE HOSPITAL 2588,102587,WA,READM-30-PN-HRRP,809,,1.0378,0.1349,0.13,109,07/01/2020,06/30/2023
SAMPLE HOSPITAL 2588,102587,WA,READM-30-HF-HRRP,504,,0.9569,0.1886,0.1971,95,07/01/2020,06/30/2023
SAMPLE HOSPITAL 2589,102588,LA,READM-30-PN-HRRP,297,,0.9729,0.1719,0.1767,51,07/01/2020,06/30/2023
SAMPLE HOSPITAL 2589,102588,LA,READM-30-HIP-KNEE-HRRP,590,,1.0901,0.1539,0.1412,91,07/01/2020,06/30/2023
SAMPLE HOSPITAL 2589,102588,LA,READM-30-AMI-HRRP,60,,0.9715,0.1779,0.1831,11,07/01/2020,06/30/2023
SAMPLE HOSPITAL 2590,102589,NJ,READM-30-CABG-HRRP,309,,1.0335,0.2618,0.2533,81,07/01/2020,06/30/2023
SAMPLE HOSPITAL 2590,102589,NJ,READM-30-HF-HRRP,580,,1.0091,0.1259,0.1248,73,07/01/2020,06/30/2023
SAMPLE HOSPITAL 2590,102589,NJ,READM-30-COPD-HRRP,107,,1.0351,0.2112,0.204,23,07/01/2020,06/30/2023
SAMPLE HOSPITAL 2591,102590,WA,READM-30-HF-HRRP,389,,1.0705,0.147,0.1373,57,07/01/2020,06/30/2023
SAMPLE HOSPITAL 2591,102590,WA,READM-30-HIP-KNEE-HRRP,381,,1.0823,0.1398,0.1292,53,07/01/2020,06/30/2023
SAMPLE HOSPITAL 2591,102590,WA,READM-30-CABG-HRRP,329,,1.1237,0.2136,0.1901,70,07/01/2020,06/30/2023
SAMPLE HOSPITAL 2591,102590,WA,READM-30-AMI-HRRP,263,,0.9452,0.1223,0.1294,32,07/01/2020,06/30/2023
SAMPLE HOSPITAL 2591,102590,WA,READM-30-PN-HRRP,94,,1.123,0.1651,0.147,16,07/01/2020,06/30/2023
SAMPLE HOSPITAL 2592,102591,NC,READM-30-COPD-HRRP,217,,1.1107,0.2335,0.2102,51,07/01/2020,06/30/2023
SAMPLE HOSPITAL 2592,102591,NC,READM-30-AMI-HRRP,115,,1.0591,0.2713,0.2562,31,07/01/2020,06/30/2023
SAMPLE HOSPITAL 2592,102591,NC,READM-30-HF-HRRP,85,,0.8774,0.2114,0.2409,18,07/01/2020,06/30/2023
SAMPLE HOSPITAL 2592,102591,NC,READM-30-CABG-HRRP,240,,1.0564,0.1918,0.1816,46,07/01/2020,06/30/2023
SAMPLE HOSPITAL 2592,102591,NC,READM-30-HIP-KNEE-HRRP,662,,1.0649,0.1869,0.1755,124,07/01/2020,06/30/2023
SAMPLE HOSPITAL 2592,102591,NC,READM-30-PN-HRRP,754,,1.1101,0.2705,0.2437,204,07/01/2020,06/30/2023
SAMPLE HOSPITAL 2593,102592,MI,READM-30-PN-HRRP,160,,1.0521,0.2066,0.1964,33,07/01/2020,06/30/2023
SAMPLE HOSPITAL 2593,102592,MI,READM-30-HF-HRRP,217,,0.9619,0.1939,0.2016,42,07/01/2020,06/30/2023
SAMPLE HOSPITAL 2593,102592,MI,READM-30-COPD-HRRP,230,,1.0044,0.201,0.2001,46,07/01/2020,06/30/2023
SAMPLE HOSPITAL 2593,102592,MI,READM-30-CABG-HRRP,413,,0.9556,0.2297,0.2404,95,07/01/2020,06/30/2023
SAMPLE HOSPITAL 2593,102592,MI,READM-30-HIP-KNEE-HRRP,96,,1.1031,0.1379,0.125,13,07/01/2020,06/30/2023
SAMPLE HOSPITAL 2593,102592,MI,READM-30-AMI-HRRP,48,,0.9606,0.2414,0.2513,12,07/01/2020,06/30/2023
SAMPLE HOSPITAL 2594,102593,SC,READM-30-HF-HRRP,169,,0.9806,0.1576,0.1607,27,07/01/2020,06/30/2023
SAMPLE HOSPITAL 2594,102593,SC,READM-30-AMI-HRRP,326,,1.0916,0.2803,0.2568,91,07/01/2020,06/30/2023
SAMPLE HOSPITAL 2594,102593,SC,READM-30-HIP-KNEE-HRRP,252,,0.9972,0.2082,0.2088,52,07/01/2020,06/30/2023
SAMPLE HOSPITAL 2594,102593,SC,READM-30-CABG-HRRP,121,,0.9527,0.1604,0.1684,19,07/01/2020,06/30/2023
SAMPLE HOSPITAL 2595,102594,OR,READM-30-COPD-HRRP,208,,1.0662,0.1601,0.1502,33,07/01/2020,06/30/2023
SAMPLE HOSPITAL 2595,102594,OR,READM-30-HIP-KNEE-HRRP,306,,1.0063,0.1578,0.1568,48,07/01/2020,06/30/2023
SAMPLE HOSPITAL 2595,102594,OR,READM-30-AMI-HRRP,305,,1.0025,0.2424,0.2418,74,07/01/2020,06/30/2023
SAMPLE HOSPITAL 2596,102595,OR,READM-30-PN-HRRP,862,,1.1035,0.2612,0.2367,225,07/01/2020,06/30/2023
SAMPLE HOSPITAL 2596,102595,OR,READM-30-COPD-HRRP,74,,1.0277,0.1653,0.1608,12,07/01/2020,06/30/2023
SAMPLE HOSPITAL 2596,102595,OR,READM-30-HIP-KNEE-HRRP,329,,1.0463,0.2002,0.1913,66,07/01/2020,06/30/2023
SAMPLE HOSPITAL 2596,102595,OR,READM-30-CABG-HRRP,326,,0.9277,0.1321,0.1424,43,07/01/2020,06/30/2023
SAMPLE HOSPITAL 2596,102595,OR,READM-30-HF-HRRP,113,,0.9388,0.1388,0.1478,16,07/01/2020,06/30/2023
SAMPLE HOSPITAL 2596,102595,OR,READM-30-AMI-HRRP,273,,0.9615,0.2408,0.2504,66,07/01/2020,06/30/2023
SAMPLE HOSPITAL 2597,102596,OH,READM-30-CABG-HRRP,126,,0.9959,0.196,0.1968,25,07/01/2020,06/30/2023
SAMPLE HOSPITAL 2597,102596,OH,READM-30-COPD-HRRP,66,,0.9104,0.1958,0.2151,13,07/01/2020,06/30/2023
SAMPLE HOSPITAL 2597,102596,OH,READM-30-AMI-HRRP,247,,1.0265,0.146,0.1422,36,07/01/2020,06/30/2023
SAMPLE HOSPITAL 2597,102596,OH,READM-30-HIP-KNEE-HRRP,164,,1.0026,0.1336,0.1333,22,07/01/2020,06/30/2023
SAMPLE HOSPITAL 2597,102596,OH,READM-30-PN-HRRP,100,,1.0008,0.1916,0.1914,19,07/01/2020,06/30/2023
SAMPLE HOSPITAL 2598,102597,RI,READM-30-AMI-HRRP,285,,1.0445,0.13,0.1245,37,07/01/2020,06/30/2023
SAMPLE HOSPITAL 2598,102597,RI,READM-30-CABG-HRRP,344,,1.0379,0.1711,0.1649,59,07/01/2020,06/30/2023
SAMPLE HOSPITAL 2598,102597,RI,READM-30-HF-HRRP,1133,,0.9374,0.1386,0.1479,157,07/01/2020,06/30/2023
SAMPLE HOSPITAL 2599,102598,MD,READM-30-PN-HRRP,764,,0.9277,0.1349,0.1454,103,07/01/2020,06/30/2023
SAMPLE HOSPITAL 2599,102598,MD,READM-30-CABG-HRRP,142,,1.0059,0.1916,0.1905,27,07/01/2020,06/30/2023
SAMPLE HOSPITAL 2599,102598,MD,READM-30-HIP-KNEE-HRRP,81,,1.0067,0.1313,0.1304,11,07/01/2020,06/30/2023
SAMPLE HOSPITAL 2599,102598,MD,READM-30-AMI-HRRP,192,,1.04,0.1835,0.1764,35,07/01/2020,06/30/2023
SAMPLE HOSPITAL 2599,102598,MD,READM-30-COPD-HRRP,308,,0.9482,0.1753,0.1849,54,07/01/2020,06/30/2023
SAMPLE HOSPITAL 2600,102599,VT,READM-30-COPD-HRRP,41,,0.8443,0.189,0.2239,8,07/01/2020,06/30/2023
SAMPLE HOSPITAL 2600,102599,VT,READM-30-HF-HRRP,202,,0.9376,0.1259,0.1343,25,07/01/2020,06/30/2023
SAMPLE HOSPITAL 2600,102599,VT,READM-30-AMI-HRRP,81,,1.0112,0.2396,0.2369,19,07/01/2020,06/30/2023
SAMPLE HOSPITAL 2600,102599,VT,READM-30-HIP-KNEE-HRRP,203,,1.0691,0.1933,0.1808,39,07/01/2020,06/30/2023
SAMPLE HOSPITAL 2600,102599,VT,READM-30-CABG-HRRP,748,,1.0532,0.1319,0.1252,99,07/01/2020,06/30/2023
SAMPLE HOSPITAL 2601,102600,NM,READM-30-HIP-KNEE-HRRP,50,,1.0048,0.2562,0.255,13,07/01/2020,06/30/2023
SAMPLE HOSPITAL 2601,102600,NM,READM-30-PN-HRRP,92,,1.0028,0.1421,0.1417,13,07/01/2020,06/30/2023
SAMPLE HOSPITAL 2601,102600,NM,READM-30-HF-HRRP,55,,0.9433,0.2189,0.2321,12,07/01/2020,06/30/2023
SAMPLE HOSPITAL 2601,102600,NM,READM-30-COPD-HRRP,234,,1.0635,0.2388,0.2245,56,07/01/2020,06/30/2023
SAMPLE HOSPITAL 2601,102600,NM,READM-30-CABG-HRRP,206,,0.9915,0.2473,0.2494,51,07/01/2020,06/30/2023
SAMPLE HOSPITAL 2602,102601,ND,READM-30-COPD-HRRP,183,,1.0289,0.2475,0.2405,45,07/01/2020,06/30/2023
SAMPLE HOSPITAL 2602,102601,ND,READM-30-PN-HRRP,29,,1.1223,0.2745,0.2446,8,07/01/2020,06/30/2023
SAMPLE HOSPITAL 2602,102601,ND,READM-30-CABG-HRRP,103,,1.0962,0.1642,0.1498,17,07/01/2020,06/30/2023
SAMPLE HOSPITAL 2602,102601,ND,READM-30-HIP-KNEE-HRRP,98,,0.8636,0.1377,0.1595,13,07/01/2020,06/30/2023
SAMPLE HOSPITAL 2602,102601,ND,READM-30-AMI-HRRP,79,,1.0212,0.1322,0.1295,10,07/01/2020,06/30/2023
SAMPLE HOSPITAL 2602,102601,ND,READM-30-HF-HRRP,816,,1.038,0.1451,0.1398,118,07/01/2020,06/30/2023
SAMPLE HOSPITAL 2603,102602,HI,READM-30-PN-HRRP,44,,1.0314,0.2512,0.2436,11,07/01/2020,06/30/2023
SAMPLE HOSPITAL 2603,102602,HI,READM-30-CABG-HRRP,305,,1.1186,0.2649,0.2368,81,07/01/2020,06/30/2023
SAMPLE HOSPITAL 2603,102602,HI,READM-30-HIP-KNEE-HRRP,177,,0.9731,0.2239,0.2301,40,07/01/2020,06/30/2023
SAMPLE HOSPITAL 2603,102602,HI,READM-30-HF-HRRP,76,,1.0944,0.197,0.18,15,07/01/2020,06/30/2023
SAMPLE HOSPITAL 2603,102602,HI,READM-30-COPD-HRRP,86,,1.1367,0.258,0.227,22,07/01/2020,06/30/2023
SAMPLE HOSPITAL 2604,102603,ME,READM-30-HF-HRRP,119,,1.0533,0.1652,0.1568,20,07/01/2020,06/30/2023
SAMPLE HOSPITAL 2604,102603,ME,READM-30-COPD-HRRP,198,,0.9654,0.1946,0.2016,39,07/01/2020,06/30/2023
SAMPLE HOSPITAL 2604,102603,ME,READM-30-CABG-HRRP,286,,1.0622,0.1415,0.1332,40,07/01/2020,06/30/2023
SAMPLE HOSPITAL 2604,102603,ME,READM-30-HIP-KNEE-HRRP,104,,1.0498,0.2623,0.2499,27,07/01/2020,06/30/2023
SAMPLE HOSPITAL 2604,102603,ME,READM-30-AMI-HRRP,125,,1.0548,0.2605,0.247,33,07/01/2020,06/30/2023
SAMPLE HOSPITAL 2605,102604,IA,READM-30-AMI-HRRP,1053,,1.0372,0.164,0.1581,173,07/01/2020,06/30/2023
SAMPLE HOSPITAL 2605,102604,IA,READM-30-HIP-KNEE-HRRP,200,,1.047,0.2695,0.2574,54,07/01/2020,06/30/2023
SAMPLE HOSPITAL 2605,102604,IA,READM-30-COPD-HRRP,59,,1.0276,0.2296,0.2234,14,07/01/2020,06/30/2023
SAMPLE HOSPITAL 2605,102604,IA,READM-30-HF-HRRP,67,,0.9975,0.1738,0.1742,12,07/01/2020,06/30/2023
SAMPLE HOSPITAL 2605,102604,IA,READM-30-PN-HRRP,1349,,0.9745,0.2007,0.206,271,07/01/2020,06/30/2023
SAMPLE HOSPITAL 2605,102604,IA,READM-30-CABG-HRRP,49,,1.0822,0.1461,0.135,7,07/01/2020,06/30/2023
SAMPLE HOSPITAL 2606,102605,RI,READM-30-HF-HRRP,182,,1.0332,0.1843,0.1784,34,07/01/2020,06/30/2023
SAMPLE HOSPITAL 2606,102605,RI,READM-30-HIP-KNEE-HRRP,178,,0.9096,0.1246,0.137,22,07/01/2020,06/30/2023
SAMPLE HOSPITAL 2606,102605,RI,READM-30-CABG-HRRP,351,,0.9971,0.2528,0.2535,89,07/01/2020,06/30/2023
SAMPLE HOSPITAL 2606,102605,RI,READM-30-PN-HRRP,110,,1.0084,0.2404,0.2384,26,07/01/2020,06/30/2023
SAMPLE HOSPITAL 2606,102605,RI,READM-30-AMI-HRRP,70,,0.9268,0.2251,0.2429,16,07/01/2020,06/30/2023
SAMPLE HOSPITAL 2607,102606,UT,READM-30-COPD-HRRP,181,,0.9371,0.1679,0.1792,30,07/01/2020,06/30/2023
SAMPLE HOSPITAL 2607,102606,UT,READM-30-AMI-HRRP,243,,1.0409,0.2399,0.2305,58,07/01/2020,06/30/2023
SAMPLE HOSPITAL 2607,102606,UT,READM-30-CABG-HRRP,488,,0.9424,0.1958,0.2078,96,07/01/2020,06/30/2023
SAMPLE HOSPITAL 2607,102606,UT,READM-30-PN-HRRP,Too Few to Report,1,Too Few to Report,,,,07/01/2020,06/30/2023
SAMPLE HOSPITAL 2608,102607,MI,READM-30-HIP-KNEE-HRRP,285,,1.0278,0.237,0.2306,68,07/01/2020,06/30/2023
SAMPLE HOSPITAL 2608,102607,MI,READM-30-PN-HRRP,191,,0.9914,0.1478,0.1491,28,07/01/2020,06/30/2023
SAMPLE HOSPITAL 2608,102607,MI,READM-30-AMI-HRRP,88,,1.0394,0.2034,0.1957,18,07/01/2020,06/30/2023
SAMPLE HOSPITAL 2609,102608,SC,READM-30-AMI-HRRP,275,,1.0019,0.1866,0.1862,51,07/01/2020,06/30/2023
SAMPLE HOSPITAL 2609,102608,SC,READM-30-HIP-KNEE-HRRP,276,,0.9433,0.1343,0.1424,37,07/01/2020,06/30/2023
SAMPLE HOSPITAL 2609,102608,SC,READM-30-CABG-HRRP,87,,1.0491,0.2227,0.2123,19,07/01/2020,06/30/2023
SAMPLE HOSPITAL 2609,102608,SC,READM-30-HF-HRRP,123,,1.0595,0.2643,0.2495,33,07/01/2020,06/30/2023
SAMPLE HOSPITAL 2609,102608,SC,READM-30-COPD-HRRP,320,,1.0497,0.2451,0.2335,78,07/01/2020,06/30/2023
SAMPLE HOSPITAL 2609,102608,SC,READM-30-PN-HRRP,667,,1.0188,0.1867,0.1833,125,07/01/2020,06/30/2023
SAMPLE HOSPITAL 2610,102609,SC,READM-30-PN-HRRP,331,,1.0061,0.1505,0.1496,50,07/01/2020,06/30/2023
SAMPLE HOSPITAL 2610,102609,SC,READM-30-CABG-HRRP,122,,1.0653,0.1325,0.1244,16,07/01/2020,06/30/2023
SAMPLE HOSPITAL 2610,102609,SC,READM-30-HIP-KNEE-HRRP,86,,1.0548,0.2594,0.2459,22,07/01/2020,06/30/2023
SAMPLE HOSPITAL 2610,102609,SC,READM-30-AMI-HRRP,542,,0.9508,0.216,0.2272,117,07/01/2020,06/30/2023
SAMPLE HOSPITAL 2611,102610,HI,READM-30-COPD-HRRP,610,,0.9791,0.1805,0.1844,110,07/01/2020,06/30/2023
SAMPLE HOSPITAL 2611,102610,HI,READM-30-PN-HRRP,63,,1.0001,0.19,0.19,12,07/01/2020,06/30/2023
SAMPLE HOSPITAL 2611,102610,HI,READM-30-AMI-HRRP,69,,0.9235,0.1659,0.1796,11,07/01/2020,06/30/2023
SAMPLE HOSPITAL 2611,102610,HI,READM-30-HF-HRRP,476,,0.9845,0.24,0.2438,114,07/01/2020,06/30/2023
SAMPLE HOSPITAL 2611,102610,HI,READM-30-HIP-KNEE-HRRP,127,,1.0414,0.126,0.121,16,07/01/2020,06/30/2023
SAMPLE HOSPITAL 2612,102611,OR,READM-30-HIP-KNEE-HRRP,238,,0.9555,0.1299,0.136,31,07/01/2020,06/30/2023
SAMPLE HOSPITAL 2612,102611,OR,READM-30-HF-HRRP,563,,0.985,0.2281,0.2316,128,07/01/2020,06/30/2023
SAMPLE HOSPITAL 2612,102611,OR,READM-30-PN-HRRP,189,,1.0284,0.215,0.2091,41,07/01/2020,06/30/2023
SAMPLE HOSPITAL 2613,102612,MD,READM-30-HF-HRRP,169,,0.9873,0.1388,0.1406,23,07/01/2020,06/30/2023
SAMPLE HOSPITAL 2613,102612,MD,READM-30-AMI-HRRP,161,,1.0388,0.1275,0.1227,21,07/01/2020,06/30/2023
SAMPLE HOSPITAL 2613,102612,MD,READM-30-HIP-KNEE-HRRP,118,,1.0372,0.1442,0.139,17,07/01/2020,06/30/2023
SAMPLE HOSPITAL 2613,102612,MD,READM-30-CABG-HRRP,124,,1.0021,0.1605,0.1602,20,07/01/2020,06/30/2023
SAMPLE HOSPITAL 2613,102612,MD,READM-30-COPD-HRRP,123,,0.9976,0.1325,0.1328,16,07/01/2020,06/30/2023
SAMPLE HOSPITAL 2613,102612,MD,READM-30-PN-HRRP,305,,0.9451,0.1683,0.1781,51,07/01/2020,06/30/2023
SAMPLE HOSPITAL 2614,102613,DE,READM-30-HIP-KNEE-HRRP,150,,0.8945,0.1225,0.137,18,07/01/2020,06/30/2023
SAMPLE HOSPITAL 2614,102613,DE,READM-30-COPD-HRRP,363,,0.9648,0.2505,0.2596,91,07/01/2020,06/30/2023
SAMPLE HOSPITAL 2614,102613,DE,READM-30-CABG-HRRP,130,,1.0198,0.2091,0.205,27,07/01/2020,06/30/2023
SAMPLE HOSPITAL 2615,102614,OR,READM-30-CABG-HRRP,88,,0.9341,0.1194,0.1278,11,07/01/2020,06/30/2023
SAMPLE HOSPITAL 2615,102614,OR,READM-30-PN-HRRP,155,,0.9954,0.2262,0.2272,35,07/01/2020,06/30/2023
SAMPLE HOSPITAL 2615,102614,OR,READM-30-AMI-HRRP,141,,1.0972,0.2415,0.2201,34,07/01/2020,06/30/2023
SAMPLE HOSPITAL 2615,102614,OR,READM-30-HIP-KNEE-HRRP,130,,1.0667,0.2719,0.2549,35,07/01/2020,06/30/2023
SAMPLE HOSPITAL 2615,102614,OR,READM-30-COPD-HRRP,102,,0.9706,0.2323,0.2393,24,07/01/2020,06/30/2023
SAMPLE HOSPITAL 2616,102615,VT,READM-30-AMI-HRRP,173,,0.9614,0.1422,0.1479,25,07/01/2020,06/30/2023
SAMPLE HOSPITAL 2616,102615,VT,READM-30-PN-HRRP,32,,0.9756,0.2512,0.2575,8,07/01/2020,06/30/2023
SAMPLE HOSPITAL 2616,102615,VT,READM-30-HIP-KNEE-HRRP,194,,1.1017,0.2684,0.2436,52,07/01/2020,06/30/2023
SAMPLE HOSPITAL 2616,102615,VT,READM-30-HF-HRRP,143,,0.9831,0.1282,0.1304,18,07/01/2020,06/30/2023
SAMPLE HOSPITAL 2617,102616,AK,READM-30-COPD-HRRP,299,,1.0225,0.2436,0.2382,73,07/01/2020,06/30/2023
SAMPLE HOSPITAL 2617,102616,AK,READM-30-HIP-KNEE-HRRP,156,,1.0616,0.2162,0.2037,34,07/01/2020,06/30/2023
SAMPLE HOSPITAL 2617,102616,AK,READM-30-AMI-HRRP,74,,1.0273,0.2464,0.2399,18,07/01/2020,06/30/2023
SAMPLE HOSPITAL 2617,102616,AK,READM-30-PN-HRRP,66,,0.9387,0.1732,0.1845,11,07/01/2020,06/30/2023
SAMPLE HOSPITAL 2617,102616,AK,READM-30-CABG-HRRP,63,,1.0514,0.2607,0.248,16,07/01/2020,06/30/2023
SAMPLE HOSPITAL 2618,102617,KY,READM-30-CABG-HRRP,182,,0.9833,0.2517,0.256,46,07/01/2020,06/30/2023
SAMPLE HOSPITAL 2618,102617,KY,READM-30-PN-HRRP,928,,1.0129,0.2301,0.2272,214,07/01/2020,06/30/2023
SAMPLE HOSPITAL 2618,102617,KY,READM-30-COPD-HRRP,81,,1.1246,0.1545,0.1374,13,07/01/2020,06/30/2023
SAMPLE HOSPITAL 2618,102617,KY,READM-30-HIP-KNEE-HRRP,60,,1.0374,0.211,0.2034,13,07/01/2020,06/30/2023
SAMPLE HOSPITAL 2619,102618,AR,READM-30-CABG-HRRP,319,,0.9988,0.1689,0.1691,54,07/01/2020,06/30/2023
SAMPLE HOSPITAL 2619,102618,AR,READM-30-COPD-HRRP,1249,,1.0002,0.2599,0.2598,325,07/01/2020,06/30/2023
SAMPLE HOSPITAL 2619,102618,AR,READM-30-PN-HRRP,296,,0.9639,0.2166,0.2247,64,07/01/2020,06/30/2023
SAMPLE HOSPITAL 2619,102618,AR,READM-30-AMI-HRRP,53,,1.0629,0.2617,0.2462,14,07/01/2020,06/30/2023
SAMPLE HOSPITAL 2619,102618,AR,READM-30-HIP-KNEE-HRRP,38,,1.0198,0.162,0.1589,6,07/01/2020,06/30/2023
SAMPLE HOSPITAL 2620,102619,OH,READM-30-HF-HRRP,282,,0.8856,0.1877,0.2119,53,07/01/2020,06/30/2023
SAMPLE HOSPITAL 2620,102619,OH,READM-30-COPD-HRRP,600,,0.9712,0.2368,0.2438,142,07/01/2020,06/30/2023
SAMPLE HOSPITAL 2620,102619,OH,READM-30-HIP-KNEE-HRRP,142,,0.9128,0.1528,0.1674,22,07/01/2020,06/30/2023
SAMPLE HOSPITAL 2620,102619,OH,READM-30-AMI-HRRP,288,,1.0211,0.2125,0.2081,61,07/01/2020,06/30/2023
SAMPLE HOSPITAL 2620,102619,OH,READM-30-PN-HRRP,150,,1.0653,0.1423,0.1336,21,07/01/2020,06/30/2023
SAMPLE HOSPITAL 2620,102619,OH,READM-30-CABG-HRRP,156,,1.0228,0.2096,0.2049,33,07/01/2020,06/30/2023
SAMPLE HOSPITAL 2621,102620,MT,READM-30-HF-HRRP,471,,1.0767,0.1822,0.1692,86,07/01/2020,06/30/2023
SAMPLE HOSPITAL 2621,102620,MT,READM-30-COPD-HRRP,671,,0.9497,0.1977,0.2082,133,07/01/2020,06/30/2023
SAMPLE HOSPITAL 2621,102620,MT,READM-30-CABG-HRRP,505,,1.0505,0.1499,0.1427,76,07/01/2020,06/30/2023
SAMPLE HOSPITAL 2621,102620,MT,READM-30-AMI-HRRP,98,,0.9932,0.2362,0.2378,23,07/01/2020,06/30/2023
SAMPLE HOSPITAL 2622,102621,NY,READM-30-PN-HRRP,185,,0.9714,0.1652,0.1701,31,07/01/2020,06/30/2023
SAMPLE HOSPITAL 2622,102621,NY,READM-30-HF-HRRP,257,,0.9806,0.2061,0.2102,53,07/01/2020,06/30/2023
SAMPLE HOSPITAL 2622,102621,NY,READM-30-HIP-KNEE-HRRP,69,,0.9829,0.176,0.1791,12,07/01/2020,06/30/2023
SAMPLE HOSPITAL 2622,102621,NY,READM-30-CABG-HRRP,86,,1.1029,0.1695,0.1537,15,07/01/2020,06/30/2023
SAMPLE HOSPITAL 2622,102621,NY,READM-30-COPD-HRRP,262,,1.0404,0.1284,0.1234,34,07/01/2020,06/30/2023
SAMPLE HOSPITAL 2623,102622,SC,READM-30-PN-HRRP,205,,1.0034,0.1527,0.1522,31,07/01/2020,06/30/2023
SAMPLE HOSPITAL 2623,102622,SC,READM-30-HIP-KNEE-HRRP,72,,0.9184,0.1714,0.1866,12,07/01/2020,06/30/2023
SAMPLE HOSPITAL 2623,102622,SC,READM-30-AMI-HRRP,571,,1.0506,0.1811,0.1724,103,07/01/2020,06/30/2023
SAMPLE HOSPITAL 2623,102622,SC,READM-30-CABG-HRRP,92,,0.8947,0.1853,0.2071,17,07/01/2020,06/30/2023
SAMPLE HOSPITAL 2623,102622,SC,READM-30-HF-HRRP,237,,0.9592,0.2089,0.2178,50,07/01/2020,06/30/2023
SAMPLE HOSPITAL 2624,102623,NV,READM-30-COPD-HRRP,194,,0.9161,0.2133,0.2328,41,07/01/2020,06/30/2023
SAMPLE HOSPITAL 2624,102623,NV,READM-30-CABG-HRRP,196,,0.939,0.161,0.1715,32,07/01/2020,06/30/2023
SAMPLE HOSPITAL 2624,102623,NV,READM-30-HIP-KNEE-HRRP,315,,1.0077,0.254,0.2521,80,07/01/2020,06/30/2023
SAMPLE HOSPITAL 2624,102623,NV,READM-30-AMI-HRRP,255,,0.9323,0.199,0.2135,51,07/01/2020,06/30/2023
SAMPLE HOSPITAL 2625,102624,FL,READM-30-HIP-KNEE-HRRP,457,,1.0545,0.1601,0.1518,73,07/01/2020,06/30/2023
SAMPLE HOSPITAL 2625,102624,FL,READM-30-COPD-HRRP,498,,0.9252,0.116,0.1254,58,07/01/2020,06/30/2023
SAMPLE HOSPITAL 2625,102624,FL,READM-30-AMI-HRRP,122,,1.0226,0.1689,0.1652,21,07/01/2020,06/30/2023
SAMPLE HOSPITAL 2625,102624,FL,READM-30-HF-HRRP,78,,0.9776,0.2271,0.2323,18,07/01/2020,06/30/2023
SAMPLE HOSPITAL 2625,102624,FL,READM-30-CABG-HRRP,514,,1.1027,0.1354,0.1228,70,07/01/2020,06/30/2023
SAMPLE HOSPITAL 2626,102625,NJ,READM-30-HF-HRRP,106,,0.9343,0.2418,0.2588,26,07/01/2020,06/30/2023
SAMPLE HOSPITAL 2626,102625,NJ,READM-30-AMI-HRRP,518,,0.9881,0.2202,0.2229,114,07/01/2020,06/30/2023
SAMPLE HOSPITAL 2626,102625,NJ,READM-30-COPD-HRRP,73,,0.9571,0.1954,0.2042,14,07/01/2020,06/30/2023
SAMPLE HOSPITAL 2626,102625,NJ,READM-30-PN-HRRP,998,,0.9519,0.1975,0.2075,197,07/01/2020,06/30/2023
SAMPLE HOSPITAL 2626,102625,NJ,READM-30-CABG-HRRP,1028,,0.9846,0.2291,0.2327,236,07/01/2020,06/30/2023
SAMPLE HOSPITAL 2627,102626,RI,READM-30-HF-HRRP,227,,1.0444,0.1565,0.1498,36,07/01/2020,06/30/2023
SAMPLE HOSPITAL 2627,102626,RI,READM-30-COPD-HRRP,59,,0.9265,0.2136,0.2305,13,07/01/2020,06/30/2023
SAMPLE HOSPITAL 2627,102626,RI,READM-30-PN-HRRP,158,,0.993,0.1515,0.1526,24,07/01/2020,06/30/2023
SAMPLE HOSPITAL 2628,102627,WV,READM-30-PN-HRRP,275,,0.9701,0.1245,0.1283,34,07/01/2020,06/30/2023
SAMPLE HOSPITAL 2628,102627,WV,READM-30-CABG-HRRP,146,,1.0845,0.2138,0.1971,31,07/01/2020,06/30/2023
SAMPLE HOSPITAL 2628,102627,WV,READM-30-AMI-HRRP,61,,1.0519,0.2427,0.2307,15,07/01/2020,06/30/2023
SAMPLE HOSPITAL 2628,102627,WV,READM-30-COPD-HRRP,106,,0.9519,0.2068,0.2173,22,07/01/2020,06/30/2023
SAMPLE HOSPITAL 2628,102627,WV,READM-30-HF-HRRP,64,,0.9605,0.1262,0.1314,8,07/01/2020,06/30/2023
SAMPLE HOSPITAL 2629,102628,OH,READM-30-HIP-KNEE-HRRP,488,,1.057,0.1283,0.1214,63,07/01/2020,06/30/2023
SAMPLE HOSPITAL 2629,102628,OH,READM-30-PN-HRRP,161,,1.0119,0.173,0.171,28,07/01/2020,06/30/2023
SAMPLE HOSPITAL 2629,102628,OH,READM-30-AMI-HRRP,509,,1.0167,0.213,0.2095,108,07/01/2020,06/30/2023
SAMPLE HOSPITAL 2629,102628,OH,READM-30-COPD-HRRP,172,,1.019,0.1631,0.1601,28,07/01/2020,06/30/2023
SAMPLE HOSPITAL 2629,102628,OH,READM-30-HF-HRRP,185,,0.9864,0.2208,0.2238,41,07/01/2020,06/30/2023
SAMPLE HOSPITAL 2629,102628,OH,READM-30-CABG-HRRP,410,,0.9592,0.1627,0.1696,67,07/01/2020,06/30/2023
SAMPLE HOSPITAL 2630,102629,NE,READM-30-HIP-KNEE-HRRP,93,,1.0338,0.2,0.1935,19,07/01/2020,06/30/2023
SAMPLE HOSPITAL 2630,102629,NE,READM-30-AMI-HRRP,771,,1.1247,0.22,0.1956,170,07/01/2020,06/30/2023
SAMPLE HOSPITAL 2630,102629,NE,READM-30-PN-HRRP,49,,1.0996,0.1525,0.1387,7,07/01/2020,06/30/2023
SAMPLE HOSPITAL 2631,102630,MI,READM-30-CABG-HRRP,417,,0.912,0.1281,0.1405,53,07/01/2020,06/30/2023
SAMPLE HOSPITAL 2631,102630,MI,READM-30-AMI-HRRP,201,,1.0153,0.1685,0.166,34,07/01/2020,06/30/2023
SAMPLE HOSPITAL 2631,102630,MI,READM-30-PN-HRRP,158,,1.0316,0.1759,0.1705,28,07/01/2020,06/30/2023
SAMPLE HOSPITAL 2631,102630,MI,READM-30-HF-HRRP,609,,0.9652,0.2165,0.2243,132,07/01/2020,06/30/2023
SAMPLE HOSPITAL 2631,102630,MI,READM-30-COPD-HRRP,743,,1.023,0.1866,0.1824,139,07/01/2020,06/30/2023
SAMPLE HOSPITAL 2632,102631,AL,READM-30-CABG-HRRP,198,,0.9894,0.1608,0.1625,32,07/01/2020,06/30/2023
SAMPLE HOSPITAL 2632,102631,AL,READM-30-AMI-HRRP,287,,1.1064,0.2812,0.2542,81,07/01/2020,06/30/2023
SAMPLE HOSPITAL 2632,102631,AL,READM-30-HIP-KNEE-HRRP,68,,0.8675,0.1292,0.1489,9,07/01/2020,06/30/2023
SAMPLE HOSPITAL 2632,102631,AL,READM-30-COPD-HRRP,60,,0.933,0.1991,0.2134,12,07/01/2020,06/30/2023
SAMPLE HOSPITAL 2633,102632,IN,READM-30-HIP-KNEE-HRRP,94,,0.9595,0.1738,0.1811,16,07/01/2020,06/30/2023
SAMPLE HOSPITAL 2633,102632,IN,READM-30-HF-HRRP,243,,1.0095,0.153,0.1516,37,07/01/2020,06/30/2023
SAMPLE HOSPITAL 2633,102632,IN,READM-30-AMI-HRRP,742,,1.0689,0.1499,0.1402,111,07/01/2020,06/30/2023
SAMPLE HOSPITAL 2633,102632,IN,READM-30-CABG-HRRP,331,,0.9596,0.2104,0.2193,70,07/01/2020,06/30/2023
SAMPLE HOSPITAL 2634,102633,ND,READM-30-CABG-HRRP,447,,1.0009,0.246,0.2458,110,07/01/2020,06/30/2023
SAMPLE HOSPITAL 2634,102633,ND,READM-30-HIP-KNEE-HRRP,44,,0.9459,0.2456,0.2596,11,07/01/2020,06/30/2023
SAMPLE HOSPITAL 2634,102633,ND,READM-30-AMI-HRRP,193,,1.0084,0.1215,0.1205,23,07/01/2020,06/30/2023
SAMPLE HOSPITAL 2634,102633,ND,READM-30-COPD-HRRP,158,,0.9782,0.2475,0.253,39,07/01/2020,06/30/2023
SAMPLE HOSPITAL 2634,102633,ND,READM-30-HF-HRRP,47,,0.9426,0.1793,0.1902,8,07/01/2020,06/30/2023
SAMPLE HOSPITAL 2635,102634,KY,READM-30-PN-HRRP,651,,1.062,0.1523,0.1434,99,07/01/2020,06/30/2023
SAMPLE HOSPITAL 2635,102634,KY,READM-30-HF-HRRP,62,,1.0188,0.157,0.1541,10,07/01/2020,06/30/2023
SAMPLE HOSPITAL 2635,102634,KY,READM-30-AMI-HRRP,526,,0.9866,0.2243,0.2273,118,07/01/2020,06/30/2023
SAMPLE HOSPITAL 2635,102634,KY,READM-30-CABG-HRRP,171,,0.9171,0.2076,0.2264,35,07/01/2020,06/30/2023
SAMPLE HOSPITAL 2635,102634,KY,READM-30-COPD-HRRP,221,,0.9502,0.189,0.1989,42,07/01/2020,06/30/2023
SAMPLE HOSPITAL 2636,102635,CT,READM-30-CABG-HRRP,363,,0.9762,0.138,0.1414,50,07/01/2020,06/30/2023
SAMPLE HOSPITAL 2636,102635,CT,READM-30-HF-HRRP,54,,1.0426,0.1607,0.1541,9,07/01/2020,06/30/2023
SAMPLE HOSPITAL 2636,102635,CT,READM-30-HIP-KNEE-HRRP,717,,1.0615,0.2623,0.2471,188,07/01/2020,06/30/2023
SAMPLE HOSPITAL 2637,102636,KS,READM-30-AMI-HRRP,28,,1.0982,0.1876,0.1708,5,07/01/2020,06/30/2023
SAMPLE HOSPITAL 2637,102636,KS,READM-30-COPD-HRRP,424,,1.0121,0.1963,0.194,83,07/01/2020,06/30/2023
SAMPLE HOSPITAL 2637,102636,KS,READM-30-HF-HRRP,955,,0.9962,0.164,0.1646,157,07/01/2020,06/30/2023
SAMPLE HOSPITAL 2638,102637,MI,READM-30-CABG-HRRP,Too Few to Report,1,Too Few to Report,,,,07/01/2020,06/30/2023
SAMPLE HOSPITAL 2638,102637,MI,READM-30-HIP-KNEE-HRRP,652,,1.0327,0.1693,0.1639,110,07/01/2020,06/30/2023
SAMPLE HOSPITAL 2638,102637,MI,READM-30-HF-HRRP,104,,1.0109,0.1841,0.1821,19,07/01/2020,06/30/2023
SAMPLE HOSPITAL 2639,102638,MO,READM-30-HF-HRRP,158,,0.9771,0.1294,0.1324,20,07/01/2020,06/30/2023
SAMPLE HOSPITAL 2639,102638,MO,READM-30-COPD-HRRP,1234,,1.0549,0.2251,0.2134,278,07/01/2020,06/30/2023
SAMPLE HOSPITAL 2639,102638,MO,READM-30-HIP-KNEE-HRRP,Too Few to Report,1,Too Few to Report,,,,07/01/2020,06/30/2023
SAMPLE HOSPITAL 2639,102638,MO,READM-30-AMI-HRRP,529,,0.9314,0.1525,0.1637,81,07/01/2020,06/30/2023
SAMPLE HOSPITAL 2639,102638,MO,READM-30-CABG-HRRP,33,,1.0262,0.1506,0.1468,5,07/01/2020,06/30/2023
SAMPLE HOSPITAL 2639,102638,MO,READM-30-PN-HRRP,417,,0.8923,0.1154,0.1293,48,07/01/2020,06/30/2023
SAMPLE HOSPITAL 2640,102639,GA,READM-30-PN-HRRP,470,,1.0715,0.157,0.1465,74,07/01/2020,06/30/2023
SAMPLE HOSPITAL 2640,102639,GA,READM-30-HF-HRRP,278,,0.9487,0.1551,0.1635,43,07/01/2020,06/30/2023
SAMPLE HOSPITAL 2640,102639,GA,READM-30-HIP-KNEE-HRRP,105,,0.9027,0.2063,0.2285,22,07/01/2020,06/30/2023
SAMPLE HOSPITAL 2640,102639,GA,READM-30-COPD-HRRP,297,,1.0216,0.216,0.2114,64,07/01/2020,06/30/2023
SAMPLE HOSPITAL 2640,102639,GA,READM-30-AMI-HRRP,356,,1.0682,0.222,0.2078,79,07/01/2020,06/30/2023
SAMPLE HOSPITAL 2640,102639,GA,READM-30-CABG-HRRP,145,,0.976,0.1364,0.1398,20,07/01/2020,06/30/2023
SAMPLE HOSPITAL 2641,102640,ME,READM-30-PN-HRRP,129,,0.978,0.22,0.2249,28,07/01/2020,06/30/2023
SAMPLE HOSPITAL 2641,102640,ME,READM-30-COPD-HRRP,123,,1.0275,0.2494,0.2427,31,07/01/2020,06/30/2023
SAMPLE HOSPITAL 2641,102640,ME,READM-30-HIP-KNEE-HRRP,543,,1.0372,0.2616,0.2522,142,07/01/2020,06/30/2023
SAMPLE HOSPITAL 2642,102641,FL,READM-30-AMI-HRRP,114,,1.0087,0.2508,0.2486,29,07/01/2020,06/30/2023
SAMPLE HOSPITAL 2642,102641,FL,READM-30-HIP-KNEE-HRRP,197,,0.9074,0.1879,0.2071,37,07/01/2020,06/30/2023
SAMPLE HOSPITAL 2642,102641,FL,READM-30-PN-HRRP,299,,0.9933,0.1391,0.14,42,07/01/2020,06/30/2023
SAMPLE HOSPITAL 2642,102641,FL,READM-30-CABG-HRRP,365,,1.0535,0.1662,0.1578,61,07/01/2020,06/30/2023
SAMPLE HOSPITAL 2643,102642,AK,READM-30-AMI-HRRP,166,,1.0431,0.207,0.1984,34,07/01/2020,06/30/2023
SAMPLE HOSPITAL 2643,102642,AK,READM-30-HF-HRRP,102,,0.9751,0.1325,0.1359,14,07/01/2020,06/30/2023
SAMPLE HOSPITAL 2643,102642,AK,READM-30-CABG-HRRP,186,,0.9976,0.1845,0.1849,34,07/01/2020,06/30/2023
SAMPLE HOSPITAL 2643,102642,AK,READM-30-PN-HRRP,330,,0.9574,0.2085,0.2178,69,07/01/2020,06/30/2023
SAMPLE HOSPITAL 2644,102643,MA,READM-30-HIP-KNEE-HRRP,271,,1.0407,0.1628,0.1564,44,07/01/2020,06/30/2023
SAMPLE HOSPITAL 2644,102643,MA,READM-30-HF-HRRP,159,,0.9386,0.1802,0.192,29,07/01/2020,06/30/2023
SAMPLE HOSPITAL 2644,102643,MA,READM-30-CABG-HRRP,107,,1.0207,0.2335,0.2288,25,07/01/2020,06/30/2023
SAMPLE HOSPITAL 2645,102644,MI,READM-30-CABG-HRRP,117,,1.0347,0.1743,0.1685,20,07/01/2020,06/30/2023
SAMPLE HOSPITAL 2645,102644,MI,READM-30-HIP-KNEE-HRRP,136,,1.0619,0.1708,0.1608,23,07/01/2020,06/30/2023
SAMPLE HOSPITAL 2645,102644,MI,READM-30-PN-HRRP,79,,0.9588,0.2155,0.2248,17,07/01/2020,06/30/2023
SAMPLE HOSPITAL 2645,102644,MI,READM-30-AMI-HRRP,63,,1.0167,0.2075,0.2041,13,07/01/2020,06/30/2023
SAMPLE HOSPITAL 2646,102645,MO,READM-30-COPD-HRRP,64,,0.9764,0.1208,0.1237,8,07/01/2020,06/30/2023
SAMPLE HOSPITAL 2646,102645,MO,READM-30-HF-HRRP,101,,0.9266,0.2313,0.2496,23,07/01/2020,06/30/2023
SAMPLE HOSPITAL 2646,102645,MO,READM-30-HIP-KNEE-HRRP,92,,0.9427,0.2427,0.2575,22,07/01/2020,06/30/2023
SAMPLE HOSPITAL 2646,102645,MO,READM-30-AMI-HRRP,30,,1.0116,0.2018,0.1995,6,07/01/2020,06/30/2023
SAMPLE HOSPITAL 2646,102645,MO,READM-30-PN-HRRP,241,,1.1096,0.1482,0.1336,36,07/01/2020,06/30/2023
SAMPLE HOSPITAL 2647,102646,KY,READM-30-HF-HRRP,372,,1.043,0.1315,0.1261,49,07/01/2020,06/30/2023
SAMPLE HOSPITAL 2647,102646,KY,READM-30-CABG-HRRP,194,,1.001,0.2391,0.2389,46,07/01/2020,06/30/2023
SAMPLE HOSPITAL 2647,102646,KY,READM-30-PN-HRRP,426,,1.0509,0.2631,0.2504,112,07/01/2020,06/30/2023
SAMPLE HOSPITAL 2648,102647,ID,READM-30-CABG-HRRP,877,,0.9413,0.201,0.2135,176,07/01/2020,06/30/2023
SAMPLE HOSPITAL 2648,102647,ID,READM-30-HIP-KNEE-HRRP,73,,1.0572,0.131,0.1239,10,07/01/2020,06/30/2023
SAMPLE HOSPITAL 2648,102647,ID,READM-30-AMI-HRRP,45,,1.1536,0.205,0.1777,9,07/01/2020,06/30/2023
SAMPLE HOSPITAL 2648,102647,ID,READM-30-PN-HRRP,566,,1.1504,0.2309,0.2007,131,07/01/2020,06/30/2023
SAMPLE HOSPITAL 2648,102647,ID,READM-30-COPD-HRRP,97,,1.1819,0.1676,0.1418,16,07/01/2020,06/30/2023
SAMPLE HOSPITAL 2648,102647,ID,READM-30-HF-HRRP,168,,0.9676,0.1335,0.138,22,07/01/2020,06/30/2023
SAMPLE HOSPITAL 2650,102649,GA,READM-30-CABG-HRRP,135,,0.9715,0.1742,0.1793,24,07/01/2020,06/30/2023
SAMPLE HOSPITAL 2650,102649,GA,READM-30-COPD-HRRP,196,,1.1483,0.2572,0.224,50,07/01/2020,06/30/2023
SAMPLE HOSPITAL 2650,102649,GA,READM-30-HF-HRRP,186,,1.017,0.2329,0.229,43,07/01/2020,06/30/2023
SAMPLE HOSPITAL 2651,102650,KS,READM-30-HF-HRRP,77,,1.0595,0.1974,0.1863,15,07/01/2020,06/30/2023
SAMPLE HOSPITAL 2651,102650,KS,READM-30-COPD-HRRP,114,,0.9836,0.1554,0.158,18,07/01/2020,06/30/2023
SAMPLE HOSPITAL 2651,102650,KS,READM-30-AMI-HRRP,526,,0.9986,0.1811,0.1814,95,07/01/2020,06/30/2023
SAMPLE HOSPITAL 2651,102650,KS,READM-30-CABG-HRRP,261,,1.0861,0.1973,0.1817,51,07/01/2020,06/30/2023
SAMPLE HOSPITAL 2651,102650,KS,READM-30-HIP-KNEE-HRRP,191,,1.0775,0.1697,0.1575,32,07/01/2020,06/30/2023
SAMPLE HOSPITAL 2651,102650,KS,READM-30-PN-HRRP,97,,0.9726,0.2094,0.2153,20,07/01/2020,06/30/2023
SAMPLE HOSPITAL 2652,102651,SD,READM-30-CABG-HRRP,183,,1.0207,0.2561,0.2509,47,07/01/2020,06/30/2023
SAMPLE HOSPITAL 2652,102651,SD,READM-30-PN-HRRP,175,,1.0979,0.2051,0.1868,36,07/01/2020,06/30/2023
SAMPLE HOSPITAL 2652,102651,SD,READM-30-HF-HRRP,135,,1.013,0.2009,0.1983,27,07/01/2020,06/30/2023
SAMPLE HOSPITAL 2653,102652,CO,READM-30-HF-HRRP,164,,1.0903,0.2242,0.2056,37,07/01/2020,06/30/2023
SAMPLE HOSPITAL 2653,102652,CO,READM-30-AMI-HRRP,58,,1.0102,0.2385,0.2361,14,07/01/2020,06/30/2023
SAMPLE HOSPITAL 2653,102652,CO,READM-30-HIP-KNEE-HRRP,Too Few to Report,1,Too Few to Report,,,,07/01/2020,06/30/2023
SAMPLE HOSPITAL 2653,102652,CO,READM-30-CABG-HRRP,100,,1.0104,0.174,0.1722,17,07/01/2020,06/30/2023
SAMPLE HOSPITAL 2653,102652,CO,READM-30-COPD-HRRP,53,,1.0158,0.1941,0.1911,10,07/01/2020,06/30/2023
SAMPLE HOSPITAL 2654,102653,MO,READM-30-CABG-HRRP,47,,1.0388,0.2488,0.2395,12,07/01/2020,06/30/2023
SAMPLE HOSPITAL 2654,102653,MO,READM-30-PN-HRRP,85,,1.0903,0.1844,0.1691,16,07/01/2020,06/30/2023
SAMPLE HOSPITAL 2654,102653,MO,READM-30-HIP-KNEE-HRRP,704,,1.0213,0.1746,0.171,123,07/01/2020,06/30/2023
SAMPLE HOSPITAL 2654,102653,MO,READM-30-COPD-HRRP,Too Few to Report,1,Too Few to Report,,,,07/01/2020,06/30/2023
SAMPLE HOSPITAL 2654,102653,MO,READM-30-AMI-HRRP,253,,0.9781,0.2367,0.242,60,07/01/2020,06/30/2023
SAMPLE HOSPITAL 2654,102653,MO,READM-30-HF-HRRP,193,,1.0411,0.1292,0.1241,25,07/01/2020,06/30/2023
SAMPLE HOSPITAL 2655,102654,IA,READM-30-CABG-HRRP,154,,0.9126,0.224,0.2454,34,07/01/2020,06/30/2023
SAMPLE HOSPITAL 2655,102654,IA,READM-30-HIP-KNEE-HRRP,43,,0.9908,0.188,0.1897,8,07/01/2020,06/30/2023
SAMPLE HOSPITAL 2655,102654,IA,READM-30-AMI-HRRP,201,,0.9553,0.24,0.2512,48,07/01/2020,06/30/2023
SAMPLE HOSPITAL 2655,102654,IA,READM-30-HF-HRRP,233,,0.9826,0.1726,0.1757,40,07/01/2020,06/30/2023
SAMPLE HOSPITAL 2656,102655,MI,READM-30-HIP-KNEE-HRRP,283,,0.9584,0.1556,0.1624,44,07/01/2020,06/30/2023
SAMPLE HOSPITAL 2656,102655,MI,READM-30-PN-HRRP,225,,0.8943,0.1785,0.1996,40,07/01/2020,06/30/2023
SAMPLE HOSPITAL 2656,102655,MI,READM-30-AMI-HRRP,449,,0.9926,0.1565,0.1577,70,07/01/2020,06/30/2023
SAMPLE HOSPITAL 2656,102655,MI,READM-30-HF-HRRP,517,,1.0052,0.1231,0.1225,64,07/01/2020,06/30/2023
SAMPLE HOSPITAL 2657,102656,MD,READM-30-PN-HRRP,227,,0.9785,0.2293,0.2343,52,07/01/2020,06/30/2023
SAMPLE HOSPITAL 2657,102656,MD,READM-30-HIP-KNEE-HRRP,188,,0.9333,0.1904,0.204,36,07/01/2020,06/30/2023
SAMPLE HOSPITAL 2657,102656,MD,READM-30-COPD-HRRP,178,,0.9784,0.2516,0.2572,45,07/01/2020,06/30/2023
SAMPLE HOSPITAL 2658,102657,ND,READM-30-CABG-HRRP,454,,1.041,0.2631,0.2527,119,07/01/2020,06/30/2023
SAMPLE HOSPITAL 2658,102657,ND,READM-30-HF-HRRP,757,,0.9759,0.2138,0.2191,162,07/01/2020,06/30/2023
SAMPLE HOSPITAL 2658,102657,ND,READM-30-AMI-HRRP,401,,0.9359,0.1779,0.1901,71,07/01/2020,06/30/2023
SAMPLE HOSPITAL 2658,102657,ND,READM-30-PN-HRRP,214,,1.0793,0.2562,0.2374,55,07/01/2020,06/30/2023
SAMPLE HOSPITAL 2658,102657,ND,READM-30-HIP-KNEE-HRRP,319,,1.0417,0.1748,0.1678,56,07/01/2020,06/30/2023
SAMPLE HOSPITAL 2659,102658,FL,READM-30-HF-HRRP,1018,,1.0727,0.2107,0.1964,214,07/01/2020,06/30/2023
SAMPLE HOSPITAL 2659,102658,FL,READM-30-AMI-HRRP,307,,0.9815,0.1922,0.1958,59,07/01/2020,06/30/2023
SAMPLE HOSPITAL 2659,102658,FL,READM-30-COPD-HRRP,31,,0.9755,0.1249,0.128,4,07/01/2020,06/30/2023
SAMPLE HOSPITAL 2659,102658,FL,READM-30-HIP-KNEE-HRRP,376,,0.9935,0.2461,0.2477,93,07/01/2020,06/30/2023
SAMPLE HOSPITAL 2660,102659,KY,READM-30-HF-HRRP,60,,0.8536,0.1147,0.1344,7,07/01/2020,06/30/2023
SAMPLE HOSPITAL 2660,102659,KY,READM-30-HIP-KNEE-HRRP,120,,1.0272,0.1783,0.1736,21,07/01/2020,06/30/2023
SAMPLE HOSPITAL 2660,102659,KY,READM-30-COPD-HRRP,297,,0.9701,0.1179,0.1215,35,07/01/2020,06/30/2023
SAMPLE HOSPITAL 2660,102659,KY,READM-30-PN-HRRP,314,,0.8452,0.1094,0.1294,34,07/01/2020,06/30/2023
SAMPLE HOSPITAL 2661,102660,CO,READM-30-COPD-HRRP,100,,0.9318,0.1714,0.1839,17,07/01/2020,06/30/2023
SAMPLE HOSPITAL 2661,102660,CO,READM-30-CABG-HRRP,573,,0.9361,0.1559,0.1665,89,07/01/2020,06/30/2023
SAMPLE HOSPITAL 2661,102660,CO,READM-30-PN-HRRP,104,,1.0477,0.272,0.2596,28,07/01/2020,06/30/2023
SAMPLE HOSPITAL 2662,102661,MT,READM-30-HF-HRRP,170,,1.0271,0.2412,0.2348,41,07/01/2020,06/30/2023
SAMPLE HOSPITAL 2662,102661,MT,READM-30-COPD-HRRP,257,,0.9143,0.2006,0.2194,52,07/01/2020,06/30/2023
SAMPLE HOSPITAL 2662,102661,MT,READM-30-CABG-HRRP,176,,1.0622,0.14,0.1318,25,07/01/2020,06/30/2023
SAMPLE HOSPITAL 2662,102661,MT,READM-30-PN-HRRP,230,,1.1905,0.2317,0.1946,53,07/01/2020,06/30/2023
SAMPLE HOSPITAL 2663,102662,IA,READM-30-PN-HRRP,172,,1.0408,0.2417,0.2322,42,07/01/2020,06/30/2023
SAMPLE HOSPITAL 2663,102662,IA,READM-30-AMI-HRRP,217,,0.9071,0.2244,0.2474,49,07/01/2020,06/30/2023
SAMPLE HOSPITAL 2663,102662,IA,READM-30-COPD-HRRP,57,,0.9685,0.1621,0.1674,9,07/01/2020,06/30/2023
SAMPLE HOSPITAL 2663,102662,IA,READM-30-HF-HRRP,223,,0.9043,0.2326,0.2572,52,07/01/2020,06/30/2023
SAMPLE HOSPITAL 2663,102662,IA,READM-30-HIP-KNEE-HRRP,264,,1.1436,0.2268,0.1983,60,07/01/2020,06/30/2023
SAMPLE HOSPITAL 2664,102663,WY,READM-30-HF-HRRP,110,,0.9585,0.1973,0.2058,22,07/01/2020,06/30/2023
SAMPLE HOSPITAL 2664,102663,WY,READM-30-COPD-HRRP,697,,1.029,0.2106,0.2047,147,07/01/2020,06/30/2023
SAMPLE HOSPITAL 2664,102663,WY,READM-30-AMI-HRRP,328,,0.9766,0.1189,0.1217,39,07/01/2020,06/30/2023
SAMPLE HOSPITAL 2664,102663,WY,READM-30-PN-HRRP,117,,1.0154,0.2494,0.2456,29,07/01/2020,06/30/2023
SAMPLE HOSPITAL 2665,102664,MT,READM-30-HF-HRRP,157,,0.9242,0.1726,0.1868,27,07/01/2020,06/30/2023
SAMPLE HOSPITAL 2665,102664,MT,READM-30-PN-HRRP,176,,1.0401,0.2065,0.1985,36,07/01/2020,06/30/2023
SAMPLE HOSPITAL 2665,102664,MT,READM-30-AMI-HRRP,116,,1.0394,0.1842,0.1772,21,07/01/2020,06/30/2023
SAMPLE HOSPITAL 2666,102665,IL,READM-30-AMI-HRRP,163,,0.9584,0.1838,0.1918,30,07/01/2020,06/30/2023
SAMPLE HOSPITAL 2666,102665,IL,READM-30-PN-HRRP,199,,0.9178,0.237,0.2582,47,07/01/2020,06/30/2023
SAMPLE HOSPITAL 2666,102665,IL,READM-30-HIP-KNEE-HRRP,423,,1.0071,0.1547,0.1536,65,07/01/2020,06/30/2023
SAMPLE HOSPITAL 2667,102666,AR,READM-30-AMI-HRRP,79,,1.1387,0.2078,0.1825,16,07/01/2020,06/30/2023
SAMPLE HOSPITAL 2667,102666,AR,READM-30-HF-HRRP,400,,0.959,0.1324,0.1381,53,07/01/2020,06/30/2023
SAMPLE HOSPITAL 2667,102666,AR,READM-30-PN-HRRP,547,,0.9339,0.1323,0.1417,72,07/01/2020,06/30/2023
SAMPLE HOSPITAL 2667,102666,AR,READM-30-COPD-HRRP,57,,1.0149,0.21,0.2069,12,07/01/2020,06/30/2023
SAMPLE HOSPITAL 2667,102666,AR,READM-30-HIP-KNEE-HRRP,167,,0.961,0.2297,0.239,38,07/01/2020,06/30/2023
SAMPLE HOSPITAL 2667,102666,AR,READM-30-CABG-HRRP,137,,0.9844,0.195,0.1981,27,07/01/2020,06/30/2023
SAMPLE HOSPITAL 2668,102667,IA,READM-30-AMI-HRRP,429,,1.028,0.1497,0.1456,64,07/01/2020,06/30/2023
SAMPLE HOSPITAL 2668,102667,IA,READM-30-PN-HRRP,371,,0.9649,0.1786,0.1851,66,07/01/2020,06/30/2023
SAMPLE HOSPITAL 2668,102667,IA,READM-30-HIP-KNEE-HRRP,155,,1.0658,0.2463,0.2311,38,07/01/2020,06/30/2023
SAMPLE HOSPITAL 2668,102667,IA,READM-30-COPD-HRRP,767,,1.0448,0.1666,0.1595,128,07/01/2020,06/30/2023
SAMPLE HOSPITAL 2668,102667,IA,READM-30-CABG-HRRP,483,,1.0176,0.1978,0.1944,96,07/01/2020,06/30/2023
SAMPLE HOSPITAL 2668,102667,IA,READM-30-HF-HRRP,403,,1.0058,0.1367,0.1359,55,07/01/2020,06/30/2023
SAMPLE HOSPITAL 2669,102668,IA,READM-30-HIP-KNEE-HRRP,43,,1.006,0.1992,0.198,9,07/01/2020,06/30/2023
SAMPLE HOSPITAL 2669,102668,IA,READM-30-CABG-HRRP,110,,1.0034,0.1542,0.1537,17,07/01/2020,06/30/2023
SAMPLE HOSPITAL 2669,102668,IA,READM-30-AMI-HRRP,547,,1.0056,0.252,0.2506,138,07/01/2020,06/30/2023
SAMPLE HOSPITAL 2670,102669,MO,READM-30-AMI-HRRP,79,,1.0936,0.1675,0.1532,13,07/01/2020,06/30/2023
SAMPLE HOSPITAL 2670,102669,MO,READM-30-CABG-HRRP,732,,1.0016,0.1377,0.1375,101,07/01/2020,06/30/2023
SAMPLE HOSPITAL 2670,102669,MO,READM-30-PN-HRRP,339,,0.9268,0.194,0.2093,66,07/01/2020,06/30/2023
SAMPLE HOSPITAL 2670,102669,MO,READM-30-HF-HRRP,292,,0.9287,0.1762,0.1897,51,07/01/2020,06/30/2023
SAMPLE HOSPITAL 2670,102669,MO,READM-30-HIP-KNEE-HRRP,253,,1.0926,0.1698,0.1554,43,07/01/2020,06/30/2023
SAMPLE HOSPITAL 2670,102669,MO,READM-30-COPD-HRRP,Too Few to Report,1,Too Few to Report,,,,07/01/2020,06/30/2023
SAMPLE HOSPITAL 2671,102670,KS,READM-30-HF-HRRP,493,,0.9633,0.1951,0.2025,96,07/01/2020,06/30/2023
SAMPLE HOSPITAL 2671,102670,KS,READM-30-PN-HRRP,179,,1.0254,0.1417,0.1382,25,07/01/2020,06/30/2023
SAMPLE HOSPITAL 2671,102670,KS,READM-30-COPD-HRRP,51,,1.0894,0.164,0.1505,8,07/01/2020,06/30/2023
SAMPLE HOSPITAL 2671,102670,KS,READM-30-AMI-HRRP,112,,0.9891,0.161,0.1628,18,07/01/2020,06/30/2023
SAMPLE HOSPITAL 2671,102670,KS,READM-30-HIP-KNEE-HRRP,119,,1.0022,0.2238,0.2233,27,07/01/2020,06/30/2023
SAMPLE HOSPITAL 2671,102670,KS,READM-30-CABG-HRRP,543,,0.8809,0.22,0.2497,119,07/01/2020,06/30/2023
SAMPLE HOSPITAL 2672,102671,ND,READM-30-PN-HRRP,536,,1.0787,0.1669,0.1547,89,07/01/2020,06/30/2023
SAMPLE HOSPITAL 2672,102671,ND,READM-30-CABG-HRRP,50,,0.9918,0.2488,0.2509,12,07/01/2020,06/30/2023
SAMPLE HOSPITAL 2672,102671,ND,READM-30-COPD-HRRP,189,,1.0835,0.1436,0.1325,27,07/01/2020,06/30/2023
SAMPLE HOSPITAL 2672,102671,ND,READM-30-AMI-HRRP,371,,1.0842,0.197,0.1817,73,07/01/2020,06/30/2023
SAMPLE HOSPITAL 2672,102671,ND,READM-30-HIP-KNEE-HRRP,768,,1.082,0.1414,0.1307,109,07/01/2020,06/30/2023
SAMPLE HOSPITAL 2673,102672,TX,READM-30-AMI-HRRP,125,,1.0688,0.2686,0.2513,34,07/01/2020,06/30/2023
SAMPLE HOSPITAL 2673,102672,TX,READM-30-PN-HRRP,1367,,1.0179,0.1329,0.1306,182,07/01/2020,06/30/2023
SAMPLE HOSPITAL 2673,102672,TX,READM-30-CABG-HRRP,75,,1.0932,0.2797,0.2559,21,07/01/2020,06/30/2023
SAMPLE HOSPITAL 2673,102672,TX,READM-30-HF-HRRP,77,,0.9829,0.1634,0.1662,13,07/01/2020,06/30/2023
SAMPLE HOSPITAL 2673,102672,TX,READM-30-HIP-KNEE-HRRP,127,,1.0,0.1921,0.1921,24,07/01/2020,06/30/2023
SAMPLE HOSPITAL 2674,102673,AL,READM-30-COPD-HRRP,210,,0.9844,0.1828,0.1857,38,07/01/2020,06/30/2023
SAMPLE HOSPITAL 2674,102673,AL,READM-30-PN-HRRP,Too Few to Report,1,Too Few to Report,,,,07/01/2020,06/30/2023
SAMPLE HOSPITAL 2674,102673,AL,READM-30-CABG-HRRP,51,,1.0511,0.2342,0.2228,12,07/01/2020,06/30/2023
SAMPLE HOSPITAL 2674,102673,AL,READM-30-AMI-HRRP,46,,0.9833,0.1551,0.1577,7,07/01/2020,06/30/2023
SAMPLE HOSPITAL 2674,102673,AL,READM-30-HIP-KNEE-HRRP,213,,0.9762,0.2235,0.229,48,07/01/2020,06/30/2023
SAMPLE HOSPITAL 2674,102673,AL,READM-30-HF-HRRP,257,,0.9841,0.1751,0.1779,45,07/01/2020,06/30/2023
SAMPLE HOSPITAL 2675,102674,MO,READM-30-COPD-HRRP,719,,0.9253,0.1453,0.157,104,07/01/2020,06/30/2023
SAMPLE HOSPITAL 2675,102674,MO,READM-30-CABG-HRRP,933,,1.0325,0.2085,0.2019,195,07/01/2020,06/30/2023
SAMPLE HOSPITAL 2675,102674,MO,READM-30-AMI-HRRP,80,,1.0863,0.2334,0.2149,19,07/01/2020,06/30/2023
SAMPLE HOSPITAL 2676,102675,AL,READM-30-AMI-HRRP,81,,0.9945,0.1921,0.1932,16,07/01/2020,06/30/2023
SAMPLE HOSPITAL 2676,102675,AL,READM-30-PN-HRRP,110,,1.1285,0.2495,0.2211,27,07/01/2020,06/30/2023
SAMPLE HOSPITAL 2676,102675,AL,READM-30-COPD-HRRP,260,,1.0335,0.2003,0.1938,52,07/01/2020,06/30/2023
SAMPLE HOSPITAL 2676,102675,AL,READM-30-HF-HRRP,47,,1.0159,0.2485,0.2446,12,07/01/2020,06/30/2023
SAMPLE HOSPITAL 2676,102675,AL,READM-30-HIP-KNEE-HRRP,73,,1.0142,0.2007,0.1979,15,07/01/2020,06/30/2023
SAMPLE HOSPITAL 2676,102675,AL,READM-30-CABG-HRRP,68,,1.0733,0.2297,0.214,16,07/01/2020,06/30/2023
SAMPLE HOSPITAL 2677,102676,NM,READM-30-PN-HRRP,226,,1.0087,0.138,0.1368,31,07/01/2020,06/30/2023
SAMPLE HOSPITAL 2677,102676,NM,READM-30-AMI-HRRP,197,,1.0146,0.173,0.1705,34,07/01/2020,06/30/2023
SAMPLE HOSPITAL 2677,102676,NM,READM-30-HF-HRRP,235,,0.9588,0.2181,0.2275,51,07/01/2020,06/30/2023
SAMPLE HOSPITAL 2677,102676,NM,READM-30-HIP-KNEE-HRRP,231,,0.9014,0.1984,0.2201,46,07/01/2020,06/30/2023
SAMPLE HOSPITAL 2677,102676,NM,READM-30-CABG-HRRP,44,,1.116,0.2128,0.1907,9,07/01/2020,06/30/2023
SAMPLE HOSPITAL 2678,102677,MI,READM-30-HIP-KNEE-HRRP,384,,0.9381,0.169,0.1802,65,07/01/2020,06/30/2023
SAMPLE HOSPITAL 2678,102677,MI,READM-30-COPD-HRRP,63,,0.9096,0.1399,0.1538,9,07/01/2020,06/30/2023
SAMPLE HOSPITAL 2678,102677,MI,READM-30-CABG-HRRP,156,,1.0463,0.1767,0.1689,28,07/01/2020,06/30/2023
SAMPLE HOSPITAL 2678,102677,MI,READM-30-PN-HRRP,270,,1.0365,0.2436,0.235,66,07/01/2020,06/30/2023
SAMPLE HOSPITAL 2678,102677,MI,READM-30-HF-HRRP,96,,0.9832,0.1244,0.1265,12,07/01/2020,06/30/2023
SAMPLE HOSPITAL 2679,102678,TX,READM-30-AMI-HRRP,199,,1.0713,0.2462,0.2298,49,07/01/2020,06/30/2023
SAMPLE HOSPITAL 2679,102678,TX,READM-30-CABG-HRRP,163,,0.9795,0.1854,0.1893,30,07/01/2020,06/30/2023
SAMPLE HOSPITAL 2679,102678,TX,READM-30-COPD-HRRP,333,,0.8716,0.1687,0.1935,56,07/01/2020,06/30/2023
SAMPLE HOSPITAL 2680,102679,FL,READM-30-AMI-HRRP,252,,1.0644,0.2202,0.2069,55,07/01/2020,06/30/2023
SAMPLE HOSPITAL 2680,102679,FL,READM-30-CABG-HRRP,87,,0.9994,0.2004,0.2005,17,07/01/2020,06/30/2023
SAMPLE HOSPITAL 2680,102679,FL,READM-30-HIP-KNEE-HRRP,397,,0.9103,0.2096,0.2303,83,07/01/2020,06/30/2023
SAMPLE HOSPITAL 2680,102679,FL,READM-30-HF-HRRP,95,,0.9063,0.1751,0.1932,17,07/01/2020,06/30/2023
SAMPLE HOSPITAL 2680,102679,FL,READM-30-COPD-HRRP,764,,0.9402,0.1419,0.1509,108,07/01/2020,06/30/2023
SAMPLE HOSPITAL 2680,102679,FL,READM-30-PN-HRRP,144,,0.9489,0.2404,0.2533,35,07/01/2020,06/30/2023
SAMPLE HOSPITAL 2681,102680,WI,READM-30-CABG-HRRP,132,,1.018,0.2548,0.2503,34,07/01/2020,06/30/2023
SAMPLE HOSPITAL 2681,102680,WI,READM-30-COPD-HRRP,33,,1.0392,0.1674,0.1611,6,07/01/2020,06/30/2023
SAMPLE HOSPITAL 2681,102680,WI,READM-30-AMI-HRRP,245,,1.11,0.1792,0.1614,44,07/01/2020,06/30/2023
SAMPLE HOSPITAL 2681,102680,WI,READM-30-HF-HRRP,593,,1.0505,0.2692,0.2563,160,07/01/2020,06/30/2023
SAMPLE HOSPITAL 2682,102681,CA,READM-30-AMI-HRRP,72,,1.0313,0.2167,0.2101,16,07/01/2020,06/30/2023
SAMPLE HOSPITAL 2682,102681,CA,READM-30-CABG-HRRP,344,,1.0448,0.1849,0.177,64,07/01/2020,06/30/2023
SAMPLE HOSPITAL 2682,102681,CA,READM-30-HIP-KNEE-HRRP,610,,1.024,0.2608,0.2547,159,07/01/2020,06/30/2023
SAMPLE HOSPITAL 2682,102681,CA,READM-30-HF-HRRP,135,,1.0237,0.2241,0.2189,30,07/01/2020,06/30/2023
SAMPLE HOSPITAL 2682,102681,CA,READM-30-COPD-HRRP,60,,1.0013,0.1701,0.1699,10,07/01/2020,06/30/2023
SAMPLE HOSPITAL 2684,102683,AK,READM-30-COPD-HRRP,461,,0.9458,0.1575,0.1665,73,07/01/2020,06/30/2023
SAMPLE HOSPITAL 2684,102683,AK,READM-30-PN-HRRP,50,,0.9732,0.1253,0.1287,6,07/01/2020,06/30/2023
SAMPLE HOSPITAL 2684,102683,AK,READM-30-AMI-HRRP,453,,0.9488,0.1807,0.1905,82,07/01/2020,06/30/2023
SAMPLE HOSPITAL 2685,102684,AK,READM-30-AMI-HRRP,468,,1.0355,0.239,0.2308,112,07/01/2020,06/30/2023
SAMPLE HOSPITAL 2685,102684,AK,READM-30-CABG-HRRP,161,,1.0402,0.1838,0.1767,30,07/01/2020,06/30/2023
SAMPLE HOSPITAL 2685,102684,AK,READM-30-COPD-HRRP,208,,1.0731,0.2423,0.2258,50,07/01/2020,06/30/2023
SAMPLE HOSPITAL 2686,102685,SD,READM-30-AMI-HRRP,331,,1.0414,0.1369,0.1315,45,07/01/2020,06/30/2023
SAMPLE HOSPITAL 2686,102685,SD,READM-30-HIP-KNEE-HRRP,117,,1.0332,0.1537,0.1488,18,07/01/2020,06/30/2023
SAMPLE HOSPITAL 2686,102685,SD,READM-30-PN-HRRP,587,,1.0217,0.1852,0.1813,109,07/01/2020,06/30/2023
SAMPLE HOSPITAL 2686,102685,SD,READM-30-CABG-HRRP,107,,0.9563,0.1844,0.1928,20,07/01/2020,06/30/2023
SAMPLE HOSPITAL 2686,102685,SD,READM-30-HF-HRRP,186,,0.9742,0.1485,0.1524,28,07/01/2020,06/30/2023
SAMPLE HOSPITAL 2686,102685,SD,READM-30-COPD-HRRP,545,,0.9552,0.1708,0.1788,93,07/01/2020,06/30/2023
SAMPLE HOSPITAL 2687,102686,VA,READM-30-HIP-KNEE-HRRP,63,,1.0513,0.2144,0.2039,14,07/01/2020,06/30/2023
SAMPLE HOSPITAL 2687,102686,VA,READM-30-CABG-HRRP,214,,0.8907,0.1192,0.1338,26,07/01/2020,06/30/2023
SAMPLE HOSPITAL 2687,102686,VA,READM-30-HF-HRRP,554,,0.9458,0.2104,0.2225,117,07/01/2020,06/30/2023
SAMPLE HOSPITAL 2687,102686,VA,READM-30-AMI-HRRP,37,,1.0083,0.2393,0.2373,9,07/01/2020,06/30/2023
SAMPLE HOSPITAL 2687,102686,VA,READM-30-PN-HRRP,143,,1.0105,0.1783,0.1764,25,07/01/2020,06/30/2023
SAMPLE HOSPITAL 2688,102687,CT,READM-30-PN-HRRP,920,,0.9427,0.1477,0.1567,136,07/01/2020,06/30/2023
SAMPLE HOSPITAL 2688,102687,CT,READM-30-CABG-HRRP,743,,0.8902,0.1178,0.1323,88,07/01/2020,06/30/2023
SAMPLE HOSPITAL 2688,102687,CT,READM-30-AMI-HRRP,46,,0.9771,0.1496,0.1531,7,07/01/2020,06/30/2023
SAMPLE HOSPITAL 2689,102688,ID,READM-30-HF-HRRP,462,,0.9472,0.2028,0.2141,94,07/01/2020,06/30/2023
SAMPLE HOSPITAL 2689,102688,ID,READM-30-PN-HRRP,155,,0.9533,0.1827,0.1917,28,07/01/2020,06/30/2023
SAMPLE HOSPITAL 2689,102688,ID,READM-30-CABG-HRRP,122,,0.9822,0.2141,0.218,26,07/01/2020,06/30/2023
SAMPLE HOSPITAL 2689,102688,ID,READM-30-HIP-KNEE-HRRP,410,,0.9505,0.1834,0.193,75,07/01/2020,06/30/2023
SAMPLE HOSPITAL 2689,102688,ID,READM-30-AMI-HRRP,187,,1.0265,0.1897,0.1848,35,07/01/2020,06/30/2023
SAMPLE HOSPITAL 2689,102688,ID,READM-30-COPD-HRRP,85,,1.0462,0.2194,0.2097,19,07/01/2020,06/30/2023
SAMPLE HOSPITAL 2690,102689,WY,READM-30-CABG-HRRP,110,,1.0174,0.1745,0.1715,19,07/01/2020,06/30/2023
SAMPLE HOSPITAL 2690,102689,WY,READM-30-HF-HRRP,27,,0.8742,0.1848,0.2114,5,07/01/2020,06/30/2023
SAMPLE HOSPITAL 2690,102689,WY,READM-30-AMI-HRRP,114,,0.9201,0.2273,0.247,26,07/01/2020,06/30/2023
SAMPLE HOSPITAL 2690,102689,WY,READM-30-HIP-KNEE-HRRP,153,,0.9611,0.1607,0.1672,25,07/01/2020,06/30/2023
SAMPLE HOSPITAL 2691,102690,IA,READM-30-PN-HRRP,143,,1.1479,0.181,0.1577,26,07/01/2020,06/30/2023
SAMPLE HOSPITAL 2691,102690,IA,READM-30-AMI-HRRP,1162,,1.0317,0.1406,0.1363,163,07/01/2020,06/30/2023
SAMPLE HOSPITAL 2691,102690,IA,READM-30-CABG-HRRP,898,,1.0171,0.151,0.1485,136,07/01/2020,06/30/2023
SAMPLE HOSPITAL 2692,102691,WY,READM-30-PN-HRRP,236,,1.0963,0.1529,0.1395,36,07/01/2020,06/30/2023
SAMPLE HOSPITAL 2692,102691,WY,READM-30-AMI-HRRP,174,,1.0626,0.189,0.1779,33,07/01/2020,06/30/2023
SAMPLE HOSPITAL 2692,102691,WY,READM-30-HF-HRRP,388,,1.0935,0.2519,0.2304,98,07/01/2020,06/30/2023
SAMPLE HOSPITAL 2692,102691,WY,READM-30-COPD-HRRP,163,,1.0104,0.1868,0.1849,30,07/01/2020,06/30/2023
SAMPLE HOSPITAL 2693,102692,OR,READM-30-HF-HRRP,148,,0.9735,0.1904,0.1956,28,07/01/2020,06/30/2023
SAMPLE HOSPITAL 2693,102692,OR,READM-30-HIP-KNEE-HRRP,181,,1.0206,0.1336,0.1309,24,07/01/2020,06/30/2023
SAMPLE HOSPITAL 2693,102692,OR,READM-30-COPD-HRRP,92,,0.9961,0.1564,0.157,14,07/01/2020,06/30/2023
SAMPLE HOSPITAL 2693,102692,OR,READM-30-CABG-HRRP,56,,0.9986,0.171,0.1712,10,07/01/2020,06/30/2023
SAMPLE HOSPITAL 2693,102692,OR,READM-30-PN-HRRP,Too Few to Report,1,Too Few to Report,,,,07/01/2020,06/30/2023
SAMPLE HOSPITAL 2693,102692,OR,READM-30-AMI-HRRP,Too Few to Report,1,Too Few to Report,,,,07/01/2020,06/30/2023
SAMPLE HOSPITAL 2694,102693,MT,READM-30-PN-HRRP,237,,0.8726,0.1699,0.1947,40,07/01/2020,06/30/2023
SAMPLE HOSPITAL 2694,102693,MT,READM-30-HIP-KNEE-HRRP,29,,0.9088,0.2315,0.2547,7,07/01/2020,06/30/2023
SAMPLE HOSPITAL 2694,102693,MT,READM-30-HF-HRRP,82,,0.9348,0.1642,0.1757,13,07/01/2020,06/30/2023
SAMPLE HOSPITAL 2694,102693,MT,READM-30-AMI-HRRP,139,,0.9959,0.2517,0.2527,35,07/01/2020,06/30/2023
SAMPLE HOSPITAL 2694,102693,MT,READM-30-CABG-HRRP,131,,0.9873,0.1984,0.201,26,07/01/2020,06/30/2023
SAMPLE HOSPITAL 2695,102694,MN,READM-30-AMI-HRRP,212,,0.9126,0.166,0.1819,35,07/01/2020,06/30/2023
SAMPLE HOSPITAL 2695,102694,MN,READM-30-HIP-KNEE-HRRP,41,,0.9616,0.1717,0.1786,7,07/01/2020,06/30/2023
SAMPLE HOSPITAL 2695,102694,MN,READM-30-CABG-HRRP,67,,0.9646,0.1627,0.1687,11,07/01/2020,06/30/2023
SAMPLE HOSPITAL 2695,102694,MN,READM-30-COPD-HRRP,315,,0.9132,0.2348,0.2571,74,07/01/2020,06/30/2023
SAMPLE HOSPITAL 2695,102694,MN,READM-30-HF-HRRP,254,,0.9595,0.1606,0.1674,41,07/01/2020,06/30/2023
SAMPLE HOSPITAL 2696,102695,NY,READM-30-HF-HRRP,290,,0.9477,0.1411,0.1489,41,07/01/2020,06/30/2023
SAMPLE HOSPITAL 2696,102695,NY,READM-30-PN-HRRP,436,,1.043,0.132,0.1266,58,07/01/2020,06/30/2023
SAMPLE HOSPITAL 2696,102695,NY,READM-30-HIP-KNEE-HRRP,118,,0.944,0.2128,0.2254,25,07/01/2020,06/30/2023
SAMPLE HOSPITAL 2696,102695,NY,READM-30-CABG-HRRP,32,,0.984,0.1903,0.1934,6,07/01/2020,06/30/2023
SAMPLE HOSPITAL 2697,102696,NM,READM-30-HF-HRRP,165,,1.0466,0.2442,0.2333,40,07/01/2020,06/30/2023
SAMPLE HOSPITAL 2697,102696,NM,READM-30-CABG-HRRP,69,,1.019,0.1825,0.1791,13,07/01/2020,06/30/2023
SAMPLE HOSPITAL 2697,102696,NM,READM-30-HIP-KNEE-HRRP,298,,0.9788,0.1507,0.154,45,07/01/2020,06/30/2023
SAMPLE HOSPITAL 2697,102696,NM,READM-30-AMI-HRRP,105,,0.9454,0.1688,0.1786,18,07/01/2020,06/30/2023
SAMPLE HOSPITAL 2697,102696,NM,READM-30-PN-HRRP,39,,1.0213,0.2102,0.2058,8,07/01/2020,06/30/2023
SAMPLE HOSPITAL 2698,102697,NV,READM-30-AMI-HRRP,81,,1.0409,0.2636,0.2532,21,07/01/2020,06/30/2023
SAMPLE HOSPITAL 2698,102697,NV,READM-30-COPD-HRRP,358,,0.8674,0.1259,0.1452,45,07/01/2020,06/30/2023
SAMPLE HOSPITAL 2698,102697,NV,READM-30-HIP-KNEE-HRRP,167,,0.9984,0.2393,0.2397,40,07/01/2020,06/30/2023
SAMPLE HOSPITAL 2698,102697,NV,READM-30-CABG-HRRP,104,,1.0013,0.1845,0.1843,19,07/01/2020,06/30/2023
SAMPLE HOSPITAL 2699,102698,SD,READM-30-COPD-HRRP,168,,1.0049,0.244,0.2428,41,07/01/2020,06/30/2023
SAMPLE HOSPITAL 2699,102698,SD,READM-30-HF-HRRP,235,,0.9472,0.2031,0.2144,48,07/01/2020,06/30/2023
SAMPLE HOSPITAL 2699,102698,SD,READM-30-HIP-KNEE-HRRP,340,,1.0641,0.1625,0.1527,55,07/01/2020,06/30/2023
SAMPLE HOSPITAL 2700,102699,UT,READM-30-COPD-HRRP,349,,0.9425,0.1146,0.1216,40,07/01/2020,06/30/2023
SAMPLE HOSPITAL 2700,102699,UT,READM-30-PN-HRRP,169,,0.9264,0.1416,0.1529,24,07/01/2020,06/30/2023
SAMPLE HOSPITAL 2700,102699,UT,READM-30-HF-HRRP,581,,0.9341,0.1493,0.1598,87,07/01/2020,06/30/2023
SAMPLE HOSPITAL 2700,102699,UT,READM-30-CABG-HRRP,64,,0.9337,0.2384,0.2553,15,07/01/2020,06/30/2023
SAMPLE HOSPITAL 2700,102699,UT,READM-30-HIP-KNEE-HRRP,57,,0.892,0.2045,0.2293,12,07/01/2020,06/30/2023
SAMPLE HOSPITAL 2701,102700,ID,READM-30-HIP-KNEE-HRRP,86,,1.0365,0.2615,0.2523,22,07/01/2020,06/30/2023
SAMPLE HOSPITAL 2701,102700,ID,READM-30-COPD-HRRP,62,,0.987,0.1569,0.159,10,07/01/2020,06/30/2023
SAMPLE HOSPITAL 2701,102700,ID,READM-30-HF-HRRP,255,,0.9921,0.1505,0.1517,38,07/01/2020,06/30/2023
SAMPLE HOSPITAL 2701,102700,ID,READM-30-AMI-HRRP,291,,1.068,0.1836,0.1719,53,07/01/2020,06/30/2023
SAMPLE HOSPITAL 2701,102700,ID,READM-30-CABG-HRRP,78,,1.1016,0.2579,0.2341,20,07/01/2020,06/30/2023
SAMPLE HOSPITAL 2701,102700,ID,READM-30-PN-HRRP,394,,1.0762,0.2132,0.1981,84,07/01/2020,06/30/2023
SAMPLE HOSPITAL 2702,102701,UT,READM-30-AMI-HRRP,188,,0.9874,0.178,0.1803,33,07/01/2020,06/30/2023
SAMPLE HOSPITAL 2702,102701,UT,READM-30-HIP-KNEE-HRRP,79,,0.9801,0.2369,0.2417,19,07/01/2020,06/30/2023
SAMPLE HOSPITAL 2702,102701,UT,READM-30-PN-HRRP,269,,1.0612,0.2049,0.1931,55,07/01/2020,06/30/2023
SAMPLE HOSPITAL 2702,102701,UT,READM-30-HF-HRRP,76,,1.0331,0.1771,0.1714,13,07/01/2020,06/30/2023
SAMPLE HOSPITAL 2702,102701,UT,READM-30-CABG-HRRP,246,,0.9157,0.1245,0.136,31,07/01/2020,06/30/2023
SAMPLE HOSPITAL 2703,102702,MI,READM-30-HF-HRRP,429,,0.9929,0.1854,0.1867,80,07/01/2020,06/30/2023
SAMPLE HOSPITAL 2703,102702,MI,READM-30-COPD-HRRP,126,,0.945,0.2064,0.2184,26,07/01/2020,06/30/2023
SAMPLE HOSPITAL 2703,102702,MI,READM-30-AMI-HRRP,99,,0.9964,0.2528,0.2537,25,07/01/2020,06/30/2023
SAMPLE HOSPITAL 2704,102703,VA,READM-30-COPD-HRRP,125,,1.078,0.2422,0.2247,30,07/01/2020,06/30/2023
SAMPLE HOSPITAL 2704,102703,VA,READM-30-AMI-HRRP,230,,0.9898,0.186,0.1879,43,07/01/2020,06/30/2023
SAMPLE HOSPITAL 2704,102703,VA,READM-30-PN-HRRP,163,,0.9304,0.2091,0.2247,34,07/01/2020,06/30/2023
SAMPLE HOSPITAL 2704,102703,VA,READM-30-HF-HRRP,229,,0.9337,0.2321,0.2486,53,07/01/2020,06/30/2023
SAMPLE HOSPITAL 2704,102703,VA,READM-30-CABG-HRRP,157,,0.9965,0.2145,0.2153,34,07/01/2020,06/30/2023
SAMPLE HOSPITAL 2705,102704,FL,READM-30-HIP-KNEE-HRRP,532,,0.9786,0.2238,0.2287,119,07/01/2020,06/30/2023
SAMPLE HOSPITAL 2705,102704,FL,READM-30-CABG-HRRP,353,,0.9909,0.2297,0.2318,81,07/01/2020,06/30/2023
SAMPLE HOSPITAL 2705,102704,FL,READM-30-AMI-HRRP,2781,,1.1244,0.1443,0.1283,401,07/01/2020,06/30/2023
SAMPLE HOSPITAL 2706,102705,SD,READM-30-PN-HRRP,534,,0.9367,0.1419,0.1515,76,07/01/2020,06/30/2023
SAMPLE HOSPITAL 2706,102705,SD,READM-30-COPD-HRRP,106,,1.0025,0.2099,0.2094,22,07/01/2020,06/30/2023
SAMPLE HOSPITAL 2706,102705,SD,READM-30-AMI-HRRP,88,,1.019,0.1473,0.1446,13,07/01/2020,06/30/2023
SAMPLE HOSPITAL 2707,102706,NE,READM-30-AMI-HRRP,233,,1.0053,0.1875,0.1865,44,07/01/2020,06/30/2023
SAMPLE HOSPITAL 2707,102706,NE,READM-30-PN-HRRP,367,,1.0333,0.1921,0.1859,71,07/01/2020,06/30/2023
SAMPLE HOSPITAL 2707,102706,NE,READM-30-CABG-HRRP,167,,0.8617,0.1104,0.1281,18,07/01/2020,06/30/2023
SAMPLE HOSPITAL 2708,102707,AL,READM-30-HF-HRRP,509,,1.031,0.157,0.1523,80,07/01/2020,06/30/2023
SAMPLE HOSPITAL 2708,102707,AL,READM-30-AMI-HRRP,473,,1.0537,0.1503,0.1426,71,07/01/2020,06/30/2023
SAMPLE HOSPITAL 2708,102707,AL,READM-30-CABG-HRRP,192,,1.0249,0.1797,0.1753,35,07/01/2020,06/30/2023
SAMPLE HOSPITAL 2708,102707,AL,READM-30-HIP-KNEE-HRRP,124,,1.0667,0.133,0.1247,16,07/01/2020,06/30/2023
SAMPLE HOSPITAL 2708,102707,AL,READM-30-COPD-HRRP,60,,0.9278,0.1389,0.1497,8,07/01/2020,06/30/2023
SAMPLE HOSPITAL 2708,102707,AL,READM-30-PN-HRRP,417,,1.1488,0.2811,0.2447,117,07/01/2020,06/30/2023
SAMPLE HOSPITAL 2709,102708,AL,READM-30-COPD-HRRP,177,,0.9609,0.2278,0.2371,40,07/01/2020,06/30/2023
SAMPLE HOSPITAL 2709,102708,AL,READM-30-CABG-HRRP,122,,0.9667,0.141,0.1459,17,07/01/2020,06/30/2023
SAMPLE HOSPITAL 2709,102708,AL,READM-30-PN-HRRP,229,,0.937,0.1362,0.1454,31,07/01/2020,06/30/2023
SAMPLE HOSPITAL 2709,102708,AL,READM-30-HIP-KNEE-HRRP,150,,1.0085,0.1767,0.1752,27,07/01/2020,06/30/2023
SAMPLE HOSPITAL 2710,102709,NY,READM-30-CABG-HRRP,275,,1.0535,0.2647,0.2513,73,07/01/2020,06/30/2023
SAMPLE HOSPITAL 2710,102709,NY,READM-30-COPD-HRRP,292,,1.12,0.158,0.1411,46,07/01/2020,06/30/2023
SAMPLE HOSPITAL 2710,102709,NY,READM-30-AMI-HRRP,84,,1.0101,0.1337,0.1324,11,07/01/2020,06/30/2023
SAMPLE HOSPITAL 2711,102710,AK,READM-30-HF-HRRP,183,,1.0658,0.139,0.1304,25,07/01/2020,06/30/2023
SAMPLE HOSPITAL 2711,102710,AK,READM-30-HIP-KNEE-HRRP,32,,1.024,0.2492,0.2434,8,07/01/2020,06/30/2023
SAMPLE HOSPITAL 2711,102710,AK,READM-30-PN-HRRP,473,,0.9801,0.245,0.25,116,07/01/2020,06/30/2023
SAMPLE HOSPITAL 2711,102710,AK,READM-30-COPD-HRRP,36,,1.0085,0.2435,0.2414,9,07/01/2020,06/30/2023
SAMPLE HOSPITAL 2712,102711,DE,READM-30-HIP-KNEE-HRRP,205,,1.0149,0.1273,0.1254,26,07/01/2020,06/30/2023
SAMPLE HOSPITAL 2712,102711,DE,READM-30-PN-HRRP,65,,0.922,0.154,0.167,10,07/01/2020,06/30/2023
SAMPLE HOSPITAL 2712,102711,DE,READM-30-COPD-HRRP,433,,1.072,0.2253,0.2102,98,07/01/2020,06/30/2023
SAMPLE HOSPITAL 2712,102711,DE,READM-30-CABG-HRRP,140,,1.0248,0.2286,0.2231,32,07/01/2020,06/30/2023
SAMPLE HOSPITAL 2712,102711,DE,READM-30-HF-HRRP,265,,1.021,0.225,0.2204,60,07/01/2020,06/30/2023
SAMPLE HOSPITAL 2712,102711,DE,READM-30-AMI-HRRP,138,,1.0519,0.1701,0.1617,23,07/01/2020,06/30/2023
SAMPLE HOSPITAL 2713,102712,NC,READM-30-CABG-HRRP,174,,1.1078,0.2002,0.1807,35,07/01/2020,06/30/2023
SAMPLE HOSPITAL 2713,102712,NC,READM-30-AMI-HRRP,245,,1.046,0.2135,0.2041,52,07/01/2020,06/30/2023
SAMPLE HOSPITAL 2713,102712,NC,READM-30-COPD-HRRP,176,,0.9912,0.1402,0.1414,25,07/01/2020,06/30/2023
SAMPLE HOSPITAL 2714,102713,NY,READM-30-PN-HRRP,242,,1.0441,0.1668,0.1598,40,07/01/2020,06/30/2023
SAMPLE HOSPITAL 2714,102713,NY,READM-30-HIP-KNEE-HRRP,75,,0.9801,0.2093,0.2135,16,07/01/2020,06/30/2023
SAMPLE HOSPITAL 2714,102713,NY,READM-30-AMI-HRRP,303,,0.9511,0.1441,0.1515,44,07/01/2020,06/30/2023
SAMPLE HOSPITAL 2714,102713,NY,READM-30-HF-HRRP,635,,0.8853,0.2151,0.243,137,07/01/2020,06/30/2023
SAMPLE HOSPITAL 2714,102713,NY,READM-30-COPD-HRRP,25,,0.9914,0.1238,0.1249,3,07/01/2020,06/30/2023
SAMPLE HOSPITAL 2714,102713,NY,READM-30-CABG-HRRP,220,,0.9347,0.1951,0.2087,43,07/01/2020,06/30/2023
SAMPLE HOSPITAL 2715,102714,NC,READM-30-COPD-HRRP,251,,1.0059,0.2337,0.2323,59,07/01/2020,06/30/2023
SAMPLE HOSPITAL 2715,102714,NC,READM-30-HIP-KNEE-HRRP,483,,1.0749,0.2252,0.2095,109,07/01/2020,06/30/2023
SAMPLE HOSPITAL 2715,102714,NC,READM-30-CABG-HRRP,57,,1.1291,0.1381,0.1223,8,07/01/2020,06/30/2023
SAMPLE HOSPITAL 2716,102715,NH,READM-30-CABG-HRRP,331,,0.9329,0.1471,0.1577,49,07/01/2020,06/30/2023
SAMPLE HOSPITAL 2716,102715,NH,READM-30-PN-HRRP,183,,1.0858,0.2293,0.2112,42,07/01/2020,06/30/2023
SAMPLE HOSPITAL 2716,102715,NH,READM-30-HF-HRRP,306,,0.9876,0.1618,0.1638,50,07/01/2020,06/30/2023
SAMPLE HOSPITAL 2716,102715,NH,READM-30-COPD-HRRP,251,,1.0166,0.2548,0.2506,64,07/01/2020,06/30/2023
SAMPLE HOSPITAL 2718,102717,RI,READM-30-COPD-HRRP,92,,0.9856,0.2476,0.2512,23,07/01/2020,06/30/2023
SAMPLE HOSPITAL 2718,102717,RI,READM-30-HIP-KNEE-HRRP,84,,1.0148,0.1556,0.1533,13,07/01/2020,06/30/2023
SAMPLE HOSPITAL 2718,102717,RI,READM-30-PN-HRRP,77,,1.0127,0.1832,0.1809,14,07/01/2020,06/30/2023
SAMPLE HOSPITAL 2718,102717,RI,READM-30-HF-HRRP,194,,0.967,0.1459,0.1509,28,07/01/2020,06/30/2023
SAMPLE HOSPITAL 2719,102718,PA,READM-30-HF-HRRP,147,,1.0198,0.251,0.2461,37,07/01/2020,06/30/2023
SAMPLE HOSPITAL 2719,102718,PA,READM-30-COPD-HRRP,88,,1.0129,0.2339,0.2309,21,07/01/2020,06/30/2023
SAMPLE HOSPITAL 2719,102718,PA,READM-30-AMI-HRRP,103,,0.9456,0.2005,0.212,21,07/01/2020,06/30/2023
SAMPLE HOSPITAL 2719,102718,PA,READM-30-CABG-HRRP,69,,1.0227,0.2303,0.2252,16,07/01/2020,06/30/2023
SAMPLE HOSPITAL 2720,102719,MA,READM-30-HF-HRRP,54,,0.9259,0.1118,0.1208,6,07/01/2020,06/30/2023
SAMPLE HOSPITAL 2720,102719,MA,READM-30-COPD-HRRP,246,,0.8889,0.1441,0.1621,35,07/01/2020,06/30/2023
SAMPLE HOSPITAL 2720,102719,MA,READM-30-CABG-HRRP,135,,1.0128,0.1962,0.1937,26,07/01/2020,06/30/2023
SAMPLE HOSPITAL 2720,102719,MA,READM-30-HIP-KNEE-HRRP,126,,0.9866,0.1776,0.18,22,07/01/2020,06/30/2023
SAMPLE HOSPITAL 2721,102720,WI,READM-30-AMI-HRRP,255,,0.976,0.1698,0.174,43,07/01/2020,06/30/2023
SAMPLE HOSPITAL 2721,102720,WI,READM-30-PN-HRRP,427,,0.9035,0.1764,0.1952,75,07/01/2020,06/30/2023
SAMPLE HOSPITAL 2721,102720,WI,READM-30-HF-HRRP,336,,1.0631,0.2372,0.2231,80,07/01/2020,06/30/2023
SAMPLE HOSPITAL 2721,102720,WI,READM-30-CABG-HRRP,94,,1.0247,0.2483,0.2423,23,07/01/2020,06/30/2023
SAMPLE HOSPITAL 2721,102720,WI,READM-30-HIP-KNEE-HRRP,589,,0.9892,0.1426,0.1442,84,07/01/2020,06/30/2023
SAMPLE HOSPITAL 2722,102721,AL,READM-30-HF-HRRP,340,,0.9152,0.2056,0.2247,70,07/01/2020,06/30/2023
SAMPLE HOSPITAL 2722,102721,AL,READM-30-PN-HRRP,284,,1.0767,0.2107,0.1957,60,07/01/2020,06/30/2023
SAMPLE HOSPITAL 2722,102721,AL,READM-30-COPD-HRRP,33,,0.9955,0.2182,0.2192,7,07/01/2020,06/30/2023
SAMPLE HOSPITAL 2722,102721,AL,READM-30-HIP-KNEE-HRRP,203,,1.048,0.1339,0.1278,27,07/01/2020,06/30/2023
SAMPLE HOSPITAL 2723,102722,LA,READM-30-HF-HRRP,182,,1.0018,0.2454,0.245,45,07/01/2020,06/30/2023
SAMPLE HOSPITAL 2723,102722,LA,READM-30-CABG-HRRP,289,,0.8199,0.1834,0.2237,53,07/01/2020,06/30/2023
SAMPLE HOSPITAL 2723,102722,LA,READM-30-AMI-HRRP,347,,0.931,0.1853,0.199,64,07/01/2020,06/30/2023
SAMPLE HOSPITAL 2723,102722,LA,READM-30-HIP-KNEE-HRRP,206,,0.952,0.1414,0.1485,29,07/01/2020,06/30/2023
SAMPLE HOSPITAL 2724,102723,NJ,READM-30-HF-HRRP,53,,1.0372,0.1369,0.132,7,07/01/2020,06/30/2023
SAMPLE HOSPITAL 2724,102723,NJ,READM-30-HIP-KNEE-HRRP,271,,1.0542,0.254,0.2409,69,07/01/2020,06/30/2023
SAMPLE HOSPITAL 2724,102723,NJ,READM-30-PN-HRRP,196,,1.1026,0.1853,0.1681,36,07/01/2020,06/30/2023
SAMPLE HOSPITAL 2724,102723,NJ,READM-30-CABG-HRRP,204,,1.0265,0.2659,0.259,54,07/01/2020,06/30/2023
SAMPLE HOSPITAL 2724,102723,NJ,READM-30-COPD-HRRP,42,,0.8943,0.1822,0.2037,8,07/01/2020,06/30/2023
SAMPLE HOSPITAL 2725,102724,ND,READM-30-COPD-HRRP,399,,0.9804,0.2328,0.2375,93,07/01/2020,06/30/2023
SAMPLE HOSPITAL 2725,102724,ND,READM-30-HIP-KNEE-HRRP,1351,,1.0008,0.1844,0.1843,249,07/01/2020,06/30/2023
SAMPLE HOSPITAL 2725,102724,ND,READM-30-PN-HRRP,148,,0.9492,0.1482,0.1561,22,07/01/2020,06/30/2023
SAMPLE HOSPITAL 2725,102724,ND,READM-30-HF-HRRP,80,,0.9876,0.1987,0.2012,16,07/01/2020,06/30/2023
SAMPLE HOSPITAL 2725,102724,ND,READM-30-CABG-HRRP,99,,0.9444,0.1684,0.1783,17,07/01/2020,06/30/2023
SAMPLE HOSPITAL 2725,102724,ND,READM-30-AMI-HRRP,45,,0.8995,0.1138,0.1265,5,07/01/2020,06/30/2023
SAMPLE HOSPITAL 2726,102725,NC,READM-30-HIP-KNEE-HRRP,157,,0.8855,0.1718,0.194,27,07/01/2020,06/30/2023
SAMPLE HOSPITAL 2726,102725,NC,READM-30-COPD-HRRP,87,,0.9971,0.1365,0.1369,12,07/01/2020,06/30/2023
SAMPLE HOSPITAL 2726,102725,NC,READM-30-CABG-HRRP,108,,1.058,0.2411,0.2279,26,07/01/2020,06/30/2023
SAMPLE HOSPITAL 2726,102725,NC,READM-30-HF-HRRP,47,,0.9774,0.1856,0.1899,9,07/01/2020,06/30/2023
SAMPLE HOSPITAL 2726,102725,NC,READM-30-PN-HRRP,232,,0.9173,0.1927,0.2101,45,07/01/2020,06/30/2023
SAMPLE HOSPITAL 2727,102726,VA,READM-30-COPD-HRRP,229,,0.9674,0.1442,0.1491,33,07/01/2020,06/30/2023
SAMPLE HOSPITAL 2727,102726,VA,READM-30-AMI-HRRP,179,,0.9773,0.2502,0.256,45,07/01/2020,06/30/2023
SAMPLE HOSPITAL 2727,102726,VA,READM-30-HIP-KNEE-HRRP,319,,0.9707,0.163,0.1679,52,07/01/2020,06/30/2023
SAMPLE HOSPITAL 2727,102726,VA,READM-30-HF-HRRP,160,,0.9744,0.1572,0.1613,25,07/01/2020,06/30/2023
SAMPLE HOSPITAL 2728,102727,LA,READM-30-COPD-HRRP,329,,0.9575,0.1907,0.1992,63,07/01/2020,06/30/2023
SAMPLE HOSPITAL 2728,102727,LA,READM-30-HIP-KNEE-HRRP,256,,1.0399,0.2688,0.2585,69,07/01/2020,06/30/2023
SAMPLE HOSPITAL 2728,102727,LA,READM-30-AMI-HRRP,99,,1.0015,0.1777,0.1774,18,07/01/2020,06/30/2023
SAMPLE HOSPITAL 2728,102727,LA,READM-30-PN-HRRP,339,,1.0975,0.2049,0.1867,69,07/01/2020,06/30/2023
SAMPLE HOSPITAL 2729,102728,NH,READM-30-AMI-HRRP,187,,0.9521,0.2333,0.245,44,07/01/2020,06/30/2023
SAMPLE HOSPITAL 2729,102728,NH,READM-30-HIP-KNEE-HRRP,160,,1.0729,0.1593,0.1485,25,07/01/2020,06/30/2023
SAMPLE HOSPITAL 2729,102728,NH,READM-30-CABG-HRRP,345,,1.0114,0.1386,0.137,48,07/01/2020,06/30/2023
SAMPLE HOSPITAL 2729,102728,NH,READM-30-HF-HRRP,269,,0.9956,0.1876,0.1884,50,07/01/2020,06/30/2023
SAMPLE HOSPITAL 2730,102729,MN,READM-30-CABG-HRRP,389,,1.0811,0.2302,0.2129,90,07/01/2020,06/30/2023
SAMPLE HOSPITAL 2730,102729,MN,READM-30-AMI-HRRP,286,,0.9738,0.1829,0.1878,52,07/01/2020,06/30/2023
SAMPLE HOSPITAL 2730,102729,MN,READM-30-COPD-HRRP,746,,1.1831,0.3042,0.2571,227,07/01/2020,06/30/2023
SAMPLE HOSPITAL 2730,102729,MN,READM-30-HF-HRRP,402,,1.0096,0.2456,0.2433,99,07/01/2020,06/30/2023
SAMPLE HOSPITAL 2730,102729,MN,READM-30-PN-HRRP,198,,1.0375,0.1731,0.1668,34,07/01/2020,06/30/2023
SAMPLE HOSPITAL 2730,102729,MN,READM-30-HIP-KNEE-HRRP,222,,1.0695,0.1738,0.1625,39,07/01/2020,06/30/2023
SAMPLE HOSPITAL 2731,102730,SD,READM-30-CABG-HRRP,221,,0.9905,0.2132,0.2152,47,07/01/2020,06/30/2023
SAMPLE HOSPITAL 2731,102730,SD,READM-30-HIP-KNEE-HRRP,77,,0.9275,0.1375,0.1482,11,07/01/2020,06/30/2023
SAMPLE HOSPITAL 2731,102730,SD,READM-30-COPD-HRRP,313,,1.0848,0.1634,0.1506,51,07/01/2020,06/30/2023
SAMPLE HOSPITAL 2731,102730,SD,READM-30-AMI-HRRP,594,,1.0889,0.2686,0.2467,160,07/01/2020,06/30/2023
SAMPLE HOSPITAL 2731,102730,SD,READM-30-HF-HRRP,382,,0.9909,0.1628,0.1643,62,07/01/2020,06/30/2023
SAMPLE HOSPITAL 2732,102731,NC,READM-30-HF-HRRP,204,,0.8964,0.1402,0.1564,29,07/01/2020,06/30/2023
SAMPLE HOSPITAL 2732,102731,NC,READM-30-HIP-KNEE-HRRP,436,,0.8799,0.1485,0.1688,65,07/01/2020,06/30/2023
SAMPLE HOSPITAL 2732,102731,NC,READM-30-COPD-HRRP,645,,0.893,0.2176,0.2437,140,07/01/2020,06/30/2023
SAMPLE HOSPITAL 2733,102732,IN,READM-30-HF-HRRP,139,,0.9558,0.2174,0.2275,30,07/01/2020,06/30/2023
SAMPLE HOSPITAL 2733,102732,IN,READM-30-AMI-HRRP,147,,1.0529,0.17,0.1615,25,07/01/2020,06/30/2023
SAMPLE HOSPITAL 2733,102732,IN,READM-30-HIP-KNEE-HRRP,426,,0.9476,0.2253,0.2378,96,07/01/2020,06/30/2023
SAMPLE HOSPITAL 2734,102733,UT,READM-30-CABG-HRRP,136,,0.9474,0.1485,0.1567,20,07/01/2020,06/30/2023
SAMPLE HOSPITAL 2734,102733,UT,READM-30-HF-HRRP,265,,0.9949,0.167,0.1679,44,07/01/2020,06/30/2023
SAMPLE HOSPITAL 2734,102733,UT,READM-30-COPD-HRRP,142,,0.9806,0.2499,0.2548,35,07/01/2020,06/30/2023
SAMPLE HOSPITAL 2735,102734,GA,READM-30-CABG-HRRP,614,,1.0577,0.194,0.1834,119,07/01/2020,06/30/2023
SAMPLE HOSPITAL 2735,102734,GA,READM-30-PN-HRRP,113,,1.02,0.1808,0.1773,20,07/01/2020,06/30/2023
SAMPLE HOSPITAL 2735,102734,GA,READM-30-COPD-HRRP,140,,0.9437,0.2105,0.2231,29,07/01/2020,06/30/2023
SAMPLE HOSPITAL 2736,102735,FL,READM-30-AMI-HRRP,41,,1.0455,0.1944,0.1859,8,07/01/2020,06/30/2023
SAMPLE HOSPITAL 2736,102735,FL,READM-30-HF-HRRP,620,,1.0031,0.1763,0.1758,109,07/01/2020,06/30/2023
SAMPLE HOSPITAL 2736,102735,FL,READM-30-COPD-HRRP,212,,1.0408,0.2653,0.2549,56,07/01/2020,06/30/2023
SAMPLE HOSPITAL 2736,102735,FL,READM-30-HIP-KNEE-HRRP,311,,1.0622,0.2572,0.2421,80,07/01/2020,06/30/2023
SAMPLE HOSPITAL 2736,102735,FL,READM-30-CABG-HRRP,557,,0.9384,0.1766,0.1882,98,07/01/2020,06/30/2023
SAMPLE HOSPITAL 2736,102735,FL,READM-30-PN-HRRP,500,,0.8471,0.1908,0.2252,95,07/01/2020,06/30/2023
SAMPLE HOSPITAL 2737,102736,KS,READM-30-COPD-HRRP,359,,0.9996,0.2151,0.2152,77,07/01/2020,06/30/2023
SAMPLE HOSPITAL 2737,102736,KS,READM-30-AMI-HRRP,444,,1.0386,0.2668,0.2569,118,07/01/2020,06/30/2023
SAMPLE HOSPITAL 2737,102736,KS,READM-30-HF-HRRP,84,,0.9697,0.1427,0.1472,12,07/01/2020,06/30/2023
SAMPLE HOSPITAL 2737,102736,KS,READM-30-PN-HRRP,155,,1.0511,0.1632,0.1553,25,07/01/2020,06/30/2023
SAMPLE HOSPITAL 2737,102736,KS,READM-30-HIP-KNEE-HRRP,277,,1.0776,0.1399,0.1298,39,07/01/2020,06/30/2023
SAMPLE HOSPITAL 2738,102737,IL,READM-30-COPD-HRRP,38,,0.9746,0.2481,0.2546,9,07/01/2020,06/30/2023
SAMPLE HOSPITAL 2738,102737,IL,READM-30-PN-HRRP,320,,0.9785,0.1768,0.1807,57,07/01/2020,06/30/2023
SAMPLE HOSPITAL 2738,102737,IL,READM-30-CABG-HRRP,81,,1.0039,0.1266,0.1261,10,07/01/2020,06/30/2023
SAMPLE HOSPITAL 2738,102737,IL,READM-30-HF-HRRP,34,,0.9863,0.1328,0.1346,5,07/01/2020,06/30/2023
SAMPLE HOSPITAL 2738,102737,IL,READM-30-HIP-KNEE-HRRP,215,,1.1413,0.18,0.1577,39,07/01/2020,06/30/2023
SAMPLE HOSPITAL 2739,102738,MA,READM-30-CABG-HRRP,65,,0.9719,0.1664,0.1712,11,07/01/2020,06/30/2023
SAMPLE HOSPITAL 2739,102738,MA,READM-30-COPD-HRRP,121,,1.0793,0.2654,0.2459,32,07/01/2020,06/30/2023
SAMPLE HOSPITAL 2739,102738,MA,READM-30-HF-HRRP,123,,1.0177,0.1408,0.1384,17,07/01/2020,06/30/2023
SAMPLE HOSPITAL 2739,102738,MA,READM-30-AMI-HRRP,Too Few to Report,1,Too Few to Report,,,,07/01/2020,06/30/2023
SAMPLE HOSPITAL 2739,102738,MA,READM-30-HIP-KNEE-HRRP,366,,0.8566,0.1906,0.2225,70,07/01/2020,06/30/2023
SAMPLE HOSPITAL 2740,102739,OR,READM-30-AMI-HRRP,415,,1.0216,0.2582,0.2527,107,07/01/2020,06/30/2023
SAMPLE HOSPITAL 2740,102739,OR,READM-30-HF-HRRP,180,,0.9738,0.127,0.1304,23,07/01/2020,06/30/2023
SAMPLE HOSPITAL 2740,102739,OR,READM-30-HIP-KNEE-HRRP,112,,1.0346,0.242,0.2339,27,07/01/2020,06/30/2023
SAMPLE HOSPITAL 2740,102739,OR,READM-30-COPD-HRRP,50,,1.0927,0.2215,0.2027,11,07/01/2020,06/30/2023
SAMPLE HOSPITAL 2741,102740,SD,READM-30-HF-HRRP,591,,1.0018,0.1882,0.1879,111,07/01/2020,06/30/2023
SAMPLE HOSPITAL 2741,102740,SD,READM-30-COPD-HRRP,327,,1.0297,0.1453,0.1411,48,07/01/2020,06/30/2023
SAMPLE HOSPITAL 2741,102740,SD,READM-30-AMI-HRRP,78,,0.9714,0.1828,0.1882,14,07/01/2020,06/30/2023
SAMPLE HOSPITAL 2742,102741,TN,READM-30-AMI-HRRP,243,,1.057,0.2737,0.2589,67,07/01/2020,06/30/2023
SAMPLE HOSPITAL 2742,102741,TN,READM-30-COPD-HRRP,92,,1.0366,0.1852,0.1787,17,07/01/2020,06/30/2023
SAMPLE HOSPITAL 2742,102741,TN,READM-30-PN-HRRP,288,,1.0505,0.2683,0.2554,77,07/01/2020,06/30/2023
SAMPLE HOSPITAL 2743,102742,MI,READM-30-CABG-HRRP,713,,0.8595,0.193,0.2245,138,07/01/2020,06/30/2023
SAMPLE HOSPITAL 2743,102742,MI,READM-30-HF-HRRP,993,,1.0014,0.2086,0.2083,207,07/01/2020,06/30/2023
SAMPLE HOSPITAL 2743,102742,MI,READM-30-PN-HRRP,238,,1.0493,0.1318,0.1256,31,07/01/2020,06/30/2023
SAMPLE HOSPITAL 2743,102742,MI,READM-30-HIP-KNEE-HRRP,171,,1.0318,0.2186,0.2119,37,07/01/2020,06/30/2023
SAMPLE HOSPITAL 2743,102742,MI,READM-30-COPD-HRRP,75,,0.9495,0.2041,0.215,15,07/01/2020,06/30/2023
SAMPLE HOSPITAL 2743,102742,MI,READM-30-AMI-HRRP,185,,1.021,0.1238,0.1213,23,07/01/2020,06/30/2023
SAMPLE HOSPITAL 2744,102743,IA,READM-30-HIP-KNEE-HRRP,202,,0.9919,0.2337,0.2356,47,07/01/2020,06/30/2023
SAMPLE HOSPITAL 2744,102743,IA,READM-30-CABG-HRRP,248,,1.0874,0.2629,0.2418,65,07/01/2020,06/30/2023
SAMPLE HOSPITAL 2744,102743,IA,READM-30-PN-HRRP,147,,1.0357,0.1939,0.1872,29,07/01/2020,06/30/2023
SAMPLE HOSPITAL 2744,102743,IA,READM-30-COPD-HRRP,128,,1.1107,0.2427,0.2185,31,07/01/2020,06/30/2023
SAMPLE HOSPITAL 2744,102743,IA,READM-30-HF-HRRP,54,,1.0236,0.1817,0.1775,10,07/01/2020,06/30/2023
SAMPLE HOSPITAL 2744,102743,IA,READM-30-AMI-HRRP,242,,0.9268,0.2022,0.2182,49,07/01/2020,06/30/2023
SAMPLE HOSPITAL 2745,102744,VT,READM-30-CABG-HRRP,113,,1.0098,0.2533,0.2508,29,07/01/2020,06/30/2023
SAMPLE HOSPITAL 2745,102744,VT,READM-30-HF-HRRP,98,,1.0703,0.1773,0.1657,17,07/01/2020,06/30/2023
SAMPLE HOSPITAL 2745,102744,VT,READM-30-COPD-HRRP,226,,1.044,0.2364,0.2264,53,07/01/2020,06/30/2023
SAMPLE HOSPITAL 2745,102744,VT,READM-30-AMI-HRRP,303,,0.9957,0.1716,0.1723,52,07/01/2020,06/30/2023
SAMPLE HOSPITAL 2746,102745,ID,READM-30-CABG-HRRP,155,,1.0142,0.1996,0.1968,31,07/01/2020,06/30/2023
SAMPLE HOSPITAL 2746,102745,ID,READM-30-PN-HRRP,35,,0.9564,0.2344,0.2451,8,07/01/2020,06/30/2023
SAMPLE HOSPITAL 2746,102745,ID,READM-30-HF-HRRP,128,,1.0286,0.2555,0.2484,33,07/01/2020,06/30/2023
SAMPLE HOSPITAL 2746,102745,ID,READM-30-AMI-HRRP,201,,1.1135,0.2258,0.2028,45,07/01/2020,06/30/2023
SAMPLE HOSPITAL 2747,102746,AK,READM-30-AMI-HRRP,323,,0.9687,0.1388,0.1433,45,07/01/2020,06/30/2023
SAMPLE HOSPITAL 2747,102746,AK,READM-30-HIP-KNEE-HRRP,365,,0.9106,0.2292,0.2517,84,07/01/2020,06/30/2023
SAMPLE HOSPITAL 2747,102746,AK,READM-30-COPD-HRRP,114,,1.044,0.2414,0.2312,28,07/01/2020,06/30/2023
SAMPLE HOSPITAL 2747,102746,AK,READM-30-PN-HRRP,109,,0.9574,0.1822,0.1903,20,07/01/2020,06/30/2023
SAMPLE HOSPITAL 2748,102747,DE,READM-30-PN-HRRP,396,,1.0124,0.1579,0.156,63,07/01/2020,06/30/2023
SAMPLE HOSPITAL 2748,102747,DE,READM-30-HIP-KNEE-HRRP,133,,0.9067,0.1348,0.1487,18,07/01/2020,06/30/2023
SAMPLE HOSPITAL 2748,102747,DE,READM-30-COPD-HRRP,89,,1.0664,0.2649,0.2484,24,07/01/2020,06/30/2023
SAMPLE HOSPITAL 2749,102748,WV,READM-30-PN-HRRP,109,,0.9977,0.138,0.1383,15,07/01/2020,06/30/2023
SAMPLE HOSPITAL 2749,102748,WV,READM-30-AMI-HRRP,195,,1.005,0.2603,0.259,51,07/01/2020,06/30/2023
SAMPLE HOSPITAL 2749,102748,WV,READM-30-HF-HRRP,146,,0.9022,0.1564,0.1734,23,07/01/2020,06/30/2023
SAMPLE HOSPITAL 2749,102748,WV,READM-30-COPD-HRRP,318,,0.9659,0.2219,0.2297,71,07/01/2020,06/30/2023
SAMPLE HOSPITAL 2749,102748,WV,READM-30-HIP-KNEE-HRRP,222,,1.0325,0.1798,0.1741,40,07/01/2020,06/30/2023
SAMPLE HOSPITAL 2750,102749,NE,READM-30-PN-HRRP,320,,1.029,0.1352,0.1314,43,07/01/2020,06/30/2023
SAMPLE HOSPITAL 2750,102749,NE,READM-30-HF-HRRP,204,,1.1408,0.2927,0.2566,60,07/01/2020,06/30/2023
SAMPLE HOSPITAL 2750,102749,NE,READM-30-HIP-KNEE-HRRP,41,,1.0415,0.189,0.1815,8,07/01/2020,06/30/2023
SAMPLE HOSPITAL 2750,102749,NE,READM-30-COPD-HRRP,165,,0.9953,0.2399,0.241,40,07/01/2020,06/30/2023
SAMPLE HOSPITAL 2750,102749,NE,READM-30-CABG-HRRP,40,,1.0082,0.174,0.1726,7,07/01/2020,06/30/2023
SAMPLE HOSPITAL 2751,102750,MA,READM-30-AMI-HRRP,186,,0.9839,0.2079,0.2113,39,07/01/2020,06/30/2023
SAMPLE HOSPITAL 2751,102750,MA,READM-30-HIP-KNEE-HRRP,94,,1.0795,0.1417,0.1313,13,07/01/2020,06/30/2023
SAMPLE HOSPITAL 2751,102750,MA,READM-30-CABG-HRRP,164,,0.9027,0.1348,0.1493,22,07/01/2020,06/30/2023
SAMPLE HOSPITAL 2751,102750,MA,READM-30-PN-HRRP,215,,1.0377,0.2005,0.1932,43,07/01/2020,06/30/2023
SAMPLE HOSPITAL 2751,102750,MA,READM-30-HF-HRRP,115,,0.9633,0.1659,0.1722,19,07/01/2020,06/30/2023
SAMPLE HOSPITAL 2752,102751,GA,READM-30-PN-HRRP,279,,0.953,0.2148,0.2254,60,07/01/2020,06/30/2023
SAMPLE HOSPITAL 2752,102751,GA,READM-30-HF-HRRP,385,,0.9815,0.2009,0.2047,77,07/01/2020,06/30/2023
SAMPLE HOSPITAL 2752,102751,GA,READM-30-COPD-HRRP,205,,1.0619,0.2284,0.2151,47,07/01/2020,06/30/2023
SAMPLE HOSPITAL 2752,102751,GA,READM-30-AMI-HRRP,140,,1.0021,0.1595,0.1592,22,07/01/2020,06/30/2023
SAMPLE HOSPITAL 2752,102751,GA,READM-30-HIP-KNEE-HRRP,188,,1.0683,0.1907,0.1785,36,07/01/2020,06/30/2023
SAMPLE HOSPITAL 2752,102751,GA,READM-30-CABG-HRRP,1031,,1.0388,0.1461,0.1406,151,07/01/2020,06/30/2023
SAMPLE HOSPITAL 2753,102752,OR,READM-30-COPD-HRRP,480,,0.9157,0.1935,0.2113,93,07/01/2020,06/30/2023
SAMPLE HOSPITAL 2753,102752,OR,READM-30-HIP-KNEE-HRRP,118,,1.0645,0.2637,0.2477,31,07/01/2020,06/30/2023
SAMPLE HOSPITAL 2753,102752,OR,READM-30-HF-HRRP,186,,0.8879,0.1686,0.1899,31,07/01/2020,06/30/2023
SAMPLE HOSPITAL 2753,102752,OR,READM-30-AMI-HRRP,38,,1.0047,0.2513,0.2501,10,07/01/2020,06/30/2023
SAMPLE HOSPITAL 2754,102753,NY,READM-30-AMI-HRRP,250,,1.0747,0.1486,0.1383,37,07/01/2020,06/30/2023
SAMPLE HOSPITAL 2754,102753,NY,READM-30-COPD-HRRP,Too Few to Report,1,Too Few to Report,,,,07/01/2020,06/30/2023
SAMPLE HOSPITAL 2754,102753,NY,READM-30-HIP-KNEE-HRRP,259,,1.1278,0.1689,0.1498,44,07/01/2020,06/30/2023
SAMPLE HOSPITAL 2754,102753,NY,READM-30-CABG-HRRP,179,,1.0439,0.2056,0.197,37,07/01/2020,06/30/2023
SAMPLE HOSPITAL 2754,102753,NY,READM-30-PN-HRRP,72,,1.0352,0.2189,0.2115,16,07/01/2020,06/30/2023
SAMPLE HOSPITAL 2755,102754,NH,READM-30-CABG-HRRP,316,,1.0571,0.1909,0.1806,60,07/01/2020,06/30/2023
SAMPLE HOSPITAL 2755,102754,NH,READM-30-PN-HRRP,326,,1.0332,0.1782,0.1725,58,07/01/2020,06/30/2023
SAMPLE HOSPITAL 2755,102754,NH,READM-30-COPD-HRRP,196,,1.0921,0.1542,0.1412,30,07/01/2020,06/30/2023
SAMPLE HOSPITAL 2755,102754,NH,READM-30-HF-HRRP,473,,1.0541,0.2446,0.232,116,07/01/2020,06/30/2023
SAMPLE HOSPITAL 2756,102755,OK,READM-30-HF-HRRP,882,,1.0764,0.2137,0.1985,188,07/01/2020,06/30/2023
SAMPLE HOSPITAL 2756,102755,OK,READM-30-HIP-KNEE-HRRP,210,,1.0787,0.2335,0.2165,49,07/01/2020,06/30/2023
SAMPLE HOSPITAL 2756,102755,OK,READM-30-COPD-HRRP,461,,1.007,0.1403,0.1393,65,07/01/2020,06/30/2023
SAMPLE HOSPITAL 2757,102756,NV,READM-30-CABG-HRRP,77,,1.1527,0.2598,0.2254,20,07/01/2020,06/30/2023
SAMPLE HOSPITAL 2757,102756,NV,READM-30-COPD-HRRP,477,,1.0732,0.2268,0.2113,108,07/01/2020,06/30/2023
SAMPLE HOSPITAL 2757,102756,NV,READM-30-HIP-KNEE-HRRP,260,,1.1161,0.2182,0.1955,57,07/01/2020,06/30/2023
SAMPLE HOSPITAL 2758,102757,NC,READM-30-PN-HRRP,94,,1.0654,0.2394,0.2247,23,07/01/2020,06/30/2023
SAMPLE HOSPITAL 2758,102757,NC,READM-30-HF-HRRP,Too Few to Report,1,Too Few to Report,,,,07/01/2020,06/30/2023
SAMPLE HOSPITAL 2758,102757,NC,READM-30-COPD-HRRP,88,,1.1235,0.2735,0.2434,24,07/01/2020,06/30/2023
SAMPLE HOSPITAL 2759,102758,NY,READM-30-PN-HRRP,237,,1.01,0.1685,0.1668,40,07/01/2020,06/30/2023
SAMPLE HOSPITAL 2759,102758,NY,READM-30-AMI-HRRP,86,,0.9406,0.1433,0.1523,12,07/01/2020,06/30/2023
SAMPLE HOSPITAL 2759,102758,NY,READM-30-CABG-HRRP,112,,1.0628,0.2376,0.2236,27,07/01/2020,06/30/2023
SAMPLE HOSPITAL 2759,102758,NY,READM-30-HIP-KNEE-HRRP,212,,0.9403,0.1224,0.1302,26,07/01/2020,06/30/2023
SAMPLE HOSPITAL 2760,102759,MO,READM-30-HIP-KNEE-HRRP,1237,,1.0427,0.2253,0.2161,279,07/01/2020,06/30/2023
SAMPLE HOSPITAL 2760,102759,MO,READM-30-CABG-HRRP,109,,1.0285,0.1817,0.1767,20,07/01/2020,06/30/2023
SAMPLE HOSPITAL 2760,102759,MO,READM-30-PN-HRRP,195,,1.0572,0.2196,0.2077,43,07/01/2020,06/30/2023
SAMPLE HOSPITAL 2760,102759,MO,READM-30-HF-HRRP,103,,0.996,0.1366,0.1371,14,07/01/2020,06/30/2023
SAMPLE HOSPITAL 2760,102759,MO,READM-30-AMI-HRRP,60,,0.9603,0.1445,0.1505,9,07/01/2020,06/30/2023
SAMPLE HOSPITAL 2761,102760,DE,READM-30-HF-HRRP,155,,0.9941,0.1599,0.1608,25,07/01/2020,06/30/2023
SAMPLE HOSPITAL 2761,102760,DE,READM-30-AMI-HRRP,Too Few to Report,1,Too Few to Report,,,,07/01/2020,06/30/2023
SAMPLE HOSPITAL 2761,102760,DE,READM-30-COPD-HRRP,253,,0.8689,0.2135,0.2457,54,07/01/2020,06/30/2023
SAMPLE HOSPITAL 2761,102760,DE,READM-30-HIP-KNEE-HRRP,104,,0.9505,0.244,0.2567,25,07/01/2020,06/30/2023
SAMPLE HOSPITAL 2761,102760,DE,READM-30-PN-HRRP,50,,0.9253,0.1125,0.1216,6,07/01/2020,06/30/2023
SAMPLE HOSPITAL 2762,102761,SC,READM-30-HIP-KNEE-HRRP,194,,0.8224,0.1243,0.1511,24,07/01/2020,06/30/2023
SAMPLE HOSPITAL 2762,102761,SC,READM-30-AMI-HRRP,710,,0.9732,0.2326,0.239,165,07/01/2020,06/30/2023
SAMPLE HOSPITAL 2762,102761,SC,READM-30-HF-HRRP,350,,0.9186,0.2209,0.2405,77,07/01/2020,06/30/2023
SAMPLE HOSPITAL 2763,102762,NY,READM-30-PN-HRRP,75,,0.9721,0.1631,0.1678,12,07/01/2020,06/30/2023
SAMPLE HOSPITAL 2763,102762,NY,READM-30-HF-HRRP,385,,1.041,0.1978,0.19,76,07/01/2020,06/30/2023
SAMPLE HOSPITAL 2763,102762,NY,READM-30-HIP-KNEE-HRRP,183,,1.0431,0.238,0.2282,44,07/01/2020,06/30/2023
SAMPLE HOSPITAL 2763,102762,NY,READM-30-AMI-HRRP,277,,0.999,0.1547,0.1549,43,07/01/2020,06/30/2023
SAMPLE HOSPITAL 2764,102763,IA,READM-30-HF-HRRP,71,,1.0138,0.2416,0.2383,17,07/01/2020,06/30/2023
SAMPLE HOSPITAL 2764,102763,IA,READM-30-CABG-HRRP,499,,1.0234,0.2265,0.2213,113,07/01/2020,06/30/2023
SAMPLE HOSPITAL 2764,102763,IA,READM-30-HIP-KNEE-HRRP,30,,0.9783,0.1215,0.1242,4,07/01/2020,06/30/2023
SAMPLE HOSPITAL 2764,102763,IA,READM-30-AMI-HRRP,74,,1.1401,0.2938,0.2577,22,07/01/2020,06/30/2023
SAMPLE HOSPITAL 2764,102763,IA,READM-30-COPD-HRRP,200,,1.1216,0.2914,0.2598,58,07/01/2020,06/30/2023
SAMPLE HOSPITAL 2764,102763,IA,READM-30-PN-HRRP,61,,1.0335,0.2441,0.2362,15,07/01/2020,06/30/2023
SAMPLE HOSPITAL 2765,102764,MA,READM-30-HIP-KNEE-HRRP,83,,0.9651,0.1472,0.1525,12,07/01/2020,06/30/2023
SAMPLE HOSPITAL 2765,102764,MA,READM-30-COPD-HRRP,130,,0.9695,0.2041,0.2105,27,07/01/2020,06/30/2023
SAMPLE HOSPITAL 2765,102764,MA,READM-30-PN-HRRP,261,,0.9959,0.2011,0.2019,52,07/01/2020,06/30/2023
SAMPLE HOSPITAL 2765,102764,MA,READM-30-CABG-HRRP,278,,1.0193,0.1754,0.1721,49,07/01/2020,06/30/2023
SAMPLE HOSPITAL 2765,102764,MA,READM-30-AMI-HRRP,79,,1.0317,0.2116,0.2051,17,07/01/2020,06/30/2023
SAMPLE HOSPITAL 2765,102764,MA,READM-30-HF-HRRP,1226,,0.9231,0.1975,0.214,242,07/01/2020,06/30/2023
SAMPLE HOSPITAL 2766,102765,VA,READM-30-PN-HRRP,199,,1.043,0.2284,0.219,45,07/01/2020,06/30/2023
SAMPLE HOSPITAL 2766,102765,VA,READM-30-HF-HRRP,2035,,0.9745,0.1961,0.2012,399,07/01/2020,06/30/2023
SAMPLE HOSPITAL 2766,102765,VA,READM-30-COPD-HRRP,86,,0.9409,0.1828,0.1943,16,07/01/2020,06/30/2023
SAMPLE HOSPITAL 2766,102765,VA,READM-30-AMI-HRRP,128,,0.866,0.2237,0.2583,29,07/01/2020,06/30/2023
SAMPLE HOSPITAL 2767,102766,LA,READM-30-PN-HRRP,642,,0.9263,0.1923,0.2076,123,07/01/2020,06/30/2023
SAMPLE HOSPITAL 2767,102766,LA,READM-30-AMI-HRRP,119,,1.0056,0.2536,0.2522,30,07/01/2020,06/30/2023
SAMPLE HOSPITAL 2767,102766,LA,READM-30-HIP-KNEE-HRRP,86,,1.0319,0.219,0.2122,19,07/01/2020,06/30/2023
SAMPLE HOSPITAL 2767,102766,LA,READM-30-COPD-HRRP,197,,0.9628,0.1309,0.136,26,07/01/2020,06/30/2023
SAMPLE HOSPITAL 2767,102766,LA,READM-30-HF-HRRP,501,,0.9171,0.1132,0.1234,57,07/01/2020,06/30/2023
SAMPLE HOSPITAL 2768,102767,RI,READM-30-PN-HRRP,666,,1.1314,0.1756,0.1552,117,07/01/2020,06/30/2023
SAMPLE HOSPITAL 2768,102767,RI,READM-30-HIP-KNEE-HRRP,106,,1.0395,0.127,0.1222,13,07/01/2020,06/30/2023
SAMPLE HOSPITAL 2768,102767,RI,READM-30-AMI-HRRP,107,,1.0394,0.2159,0.2077,23,07/01/2020,06/30/2023
SAMPLE HOSPITAL 2769,102768,TX,READM-30-COPD-HRRP,486,,1.0262,0.126,0.1228,61,07/01/2020,06/30/2023
SAMPLE HOSPITAL 2769,102768,TX,READM-30-HIP-KNEE-HRRP,346,,1.0279,0.2328,0.2265,81,07/01/2020,06/30/2023
SAMPLE HOSPITAL 2769,102768,TX,READM-30-HF-HRRP,85,,1.0266,0.1797,0.175,15,07/01/2020,06/30/2023
SAMPLE HOSPITAL 2769,102768,TX,READM-30-AMI-HRRP,405,,1.0065,0.2263,0.2248,92,07/01/2020,06/30/2023
SAMPLE HOSPITAL 2769,102768,TX,READM-30-CABG-HRRP,206,,0.9234,0.2005,0.2171,41,07/01/2020,06/30/2023
SAMPLE HOSPITAL 2770,102769,UT,READM-30-HIP-KNEE-HRRP,538,,0.9337,0.1884,0.2018,101,07/01/2020,06/30/2023
SAMPLE HOSPITAL 2770,102769,UT,READM-30-AMI-HRRP,183,,0.9661,0.1983,0.2053,36,07/01/2020,06/30/2023
SAMPLE HOSPITAL 2770,102769,UT,READM-30-COPD-HRRP,185,,0.9833,0.1832,0.1863,34,07/01/2020,06/30/2023
SAMPLE HOSPITAL 2771,102770,MO,READM-30-HF-HRRP,148,,0.988,0.1862,0.1885,28,07/01/2020,06/30/2023
SAMPLE HOSPITAL 2771,102770,MO,READM-30-PN-HRRP,207,,0.9415,0.1149,0.122,24,07/01/2020,06/30/2023
SAMPLE HOSPITAL 2771,102770,MO,READM-30-COPD-HRRP,337,,0.9901,0.1722,0.1739,58,07/01/2020,06/30/2023
SAMPLE HOSPITAL 2772,102771,NJ,READM-30-HIP-KNEE-HRRP,495,,0.9907,0.2407,0.243,119,07/01/2020,06/30/2023
SAMPLE HOSPITAL 2772,102771,NJ,READM-30-PN-HRRP,838,,1.0059,0.1913,0.1902,160,07/01/2020,06/30/2023
SAMPLE HOSPITAL 2772,102771,NJ,READM-30-HF-HRRP,78,,0.9565,0.1512,0.1581,12,07/01/2020,06/30/2023
SAMPLE HOSPITAL 2772,102771,NJ,READM-30-COPD-HRRP,47,,1.0092,0.1647,0.1632,8,07/01/2020,06/30/2023
SAMPLE HOSPITAL 2773,102772,LA,READM-30-HIP-KNEE-HRRP,1372,,0.8959,0.2219,0.2477,304,07/01/2020,06/30/2023
SAMPLE HOSPITAL 2773,102772,LA,READM-30-COPD-HRRP,66,,0.9129,0.2227,0.2439,15,07/01/2020,06/30/2023
SAMPLE HOSPITAL 2773,102772,LA,READM-30-HF-HRRP,705,,1.0191,0.1827,0.1793,129,07/01/2020,06/30/2023
SAMPLE HOSPITAL 2773,102772,LA,READM-30-CABG-HRRP,120,,0.9835,0.1534,0.156,18,07/01/2020,06/30/2023
SAMPLE HOSPITAL 2773,102772,LA,READM-30-PN-HRRP,804,,0.8948,0.1445,0.1615,116,07/01/2020,06/30/2023
SAMPLE HOSPITAL 2773,102772,LA,READM-30-AMI-HRRP,104,,1.0129,0.2235,0.2207,23,07/01/2020,06/30/2023
SAMPLE HOSPITAL 2774,102773,KY,READM-30-HIP-KNEE-HRRP,45,,1.0111,0.2184,0.216,10,07/01/2020,06/30/2023
SAMPLE HOSPITAL 2774,102773,KY,READM-30-PN-HRRP,279,,0.9746,0.1936,0.1986,54,07/01/2020,06/30/2023
SAMPLE HOSPITAL 2774,102773,KY,READM-30-AMI-HRRP,78,,0.8554,0.1734,0.2027,14,07/01/2020,06/30/2023
SAMPLE HOSPITAL 2774,102773,KY,READM-30-CABG-HRRP,81,,0.9686,0.1989,0.2053,16,07/01/2020,06/30/2023
SAMPLE HOSPITAL 2774,102773,KY,READM-30-HF-HRRP,94,,1.0389,0.2213,0.213,21,07/01/2020,06/30/2023
SAMPLE HOSPITAL 2774,102773,KY,READM-30-COPD-HRRP,303,,0.8975,0.2271,0.253,69,07/01/2020,06/30/2023
SAMPLE HOSPITAL 2775,102774,GA,READM-30-AMI-HRRP,92,,1.0817,0.1709,0.158,16,07/01/2020,06/30/2023
SAMPLE HOSPITAL 2775,102774,GA,READM-30-HIP-KNEE-HRRP,96,,1.0287,0.2334,0.2269,22,07/01/2020,06/30/2023
SAMPLE HOSPITAL 2775,102774,GA,READM-30-HF-HRRP,764,,1.0234,0.2586,0.2527,198,07/01/2020,06/30/2023
SAMPLE HOSPITAL 2775,102774,GA,READM-30-CABG-HRRP,569,,0.9283,0.1519,0.1636,86,07/01/2020,06/30/2023
SAMPLE HOSPITAL 2775,102774,GA,READM-30-PN-HRRP,1040,,1.0628,0.1426,0.1342,148,07/01/2020,06/30/2023
SAMPLE HOSPITAL 2775,102774,GA,READM-30-COPD-HRRP,59,,1.0435,0.262,0.2511,15,07/01/2020,06/30/2023
SAMPLE HOSPITAL 2776,102775,NE,READM-30-PN-HRRP,85,,1.0148,0.2348,0.2314,20,07/01/2020,06/30/2023
SAMPLE HOSPITAL 2776,102775,NE,READM-30-HIP-KNEE-HRRP,Too Few to Report,1,Too Few to Report,,,,07/01/2020,06/30/2023
SAMPLE HOSPITAL 2776,102775,NE,READM-30-CABG-HRRP,86,,0.9898,0.2101,0.2123,18,07/01/2020,06/30/2023
SAMPLE HOSPITAL 2777,102776,KS,READM-30-HIP-KNEE-HRRP,142,,0.9329,0.1889,0.2025,27,07/01/2020,06/30/2023
SAMPLE HOSPITAL 2777,102776,KS,READM-30-COPD-HRRP,135,,0.9875,0.1687,0.1708,23,07/01/2020,06/30/2023
SAMPLE HOSPITAL 2777,102776,KS,READM-30-AMI-HRRP,92,,1.0004,0.1655,0.1654,15,07/01/2020,06/30/2023
SAMPLE HOSPITAL 2778,102777,TN,READM-30-PN-HRRP,148,,0.9333,0.2079,0.2228,31,07/01/2020,06/30/2023
SAMPLE HOSPITAL 2778,102777,TN,READM-30-CABG-HRRP,72,,1.049,0.232,0.2212,17,07/01/2020,06/30/2023
SAMPLE HOSPITAL 2778,102777,TN,READM-30-HIP-KNEE-HRRP,321,,0.8767,0.2174,0.248,70,07/01/2020,06/30/2023
SAMPLE HOSPITAL 2778,102777,TN,READM-30-AMI-HRRP,110,,1.068,0.2368,0.2217,26,07/01/2020,06/30/2023
SAMPLE HOSPITAL 2778,102777,TN,READM-30-HF-HRRP,139,,1.0226,0.1272,0.1244,18,07/01/2020,06/30/2023
SAMPLE HOSPITAL 2778,102777,TN,READM-30-COPD-HRRP,80,,0.9679,0.1285,0.1328,10,07/01/2020,06/30/2023
SAMPLE HOSPITAL 2779,102778,KY,READM-30-CABG-HRRP,82,,1.0103,0.2519,0.2493,21,07/01/2020,06/30/2023
SAMPLE HOSPITAL 2779,102778,KY,READM-30-AMI-HRRP,165,,0.979,0.1399,0.1429,23,07/01/2020,06/30/2023
SAMPLE HOSPITAL 2779,102778,KY,READM-30-HIP-KNEE-HRRP,231,,1.0146,0.1507,0.1485,35,07/01/2020,06/30/2023
SAMPLE HOSPITAL 2779,102778,KY,READM-30-COPD-HRRP,587,,1.0445,0.2114,0.2024,124,07/01/2020,06/30/2023
SAMPLE HOSPITAL 2779,102778,KY,READM-30-PN-HRRP,44,,1.0433,0.2632,0.2523,12,07/01/2020,06/30/2023
SAMPLE HOSPITAL 2780,102779,OK,READM-30-AMI-HRRP,1145,,0.9968,0.2561,0.2569,293,07/01/2020,06/30/2023
SAMPLE HOSPITAL 2780,102779,OK,READM-30-PN-HRRP,319,,0.9678,0.2061,0.213,66,07/01/2020,06/30/2023
SAMPLE HOSPITAL 2780,102779,OK,READM-30-CABG-HRRP,337,,0.9018,0.2104,0.2333,71,07/01/2020,06/30/2023
SAMPLE HOSPITAL 2781,102780,RI,READM-30-AMI-HRRP,634,,0.9596,0.1688,0.1759,107,07/01/2020,06/30/2023
SAMPLE HOSPITAL 2781,102780,RI,READM-30-HF-HRRP,83,,0.9799,0.1407,0.1436,12,07/01/2020,06/30/2023
SAMPLE HOSPITAL 2781,102780,RI,READM-30-HIP-KNEE-HRRP,119,,0.9654,0.143,0.1481,17,07/01/2020,06/30/2023
SAMPLE HOSPITAL 2781,102780,RI,READM-30-COPD-HRRP,247,,0.94,0.2414,0.2568,60,07/01/2020,06/30/2023
SAMPLE HOSPITAL 2781,102780,RI,READM-30-PN-HRRP,2531,,0.915,0.119,0.1301,301,07/01/2020,06/30/2023
SAMPLE HOSPITAL 2782,102781,CO,READM-30-HIP-KNEE-HRRP,300,,1.088,0.1897,0.1744,57,07/01/2020,06/30/2023
SAMPLE HOSPITAL 2782,102781,CO,READM-30-CABG-HRRP,209,,1.0188,0.2579,0.2531,54,07/01/2020,06/30/2023
SAMPLE HOSPITAL 2782,102781,CO,READM-30-AMI-HRRP,72,,0.9719,0.1529,0.1573,11,07/01/2020,06/30/2023
SAMPLE HOSPITAL 2782,102781,CO,READM-30-COPD-HRRP,87,,1.0164,0.2,0.1968,17,07/01/2020,06/30/2023
SAMPLE HOSPITAL 2782,102781,CO,READM-30-HF-HRRP,176,,0.9653,0.2499,0.2589,44,07/01/2020,06/30/2023
SAMPLE HOSPITAL 2782,102781,CO,READM-30-PN-HRRP,760,,1.06,0.1476,0.1392,112,07/01/2020,06/30/2023
SAMPLE HOSPITAL 2783,102782,NV,READM-30-AMI-HRRP,120,,1.073,0.1449,0.135,17,07/01/2020,06/30/2023
SAMPLE HOSPITAL 2783,102782,NV,READM-30-HF-HRRP,135,,1.0204,0.2133,0.209,29,07/01/2020,06/30/2023
SAMPLE HOSPITAL 2783,102782,NV,READM-30-PN-HRRP,72,,1.088,0.1747,0.1606,13,07/01/2020,06/30/2023
SAMPLE HOSPITAL 2783,102782,NV,READM-30-CABG-HRRP,165,,0.9304,0.1642,0.1765,27,07/01/2020,06/30/2023
SAMPLE HOSPITAL 2783,102782,NV,READM-30-COPD-HRRP,169,,1.0409,0.1661,0.1596,28,07/01/2020,06/30/2023
SAMPLE HOSPITAL 2784,102783,NM,READM-30-HIP-KNEE-HRRP,108,,1.0649,0.1433,0.1346,15,07/01/2020,06/30/2023
SAMPLE HOSPITAL 2784,102783,NM,READM-30-PN-HRRP,1727,,1.079,0.2102,0.1948,363,07/01/2020,06/30/2023
SAMPLE HOSPITAL 2784,102783,NM,READM-30-CABG-HRRP,56,,1.0666,0.2559,0.2399,14,07/01/2020,06/30/2023
SAMPLE HOSPITAL 2785,102784,WA,READM-30-HIP-KNEE-HRRP,345,,0.9527,0.171,0.1795,59,07/01/2020,06/30/2023
SAMPLE HOSPITAL 2785,102784,WA,READM-30-CABG-HRRP,33,,0.9474,0.1795,0.1895,6,07/01/2020,06/30/2023
SAMPLE HOSPITAL 2785,102784,WA,READM-30-COPD-HRRP,624,,1.0209,0.2187,0.2142,136,07/01/2020,06/30/2023
SAMPLE HOSPITAL 2785,102784,WA,READM-30-HF-HRRP,31,,0.9105,0.1735,0.1906,5,07/01/2020,06/30/2023
SAMPLE HOSPITAL 2786,102785,VT,READM-30-AMI-HRRP,38,,1.0918,0.2821,0.2584,11,07/01/2020,06/30/2023
SAMPLE HOSPITAL 2786,102785,VT,READM-30-HF-HRRP,204,,1.0658,0.1964,0.1843,40,07/01/2020,06/30/2023
SAMPLE HOSPITAL 2786,102785,VT,READM-30-CABG-HRRP,165,,1.0776,0.1745,0.1619,29,07/01/2020,06/30/2023
SAMPLE HOSPITAL 2786,102785,VT,READM-30-PN-HRRP,109,,0.9568,0.1664,0.1739,18,07/01/2020,06/30/2023
SAMPLE HOSPITAL 2786,102785,VT,READM-30-COPD-HRRP,229,,1.1251,0.2637,0.2344,60,07/01/2020,06/30/2023
SAMPLE HOSPITAL 2787,102786,ME,READM-30-CABG-HRRP,291,,1.0696,0.2281,0.2133,66,07/01/2020,06/30/2023
SAMPLE HOSPITAL 2787,102786,ME,READM-30-COPD-HRRP,96,,0.9454,0.119,0.1259,11,07/01/2020,06/30/2023
SAMPLE HOSPITAL 2787,102786,ME,READM-30-AMI-HRRP,120,,1.0704,0.2779,0.2596,33,07/01/2020,06/30/2023
SAMPLE HOSPITAL 2787,102786,ME,READM-30-HIP-KNEE-HRRP,216,,1.1157,0.1748,0.1567,38,07/01/2020,06/30/2023
SAMPLE HOSPITAL 2787,102786,ME,READM-30-PN-HRRP,31,,1.044,0.2604,0.2494,8,07/01/2020,06/30/2023
SAMPLE HOSPITAL 2788,102787,FL,READM-30-PN-HRRP,179,,1.0744,0.2684,0.2498,48,07/01/2020,06/30/2023
SAMPLE HOSPITAL 2788,102787,FL,READM-30-AMI-HRRP,63,,0.9815,0.1564,0.1593,10,07/01/2020,06/30/2023
SAMPLE HOSPITAL 2788,102787,FL,READM-30-HF-HRRP,154,,1.0025,0.1495,0.1491,23,07/01/2020,06/30/2023
SAMPLE HOSPITAL 2788,102787,FL,READM-30-COPD-HRRP,221,,1.0281,0.1354,0.1317,30,07/01/2020,06/30/2023
SAMPLE HOSPITAL 2788,102787,FL,READM-30-HIP-KNEE-HRRP,1651,,1.0913,0.1983,0.1817,327,07/01/2020,06/30/2023
SAMPLE HOSPITAL 2789,102788,MI,READM-30-COPD-HRRP,131,,1.0002,0.2294,0.2294,30,07/01/2020,06/30/2023
SAMPLE HOSPITAL 2789,102788,MI,READM-30-AMI-HRRP,282,,0.9169,0.2242,0.2445,63,07/01/2020,06/30/2023
SAMPLE HOSPITAL 2789,102788,MI,READM-30-HIP-KNEE-HRRP,271,,1.0165,0.1693,0.1666,46,07/01/2020,06/30/2023
SAMPLE HOSPITAL 2790,102789,KS,READM-30-COPD-HRRP,460,,1.1259,0.2744,0.2437,126,07/01/2020,06/30/2023
SAMPLE HOSPITAL 2790,102789,KS,READM-30-PN-HRRP,354,,1.0673,0.1413,0.1324,50,07/01/2020,06/30/2023
SAMPLE HOSPITAL 2790,102789,KS,READM-30-HF-HRRP,166,,0.9902,0.2209,0.2231,37,07/01/2020,06/30/2023
SAMPLE HOSPITAL 2790,102789,KS,READM-30-HIP-KNEE-HRRP,34,,1.1237,0.2796,0.2488,10,07/01/2020,06/30/2023
SAMPLE HOSPITAL 2790,102789,KS,READM-30-CABG-HRRP,122,,1.0052,0.1427,0.142,17,07/01/2020,06/30/2023
SAMPLE HOSPITAL 2790,102789,KS,READM-30-AMI-HRRP,616,,1.021,0.1815,0.1778,112,07/01/2020,06/30/2023
SAMPLE HOSPITAL 2791,102790,ME,READM-30-HIP-KNEE-HRRP,368,,1.0851,0.255,0.235,94,07/01/2020,06/30/2023
SAMPLE HOSPITAL 2791,102790,ME,READM-30-CABG-HRRP,200,,1.039,0.2483,0.239,50,07/01/2020,06/30/2023
SAMPLE HOSPITAL 2791,102790,ME,READM-30-COPD-HRRP,240,,0.9628,0.174,0.1807,42,07/01/2020,06/30/2023
SAMPLE HOSPITAL 2791,102790,ME,READM-30-AMI-HRRP,450,,0.9764,0.1626,0.1665,73,07/01/2020,06/30/2023
SAMPLE HOSPITAL 2791,102790,ME,READM-30-PN-HRRP,49,,1.0712,0.1537,0.1435,8,07/01/2020,06/30/2023
SAMPLE HOSPITAL 2792,102791,IN,READM-30-CABG-HRRP,289,,1.011,0.1242,0.1228,36,07/01/2020,06/30/2023
SAMPLE HOSPITAL 2792,102791,IN,READM-30-COPD-HRRP,134,,1.0353,0.1594,0.154,21,07/01/2020,06/30/2023
SAMPLE HOSPITAL 2792,102791,IN,READM-30-AMI-HRRP,388,,1.0061,0.2066,0.2053,80,07/01/2020,06/30/2023
SAMPLE HOSPITAL 2793,102792,VT,READM-30-HF-HRRP,57,,0.9377,0.1183,0.1262,7,07/01/2020,06/30/2023
SAMPLE HOSPITAL 2793,102792,VT,READM-30-CABG-HRRP,315,,0.961,0.2047,0.213,64,07/01/2020,06/30/2023
SAMPLE HOSPITAL 2793,102792,VT,READM-30-AMI-HRRP,483,,0.9328,0.1353,0.145,65,07/01/2020,06/30/2023
SAMPLE HOSPITAL 2794,102793,MI,READM-30-PN-HRRP,229,,0.9445,0.2001,0.2119,46,07/01/2020,06/30/2023
SAMPLE HOSPITAL 2794,102793,MI,READM-30-HF-HRRP,72,,1.0399,0.1638,0.1575,12,07/01/2020,06/30/2023
SAMPLE HOSPITAL 2794,102793,MI,READM-30-AMI-HRRP,75,,1.0273,0.2571,0.2503,19,07/01/2020,06/30/2023
SAMPLE HOSPITAL 2795,102794,MO,READM-30-HIP-KNEE-HRRP,103,,0.8567,0.1166,0.1361,12,07/01/2020,06/30/2023
SAMPLE HOSPITAL 2795,102794,MO,READM-30-CABG-HRRP,140,,0.9904,0.1822,0.184,26,07/01/2020,06/30/2023
SAMPLE HOSPITAL 2795,102794,MO,READM-30-HF-HRRP,1173,,0.8781,0.1083,0.1233,127,07/01/2020,06/30/2023
SAMPLE HOSPITAL 2795,102794,MO,READM-30-AMI-HRRP,1830,,0.9413,0.2361,0.2508,432,07/01/2020,06/30/2023
SAMPLE HOSPITAL 2796,102795,AZ,READM-30-PN-HRRP,101,,1.0116,0.1668,0.1649,17,07/01/2020,06/30/2023
SAMPLE HOSPITAL 2796,102795,AZ,READM-30-COPD-HRRP,128,,0.9439,0.1147,0.1215,15,07/01/2020,06/30/2023
SAMPLE HOSPITAL 2796,102795,AZ,READM-30-AMI-HRRP,56,,0.9335,0.2041,0.2186,11,07/01/2020,06/30/2023
SAMPLE HOSPITAL 2797,102796,CO,READM-30-AMI-HRRP,175,,0.8714,0.2075,0.2381,36,07/01/2020,06/30/2023
SAMPLE HOSPITAL 2797,102796,CO,READM-30-PN-HRRP,213,,1.0308,0.2173,0.2108,46,07/01/2020,06/30/2023
SAMPLE HOSPITAL 2797,102796,CO,READM-30-HF-HRRP,190,,0.9429,0.1577,0.1672,30,07/01/2020,06/30/2023
SAMPLE HOSPITAL 2797,102796,CO,READM-30-CABG-HRRP,185,,1.0033,0.2512,0.2504,46,07/01/2020,06/30/2023
SAMPLE HOSPITAL 2797,102796,CO,READM-30-COPD-HRRP,108,,1.0305,0.2251,0.2184,24,07/01/2020,06/30/2023
SAMPLE HOSPITAL 2797,102796,CO,READM-30-HIP-KNEE-HRRP,555,,1.0099,0.2394,0.2371,133,07/01/2020,06/30/2023
SAMPLE HOSPITAL 2798,102797,FL,READM-30-HF-HRRP,390,,0.9561,0.2402,0.2512,94,07/01/2020,06/30/2023
SAMPLE HOSPITAL 2798,102797,FL,READM-30-COPD-HRRP,1498,,0.9383,0.1798,0.1916,269,07/01/2020,06/30/2023
SAMPLE HOSPITAL 2798,102797,FL,READM-30-HIP-KNEE-HRRP,260,,1.0712,0.1866,0.1742,49,07/01/2020,06/30/2023
SAMPLE HOSPITAL 2798,102797,FL,READM-30-AMI-HRRP,47,,1.0193,0.18,0.1766,8,07/01/2020,06/30/2023
SAMPLE HOSPITAL 2798,102797,FL,READM-30-CABG-HRRP,66,,0.9668,0.1427,0.1476,9,07/01/2020,06/30/2023
SAMPLE HOSPITAL 2798,102797,FL,READM-30-PN-HRRP,234,,0.9377,0.2429,0.259,57,07/01/2020,06/30/2023
SAMPLE HOSPITAL 2799,102798,ID,READM-30-PN-HRRP,53,,1.0346,0.1637,0.1582,9,07/01/2020,06/30/2023
SAMPLE HOSPITAL 2799,102798,ID,READM-30-HF-HRRP,200,,0.9861,0.1275,0.1293,26,07/01/2020,06/30/2023
SAMPLE HOSPITAL 2799,102798,ID,READM-30-HIP-KNEE-HRRP,254,,1.0935,0.2402,0.2197,61,07/01/2020,06/30/2023
SAMPLE HOSPITAL 2799,102798,ID,READM-30-AMI-HRRP,34,,0.9494,0.2466,0.2597,8,07/01/2020,06/30/2023
SAMPLE HOSPITAL 2799,102798,ID,READM-30-CABG-HRRP,424,,0.9765,0.1884,0.1929,80,07/01/2020,06/30/2023
SAMPLE HOSPITAL 2800,102799,LA,READM-30-PN-HRRP,181,,1.033,0.2584,0.2501,47,07/01/2020,06/30/2023
SAMPLE HOSPITAL 2800,102799,LA,READM-30-HF-HRRP,122,,0.9469,0.1756,0.1854,21,07/01/2020,06/30/2023
SAMPLE HOSPITAL 2800,102799,LA,READM-30-HIP-KNEE-HRRP,39,,1.1319,0.1887,0.1667,7,07/01/2020,06/30/2023
SAMPLE HOSPITAL 2800,102799,LA,READM-30-COPD-HRRP,82,,0.8711,0.1772,0.2034,15,07/01/2020,06/30/2023
SAMPLE HOSPITAL 2800,102799,LA,READM-30-AMI-HRRP,37,,1.0846,0.2298,0.2119,9,07/01/2020,06/30/2023
SAMPLE HOSPITAL 2800,102799,LA,READM-30-CABG-HRRP,345,,0.9504,0.2121,0.2232,73,07/01/2020,06/30/2023
SAMPLE HOSPITAL 2801,102800,WI,READM-30-PN-HRRP,66,,0.9553,0.1668,0.1746,11,07/01/2020,06/30/2023
SAMPLE HOSPITAL 2801,102800,WI,READM-30-CABG-HRRP,129,,0.9547,0.1682,0.1762,22,07/01/2020,06/30/2023
SAMPLE HOSPITAL 2801,102800,WI,READM-30-AMI-HRRP,2124,,1.07,0.2777,0.2595,590,07/01/2020,06/30/2023
SAMPLE HOSPITAL 2801,102800,WI,READM-30-COPD-HRRP,148,,1.0445,0.1694,0.1622,25,07/01/2020,06/30/2023
SAMPLE HOSPITAL 2801,102800,WI,READM-30-HIP-KNEE-HRRP,837,,0.9108,0.1577,0.1731,132,07/01/2020,06/30/2023
SAMPLE HOSPITAL 2801,102800,WI,READM-30-HF-HRRP,403,,1.0164,0.2243,0.2207,90,07/01/2020,06/30/2023
SAMPLE HOSPITAL 2802,102801,NY,READM-30-HF-HRRP,67,,0.9642,0.1225,0.1271,8,07/01/2020,06/30/2023
SAMPLE HOSPITAL 2802,102801,NY,READM-30-PN-HRRP,64,,1.0365,0.1314,0.1268,8,07/01/2020,06/30/2023
SAMPLE HOSPITAL 2802,102801,NY,READM-30-AMI-HRRP,177,,0.9577,0.1171,0.1223,21,07/01/2020,06/30/2023
SAMPLE HOSPITAL 2802,102801,NY,READM-30-COPD-HRRP,39,,1.0178,0.1361,0.1337,5,07/01/2020,06/30/2023
SAMPLE HOSPITAL 2802,102801,NY,READM-30-HIP-KNEE-HRRP,47,,1.0444,0.2542,0.2434,12,07/01/2020,06/30/2023
SAMPLE HOSPITAL 2802,102801,NY,READM-30-CABG-HRRP,428,,0.8596,0.1421,0.1653,61,07/01/2020,06/30/2023
SAMPLE HOSPITAL 2803,102802,AR,READM-30-AMI-HRRP,215,,0.9651,0.142,0.1471,31,07/01/2020,06/30/2023
SAMPLE HOSPITAL 2803,102802,AR,READM-30-HIP-KNEE-HRRP,277,,0.9161,0.2298,0.2508,64,07/01/2020,06/30/2023
SAMPLE HOSPITAL 2803,102802,AR,READM-30-COPD-HRRP,949,,0.9105,0.1534,0.1685,146,07/01/2020,06/30/2023
SAMPLE HOSPITAL 2803,102802,AR,READM-30-HF-HRRP,68,,0.955,0.1276,0.1336,9,07/01/2020,06/30/2023
SAMPLE HOSPITAL 2803,102802,AR,READM-30-CABG-HRRP,274,,0.9511,0.1534,0.1613,42,07/01/2020,06/30/2023
SAMPLE HOSPITAL 2803,102802,AR,READM-30-PN-HRRP,224,,0.9664,0.2348,0.243,53,07/01/2020,06/30/2023
SAMPLE HOSPITAL 2804,102803,MD,READM-30-HF-HRRP,266,,0.9053,0.2137,0.236,57,07/01/2020,06/30/2023
SAMPLE HOSPITAL 2804,102803,MD,READM-30-CABG-HRRP,383,,0.8098,0.1135,0.1402,43,07/01/2020,06/30/2023
SAMPLE HOSPITAL 2804,102803,MD,READM-30-HIP-KNEE-HRRP,595,,0.8353,0.1172,0.1403,70,07/01/2020,06/30/2023
SAMPLE HOSPITAL 2804,102803,MD,READM-30-AMI-HRRP,560,,0.9452,0.1857,0.1965,104,07/01/2020,06/30/2023
SAMPLE HOSPITAL 2804,102803,MD,READM-30-COPD-HRRP,532,,0.8501,0.1218,0.1433,65,07/01/2020,06/30/2023
SAMPLE HOSPITAL 2805,102804,ND,READM-30-AMI-HRRP,375,,0.9992,0.2332,0.2334,87,07/01/2020,06/30/2023
SAMPLE HOSPITAL 2805,102804,ND,READM-30-HIP-KNEE-HRRP,114,,1.0373,0.2666,0.257,30,07/01/2020,06/30/2023
SAMPLE HOSPITAL 2805,102804,ND,READM-30-CABG-HRRP,105,,1.0483,0.179,0.1708,19,07/01/2020,06/30/2023
SAMPLE HOSPITAL 2806,102805,NE,READM-30-COPD-HRRP,321,,1.0502,0.2139,0.2037,69,07/01/2020,06/30/2023
SAMPLE HOSPITAL 2806,102805,NE,READM-30-HF-HRRP,194,,0.9897,0.1712,0.173,33,07/01/2020,06/30/2023
SAMPLE HOSPITAL 2806,102805,NE,READM-30-AMI-HRRP,579,,1.0221,0.2236,0.2188,129,07/01/2020,06/30/2023
SAMPLE HOSPITAL 2807,102806,IA,READM-30-HIP-KNEE-HRRP,207,,1.0657,0.2496,0.2342,52,07/01/2020,06/30/2023
SAMPLE HOSPITAL 2807,102806,IA,READM-30-CABG-HRRP,305,,0.9447,0.1276,0.1351,39,07/01/2020,06/30/2023
SAMPLE HOSPITAL 2807,102806,IA,READM-30-COPD-HRRP,309,,0.915,0.1196,0.1307,37,07/01/2020,06/30/2023
SAMPLE HOSPITAL 2807,102806,IA,READM-30-HF-HRRP,196,,1.0155,0.1927,0.1898,38,07/01/2020,06/30/2023
SAMPLE HOSPITAL 2807,102806,IA,READM-30-PN-HRRP,140,,0.9334,0.2199,0.2356,31,07/01/2020,06/30/2023
SAMPLE HOSPITAL 2808,102807,WV,READM-30-HIP-KNEE-HRRP,122,,1.0443,0.2566,0.2457,31,07/01/2020,06/30/2023
SAMPLE HOSPITAL 2808,102807,WV,READM-30-COPD-HRRP,647,,1.0779,0.1813,0.1682,117,07/01/2020,06/30/2023
SAMPLE HOSPITAL 2808,102807,WV,READM-30-AMI-HRRP,110,,0.9262,0.1395,0.1506,15,07/01/2020,06/30/2023
SAMPLE HOSPITAL 2808,102807,WV,READM-30-PN-HRRP,123,,0.9565,0.2274,0.2377,28,07/01/2020,06/30/2023
SAMPLE HOSPITAL 2808,102807,WV,READM-30-HF-HRRP,139,,0.9928,0.1671,0.1683,23,07/01/2020,06/30/2023
SAMPLE HOSPITAL 2809,102808,MN,READM-30-AMI-HRRP,281,,1.0243,0.1482,0.1447,42,07/01/2020,06/30/2023
SAMPLE HOSPITAL 2809,102808,MN,READM-30-CABG-HRRP,56,,1.0321,0.2191,0.2123,12,07/01/2020,06/30/2023
SAMPLE HOSPITAL 2809,102808,MN,READM-30-PN-HRRP,281,,0.9697,0.1241,0.128,35,07/01/2020,06/30/2023
SAMPLE HOSPITAL 2810,102809,HI,READM-30-PN-HRRP,295,,1.0056,0.1732,0.1722,51,07/01/2020,06/30/2023
SAMPLE HOSPITAL 2810,102809,HI,READM-30-CABG-HRRP,297,,0.979,0.192,0.1961,57,07/01/2020,06/30/2023
SAMPLE HOSPITAL 2810,102809,HI,READM-30-AMI-HRRP,240,,1.0467,0.239,0.2283,57,07/01/2020,06/30/2023
SAMPLE HOSPITAL 2811,102810,IA,READM-30-COPD-HRRP,163,,0.9276,0.2303,0.2483,38,07/01/2020,06/30/2023
SAMPLE HOSPITAL 2811,102810,IA,READM-30-PN-HRRP,Too Few to Report,1,Too Few to Report,,,,07/01/2020,06/30/2023
SAMPLE HOSPITAL 2811,102810,IA,READM-30-HIP-KNEE-HRRP,269,,0.8561,0.1801,0.2104,48,07/01/2020,06/30/2023
SAMPLE HOSPITAL 2811,102810,IA,READM-30-HF-HRRP,248,,1.0039,0.1445,0.1439,36,07/01/2020,06/30/2023
SAMPLE HOSPITAL 2811,102810,IA,READM-30-CABG-HRRP,1121,,0.9016,0.1664,0.1846,187,07/01/2020,06/30/2023
SAMPLE HOSPITAL 2812,102811,OK,READM-30-AMI-HRRP,181,,1.0396,0.2542,0.2445,46,07/01/2020,06/30/2023
SAMPLE HOSPITAL 2812,102811,OK,READM-30-HF-HRRP,222,,1.0824,0.1542,0.1425,34,07/01/2020,06/30/2023
SAMPLE HOSPITAL 2812,102811,OK,READM-30-CABG-HRRP,1120,,0.9812,0.2421,0.2467,271,07/01/2020,06/30/2023
SAMPLE HOSPITAL 2812,102811,OK,READM-30-PN-HRRP,329,,1.0505,0.1647,0.1568,54,07/01/2020,06/30/2023
SAMPLE HOSPITAL 2813,102812,MS,READM-30-HIP-KNEE-HRRP,346,,0.9033,0.1616,0.1789,56,07/01/2020,06/30/2023
SAMPLE HOSPITAL 2813,102812,MS,READM-30-AMI-HRRP,101,,0.9384,0.1408,0.15,14,07/01/2020,06/30/2023
SAMPLE HOSPITAL 2813,102812,MS,READM-30-COPD-HRRP,206,,0.9628,0.1184,0.123,24,07/01/2020,06/30/2023
SAMPLE HOSPITAL 2813,102812,MS,READM-30-HF-HRRP,63,,0.9759,0.1177,0.1206,7,07/01/2020,06/30/2023
SAMPLE HOSPITAL 2813,102812,MS,READM-30-CABG-HRRP,87,,1.0219,0.1701,0.1665,15,07/01/2020,06/30/2023
SAMPLE HOSPITAL 2813,102812,MS,READM-30-PN-HRRP,231,,0.8615,0.1217,0.1413,28,07/01/2020,06/30/2023
SAMPLE HOSPITAL 2814,102813,NY,READM-30-CABG-HRRP,673,,1.0822,0.2275,0.2102,153,07/01/2020,06/30/2023
SAMPLE HOSPITAL 2814,102813,NY,READM-30-COPD-HRRP,418,,1.0663,0.1566,0.1469,65,07/01/2020,06/30/2023
SAMPLE HOSPITAL 2814,102813,NY,READM-30-AMI-HRRP,357,,0.9806,0.1836,0.1872,66,07/01/2020,06/30/2023
SAMPLE HOSPITAL 2815,102814,MN,READM-30-COPD-HRRP,1228,,0.9504,0.1597,0.168,196,07/01/2020,06/30/2023
SAMPLE HOSPITAL 2815,102814,MN,READM-30-HF-HRRP,390,,0.9982,0.1773,0.1776,69,07/01/2020,06/30/2023
SAMPLE HOSPITAL 2815,102814,MN,READM-30-PN-HRRP,349,,1.0723,0.24,0.2238,84,07/01/2020,06/30/2023
SAMPLE HOSPITAL 2815,102814,MN,READM-30-CABG-HRRP,Too Few to Report,1,Too Few to Report,,,,07/01/2020,06/30/2023
SAMPLE HOSPITAL 2815,102814,MN,READM-30-AMI-HRRP,54,,1.0002,0.233,0.233,13,07/01/2020,06/30/2023
SAMPLE HOSPITAL 2816,102815,NH,READM-30-COPD-HRRP,135,,1.0919,0.2558,0.2343,35,07/01/2020,06/30/2023
SAMPLE HOSPITAL 2816,102815,NH,READM-30-AMI-HRRP,105,,1.0032,0.149,0.1485,16,07/01/2020,06/30/2023
SAMPLE HOSPITAL 2816,102815,NH,READM-30-PN-HRRP,100,,0.9593,0.1361,0.1419,14,07/01/2020,06/30/2023
SAMPLE HOSPITAL 2816,102815,NH,READM-30-HF-HRRP,86,,1.0135,0.2064,0.2037,18,07/01/2020,06/30/2023
SAMPLE HOSPITAL 2816,102815,NH,READM-30-HIP-KNEE-HRRP,144,,1.0665,0.1984,0.186,29,07/01/2020,06/30/2023
SAMPLE HOSPITAL 2817,102816,FL,READM-30-HIP-KNEE-HRRP,175,,0.9757,0.1438,0.1474,25,07/01/2020,06/30/2023
SAMPLE HOSPITAL 2817,102816,FL,READM-30-HF-HRRP,34,,1.0021,0.2431,0.2426,8,07/01/2020,06/30/2023
SAMPLE HOSPITAL 2817,102816,FL,READM-30-COPD-HRRP,130,,1.0692,0.2686,0.2512,35,07/01/2020,06/30/2023
SAMPLE HOSPITAL 2817,102816,FL,READM-30-PN-HRRP,27,,0.9704,0.1801,0.1856,5,07/01/2020,06/30/2023
SAMPLE HOSPITAL 2817,102816,FL,READM-30-AMI-HRRP,121,,1.0452,0.2403,0.2299,29,07/01/2020,06/30/2023
SAMPLE HOSPITAL 2817,102816,FL,READM-30-CABG-HRRP,144,,1.0205,0.1645,0.1612,24,07/01/2020,06/30/2023
SAMPLE HOSPITAL 2818,102817,WY,READM-30-AMI-HRRP,224,,1.009,0.1436,0.1423,32,07/01/2020,06/30/2023
SAMPLE HOSPITAL 2818,102817,WY,READM-30-PN-HRRP,60,,0.9441,0.1426,0.151,9,07/01/2020,06/30/2023
SAMPLE HOSPITAL 2818,102817,WY,READM-30-HIP-KNEE-HRRP,249,,0.9952,0.1558,0.1566,39,07/01/2020,06/30/2023
SAMPLE HOSPITAL 2818,102817,WY,READM-30-HF-HRRP,94,,1.0234,0.1269,0.124,12,07/01/2020,06/30/2023
SAMPLE HOSPITAL 2818,102817,WY,READM-30-COPD-HRRP,142,,0.9429,0.1517,0.1609,22,07/01/2020,06/30/2023
SAMPLE HOSPITAL 2818,102817,WY,READM-30-CABG-HRRP,60,,0.9496,0.1182,0.1245,7,07/01/2020,06/30/2023
SAMPLE HOSPITAL 2819,102818,NY,READM-30-CABG-HRRP,396,,0.8075,0.1713,0.2121,68,07/01/2020,06/30/2023
SAMPLE HOSPITAL 2819,102818,NY,READM-30-HF-HRRP,39,,1.0914,0.1328,0.1217,5,07/01/2020,06/30/2023
SAMPLE HOSPITAL 2819,102818,NY,READM-30-COPD-HRRP,181,,0.9399,0.1875,0.1995,34,07/01/2020,06/30/2023
SAMPLE HOSPITAL 2819,102818,NY,READM-30-HIP-KNEE-HRRP,84,,0.9407,0.131,0.1393,11,07/01/2020,06/30/2023
SAMPLE HOSPITAL 2819,102818,NY,READM-30-AMI-HRRP,345,,1.0291,0.2165,0.2104,75,07/01/2020,06/30/2023
SAMPLE HOSPITAL 2819,102818,NY,READM-30-PN-HRRP,82,,0.9006,0.1314,0.1459,11,07/01/2020,06/30/2023
SAMPLE HOSPITAL 2821,102820,ID,READM-30-PN-HRRP,279,,1.0345,0.2369,0.229,66,07/01/2020,06/30/2023
SAMPLE HOSPITAL 2821,102820,ID,READM-30-CABG-HRRP,429,,1.0918,0.1591,0.1457,68,07/01/2020,06/30/2023
SAMPLE HOSPITAL 2821,102820,ID,READM-30-HIP-KNEE-HRRP,496,,0.9326,0.1802,0.1932,89,07/01/2020,06/30/2023
SAMPLE HOSPITAL 2821,102820,ID,READM-30-HF-HRRP,75,,1.0101,0.2161,0.2139,16,07/01/2020,06/30/2023
SAMPLE HOSPITAL 2821,102820,ID,READM-30-COPD-HRRP,127,,0.9241,0.1792,0.1939,23,07/01/2020,06/30/2023
SAMPLE HOSPITAL 2821,102820,ID,READM-30-AMI-HRRP,319,,0.9998,0.2142,0.2142,68,07/01/2020,06/30/2023
SAMPLE HOSPITAL 2822,102821,PA,READM-30-PN-HRRP,75,,0.9762,0.2321,0.2378,17,07/01/2020,06/30/2023
SAMPLE HOSPITAL 2822,102821,PA,READM-30-HF-HRRP,173,,0.9848,0.1304,0.1324,23,07/01/2020,06/30/2023
SAMPLE HOSPITAL 2822,102821,PA,READM-30-COPD-HRRP,106,,0.9841,0.1993,0.2025,21,07/01/2020,06/30/2023
SAMPLE HOSPITAL 2822,102821,PA,READM-30-HIP-KNEE-HRRP,300,,1.0587,0.2023,0.1911,61,07/01/2020,06/30/2023
SAMPLE HOSPITAL 2822,102821,PA,READM-30-AMI-HRRP,384,,1.0316,0.21,0.2036,81,07/01/2020,06/30/2023
SAMPLE HOSPITAL 2822,102821,PA,READM-30-CABG-HRRP,114,,1.067,0.2461,0.2306,28,07/01/2020,06/30/2023
SAMPLE HOSPITAL 2823,102822,MS,READM-30-HF-HRRP,90,,0.8621,0.1415,0.1641,13,07/01/2020,06/30/2023
SAMPLE HOSPITAL 2823,102822,MS,READM-30-PN-HRRP,Too Few to Report,1,Too Few to Report,,,,07/01/2020,06/30/2023
SAMPLE HOSPITAL 2823,102822,MS,READM-30-HIP-KNEE-HRRP,96,,1.019,0.1891,0.1856,18,07/01/2020,06/30/2023
SAMPLE HOSPITAL 2824,102823,RI,READM-30-HIP-KNEE-HRRP,145,,0.9839,0.2036,0.2069,30,07/01/2020,06/30/2023
SAMPLE HOSPITAL 2824,102823,RI,READM-30-AMI-HRRP,150,,0.9719,0.2162,0.2225,32,07/01/2020,06/30/2023
SAMPLE HOSPITAL 2824,102823,RI,READM-30-CABG-HRRP,484,,1.0121,0.2096,0.2071,101,07/01/2020,06/30/2023
SAMPLE HOSPITAL 2824,102823,RI,READM-30-PN-HRRP,130,,0.9932,0.2083,0.2097,27,07/01/2020,06/30/2023
SAMPLE HOSPITAL 2825,102824,KY,READM-30-HIP-KNEE-HRRP,303,,0.919,0.2269,0.2469,69,07/01/2020,06/30/2023
SAMPLE HOSPITAL 2825,102824,KY,READM-30-PN-HRRP,587,,1.0302,0.1601,0.1554,94,07/01/2020,06/30/2023
SAMPLE HOSPITAL 2825,102824,KY,READM-30-AMI-HRRP,169,,0.9316,0.1137,0.122,19,07/01/2020,06/30/2023
SAMPLE HOSPITAL 2826,102825,NJ,READM-30-COPD-HRRP,328,,0.9889,0.1245,0.1259,41,07/01/2020,06/30/2023
SAMPLE HOSPITAL 2826,102825,NJ,READM-30-AMI-HRRP,676,,0.9752,0.2296,0.2354,155,07/01/2020,06/30/2023
SAMPLE HOSPITAL 2826,102825,NJ,READM-30-HF-HRRP,273,,1.0556,0.189,0.179,52,07/01/2020,06/30/2023
SAMPLE HOSPITAL 2827,102826,VT,READM-30-CABG-HRRP,223,,0.9783,0.1213,0.124,27,07/01/2020,06/30/2023
SAMPLE HOSPITAL 2827,102826,VT,READM-30-HF-HRRP,159,,0.9355,0.1861,0.1989,30,07/01/2020,06/30/2023
SAMPLE HOSPITAL 2827,102826,VT,READM-30-AMI-HRRP,212,,1.023,0.236,0.2307,50,07/01/2020,06/30/2023
SAMPLE HOSPITAL 2828,102827,OK,READM-30-AMI-HRRP,123,,0.9807,0.1356,0.1383,17,07/01/2020,06/30/2023
SAMPLE HOSPITAL 2828,102827,OK,READM-30-HIP-KNEE-HRRP,100,,0.9269,0.1238,0.1336,12,07/01/2020,06/30/2023
SAMPLE HOSPITAL 2828,102827,OK,READM-30-HF-HRRP,782,,0.9617,0.1464,0.1522,114,07/01/2020,06/30/2023
SAMPLE HOSPITAL 2828,102827,OK,READM-30-COPD-HRRP,138,,1.0124,0.1883,0.186,26,07/01/2020,06/30/2023
SAMPLE HOSPITAL 2829,102828,NC,READM-30-PN-HRRP,1119,,0.9663,0.1249,0.1293,140,07/01/2020,06/30/2023
SAMPLE HOSPITAL 2829,102828,NC,READM-30-AMI-HRRP,60,,0.9569,0.1938,0.2025,12,07/01/2020,06/30/2023
SAMPLE HOSPITAL 2829,102828,NC,READM-30-HIP-KNEE-HRRP,31,,0.9894,0.1603,0.162,5,07/01/2020,06/30/2023
SAMPLE HOSPITAL 2829,102828,NC,READM-30-CABG-HRRP,93,,1.0471,0.1486,0.1419,14,07/01/2020,06/30/2023
SAMPLE HOSPITAL 2830,102829,GA,READM-30-CABG-HRRP,192,,1.0061,0.2521,0.2506,48,07/01/2020,06/30/2023
SAMPLE HOSPITAL 2830,102829,GA,READM-30-PN-HRRP,43,,1.0259,0.239,0.233,10,07/01/2020,06/30/2023
SAMPLE HOSPITAL 2830,102829,GA,READM-30-HF-HRRP,333,,1.1055,0.2452,0.2218,82,07/01/2020,06/30/2023
SAMPLE HOSPITAL 2830,102829,GA,READM-30-COPD-HRRP,322,,1.0095,0.2217,0.2196,71,07/01/2020,06/30/2023
SAMPLE HOSPITAL 2831,102830,NM,READM-30-AMI-HRRP,130,,1.0564,0.2502,0.2368,33,07/01/2020,06/30/2023
SAMPLE HOSPITAL 2831,102830,NM,READM-30-COPD-HRRP,36,,1.0552,0.182,0.1725,7,07/01/2020,06/30/2023
SAMPLE HOSPITAL 2831,102830,NM,READM-30-PN-HRRP,307,,1.0108,0.1297,0.1283,40,07/01/2020,06/30/2023
SAMPLE HOSPITAL 2831,102830,NM,READM-30-HF-HRRP,84,,0.9641,0.1503,0.1559,13,07/01/2020,06/30/2023
SAMPLE HOSPITAL 2832,102831,MA,READM-30-AMI-HRRP,206,,0.9746,0.2373,0.2435,49,07/01/2020,06/30/2023
SAMPLE HOSPITAL 2832,102831,MA,READM-30-CABG-HRRP,173,,0.9562,0.12,0.1255,21,07/01/2020,06/30/2023
SAMPLE HOSPITAL 2832,102831,MA,READM-30-HIP-KNEE-HRRP,77,,0.9883,0.1833,0.1855,14,07/01/2020,06/30/2023
SAMPLE HOSPITAL 2833,102832,NV,READM-30-PN-HRRP,Too Few to Report,1,Too Few to Report,,,,07/01/2020,06/30/2023
SAMPLE HOSPITAL 2833,102832,NV,READM-30-AMI-HRRP,352,,1.0328,0.1499,0.1451,53,07/01/2020,06/30/2023
SAMPLE HOSPITAL 2833,102832,NV,READM-30-COPD-HRRP,118,,0.9468,0.1608,0.1698,19,07/01/2020,06/30/2023
SAMPLE HOSPITAL 2833,102832,NV,READM-30-HIP-KNEE-HRRP,312,,1.0386,0.2024,0.1949,63,07/01/2020,06/30/2023
SAMPLE HOSPITAL 2834,102833,MN,READM-30-AMI-HRRP,166,,0.9723,0.1283,0.132,21,07/01/2020,06/30/2023
SAMPLE HOSPITAL 2834,102833,MN,READM-30-COPD-HRRP,771,,1.0233,0.1934,0.189,149,07/01/2020,06/30/2023
SAMPLE HOSPITAL 2834,102833,MN,READM-30-HIP-KNEE-HRRP,111,,0.9881,0.235,0.2378,26,07/01/2020,06/30/2023
SAMPLE HOSPITAL 2834,102833,MN,READM-30-CABG-HRRP,67,,0.992,0.1958,0.1974,13,07/01/2020,06/30/2023
SAMPLE HOSPITAL 2835,102834,IL,READM-30-HF-HRRP,400,,1.0481,0.1909,0.1821,76,07/01/2020,06/30/2023
SAMPLE HOSPITAL 2835,102834,IL,READM-30-COPD-HRRP,140,,0.9719,0.2256,0.2321,32,07/01/2020,06/30/2023
SAMPLE HOSPITAL 2835,102834,IL,READM-30-AMI-HRRP,311,,1.0385,0.1761,0.1696,55,07/01/2020,06/30/2023
SAMPLE HOSPITAL 2836,102835,AK,READM-30-PN-HRRP,61,,1.0257,0.1255,0.1224,8,07/01/2020,06/30/2023
SAMPLE HOSPITAL 2836,102835,AK,READM-30-HIP-KNEE-HRRP,582,,1.0704,0.2575,0.2406,150,07/01/2020,06/30/2023
SAMPLE HOSPITAL 2836,102835,AK,READM-30-HF-HRRP,181,,0.9712,0.1522,0.1567,28,07/01/2020,06/30/2023
SAMPLE HOSPITAL 2836,102835,AK,READM-30-AMI-HRRP,153,,0.9892,0.2317,0.2342,35,07/01/2020,06/30/2023
SAMPLE HOSPITAL 2836,102835,AK,READM-30-COPD-HRRP,116,,1.0225,0.2282,0.2232,26,07/01/2020,06/30/2023
SAMPLE HOSPITAL 2836,102835,AK,READM-30-CABG-HRRP,46,,1.052,0.1428,0.1357,7,07/01/2020,06/30/2023
SAMPLE HOSPITAL 2837,102836,MT,READM-30-HF-HRRP,261,,1.0372,0.2448,0.236,64,07/01/2020,06/30/2023
SAMPLE HOSPITAL 2837,102836,MT,READM-30-AMI-HRRP,95,,1.0855,0.1725,0.1589,16,07/01/2020,06/30/2023
SAMPLE HOSPITAL 2837,102836,MT,READM-30-PN-HRRP,255,,1.0411,0.1636,0.1571,42,07/01/2020,06/30/2023
SAMPLE HOSPITAL 2837,102836,MT,READM-30-CABG-HRRP,109,,1.1378,0.1766,0.1552,19,07/01/2020,06/30/2023
SAMPLE HOSPITAL 2837,102836,MT,READM-30-HIP-KNEE-HRRP,218,,0.9508,0.1531,0.161,33,07/01/2020,06/30/2023
SAMPLE HOSPITAL 2837,102836,MT,READM-30-COPD-HRRP,201,,1.0093,0.2158,0.2138,43,07/01/2020,06/30/2023
SAMPLE HOSPITAL 2838,102837,CT,READM-30-COPD-HRRP,75,,1.0018,0.2462,0.2458,18,07/01/2020,06/30/2023
SAMPLE HOSPITAL 2838,102837,CT,READM-30-HIP-KNEE-HRRP,1974,,1.0478,0.2674,0.2552,528,07/01/2020,06/30/2023
SAMPLE HOSPITAL 2838,102837,CT,READM-30-PN-HRRP,321,,0.9078,0.1521,0.1676,49,07/01/2020,06/30/2023
SAMPLE HOSPITAL 2838,102837,CT,READM-30-HF-HRRP,432,,0.945,0.1368,0.1448,59,07/01/2020,06/30/2023
SAMPLE HOSPITAL 2838,102837,CT,READM-30-AMI-HRRP,347,,0.9775,0.1253,0.1282,43,07/01/2020,06/30/2023
SAMPLE HOSPITAL 2838,102837,CT,READM-30-CABG-HRRP,1432,,1.0236,0.2563,0.2504,367,07/01/2020,06/30/2023
SAMPLE HOSPITAL 2839,102838,KS,READM-30-HIP-KNEE-HRRP,66,,1.0229,0.1911,0.1868,13,07/01/2020,06/30/2023
SAMPLE HOSPITAL 2839,102838,KS,READM-30-PN-HRRP,54,,1.0941,0.2274,0.2078,12,07/01/2020,06/30/2023
SAMPLE HOSPITAL 2839,102838,KS,READM-30-CABG-HRRP,3038,,1.0368,0.2547,0.2457,774,07/01/2020,06/30/2023
SAMPLE HOSPITAL 2839,102838,KS,READM-30-AMI-HRRP,979,,0.9947,0.1488,0.1496,146,07/01/2020,06/30/2023
SAMPLE HOSPITAL 2839,102838,KS,READM-30-HF-HRRP,106,,1.0629,0.1852,0.1742,20,07/01/2020,06/30/2023
SAMPLE HOSPITAL 2839,102838,KS,READM-30-COPD-HRRP,116,,0.9554,0.241,0.2522,28,07/01/2020,06/30/2023
SAMPLE HOSPITAL 2840,102839,ME,READM-30-PN-HRRP,129,,1.0841,0.1913,0.1765,25,07/01/2020,06/30/2023
SAMPLE HOSPITAL 2840,102839,ME,READM-30-HF-HRRP,293,,0.9338,0.1404,0.1504,41,07/01/2020,06/30/2023
SAMPLE HOSPITAL 2840,102839,ME,READM-30-AMI-HRRP,141,,0.9532,0.1584,0.1662,22,07/01/2020,06/30/2023
SAMPLE HOSPITAL 2841,102840,ID,READM-30-AMI-HRRP,115,,0.9369,0.2074,0.2214,24,07/01/2020,06/30/2023
SAMPLE HOSPITAL 2841,102840,ID,READM-30-HF-HRRP,165,,1.0065,0.1953,0.194,32,07/01/2020,06/30/2023
SAMPLE HOSPITAL 2841,102840,ID,READM-30-PN-HRRP,241,,1.0476,0.1731,0.1652,42,07/01/2020,06/30/2023
SAMPLE HOSPITAL 2842,102841,WV,READM-30-HF-HRRP,754,,1.0962,0.2543,0.232,192,07/01/2020,06/30/2023
SAMPLE HOSPITAL 2842,102841,WV,READM-30-HIP-KNEE-HRRP,420,,1.1059,0.1737,0.1571,73,07/01/2020,06/30/2023
SAMPLE HOSPITAL 2842,102841,WV,READM-30-PN-HRRP,54,,1.0251,0.2058,0.2008,11,07/01/2020,06/30/2023
SAMPLE HOSPITAL 2842,102841,WV,READM-30-CABG-HRRP,122,,1.0396,0.2153,0.2071,26,07/01/2020,06/30/2023
SAMPLE HOSPITAL 2843,102842,WY,READM-30-HF-HRRP,53,,1.042,0.1533,0.1471,8,07/01/2020,06/30/2023
SAMPLE HOSPITAL 2843,102842,WY,READM-30-COPD-HRRP,117,,0.9988,0.1894,0.1896,22,07/01/2020,06/30/2023
SAMPLE HOSPITAL 2843,102842,WY,READM-30-AMI-HRRP,488,,0.9119,0.2284,0.2505,111,07/01/2020,06/30/2023
SAMPLE HOSPITAL 2843,102842,WY,READM-30-CABG-HRRP,494,,0.8685,0.193,0.2222,95,07/01/2020,06/30/2023
SAMPLE HOSPITAL 2844,102843,GA,READM-30-AMI-HRRP,147,,0.9674,0.2194,0.2268,32,07/01/2020,06/30/2023
SAMPLE HOSPITAL 2844,102843,GA,READM-30-HIP-KNEE-HRRP,86,,1.035,0.1741,0.1682,15,07/01/2020,06/30/2023
SAMPLE HOSPITAL 2844,102843,GA,READM-30-HF-HRRP,94,,0.9415,0.1586,0.1685,15,07/01/2020,06/30/2023
SAMPLE HOSPITAL 2844,102843,GA,READM-30-COPD-HRRP,116,,1.099,0.2427,0.2208,28,07/01/2020,06/30/2023
SAMPLE HOSPITAL 2845,102844,VA,READM-30-PN-HRRP,100,,0.9444,0.1467,0.1553,15,07/01/2020,06/30/2023
SAMPLE HOSPITAL 2845,102844,VA,READM-30-HIP-KNEE-HRRP,80,,1.0382,0.2446,0.2356,20,07/01/2020,06/30/2023
SAMPLE HOSPITAL 2845,102844,VA,READM-30-AMI-HRRP,803,,0.9958,0.2328,0.2338,187,07/01/2020,06/30/2023
SAMPLE HOSPITAL 2846,102845,HI,READM-30-HIP-KNEE-HRRP,135,,0.9938,0.2549,0.2565,34,07/01/2020,06/30/2023
SAMPLE HOSPITAL 2846,102845,HI,READM-30-COPD-HRRP,734,,0.9367,0.1704,0.1819,125,07/01/2020,06/30/2023
SAMPLE HOSPITAL 2846,102845,HI,READM-30-HF-HRRP,350,,0.9187,0.1451,0.1579,51,07/01/2020,06/30/2023
SAMPLE HOSPITAL 2846,102845,HI,READM-30-CABG-HRRP,138,,0.9631,0.1535,0.1594,21,07/01/2020,06/30/2023
SAMPLE HOSPITAL 2847,102846,KY,READM-30-AMI-HRRP,94,,0.9497,0.233,0.2453,22,07/01/2020,06/30/2023
SAMPLE HOSPITAL 2847,102846,KY,READM-30-HF-HRRP,397,,1.0832,0.2184,0.2016,87,07/01/2020,06/30/2023
SAMPLE HOSPITAL 2847,102846,KY,READM-30-PN-HRRP,315,,0.885,0.188,0.2124,59,07/01/2020,06/30/2023
SAMPLE HOSPITAL 2847,102846,KY,READM-30-CABG-HRRP,139,,0.986,0.2545,0.2581,35,07/01/2020,06/30/2023
SAMPLE HOSPITAL 2847,102846,KY,READM-30-COPD-HRRP,118,,0.9807,0.1555,0.1586,18,07/01/2020,06/30/2023
SAMPLE HOSPITAL 2848,102847,DE,READM-30-AMI-HRRP,198,,0.9887,0.1757,0.1777,35,07/01/2020,06/30/2023
SAMPLE HOSPITAL 2848,102847,DE,READM-30-HF-HRRP,367,,1.0309,0.2063,0.2001,76,07/01/2020,06/30/2023
SAMPLE HOSPITAL 2848,102847,DE,READM-30-HIP-KNEE-HRRP,101,,1.1639,0.2592,0.2227,26,07/01/2020,06/30/2023
SAMPLE HOSPITAL 2848,102847,DE,READM-30-CABG-HRRP,1288,,1.0722,0.1675,0.1562,216,07/01/2020,06/30/2023
SAMPLE HOSPITAL 2849,102848,WV,READM-30-CABG-HRRP,636,,1.0458,0.1409,0.1347,90,07/01/2020,06/30/2023
SAMPLE HOSPITAL 2849,102848,WV,READM-30-PN-HRRP,311,,1.0032,0.2122,0.2115,66,07/01/2020,06/30/2023
SAMPLE HOSPITAL 2849,102848,WV,READM-30-AMI-HRRP,387,,1.0575,0.1585,0.1499,61,07/01/2020,06/30/2023
SAMPLE HOSPITAL 2849,102848,WV,READM-30-HIP-KNEE-HRRP,73,,0.9353,0.132,0.1411,10,07/01/2020,06/30/2023
SAMPLE HOSPITAL 2850,102849,MO,READM-30-AMI-HRRP,627,,1.11,0.1379,0.1242,86,07/01/2020,06/30/2023
SAMPLE HOSPITAL 2850,102849,MO,READM-30-HIP-KNEE-HRRP,814,,0.9846,0.2213,0.2248,180,07/01/2020,06/30/2023
SAMPLE HOSPITAL 2850,102849,MO,READM-30-COPD-HRRP,667,,1.0883,0.1642,0.1509,110,07/01/2020,06/30/2023
SAMPLE HOSPITAL 2850,102849,MO,READM-30-HF-HRRP,695,,1.038,0.1249,0.1203,87,07/01/2020,06/30/2023
SAMPLE HOSPITAL 2851,102850,AK,READM-30-CABG-HRRP,119,,1.1005,0.1497,0.136,18,07/01/2020,06/30/2023
SAMPLE HOSPITAL 2851,102850,AK,READM-30-HF-HRRP,57,,0.9832,0.2455,0.2497,14,07/01/2020,06/30/2023
SAMPLE HOSPITAL 2851,102850,AK,READM-30-COPD-HRRP,54,,1.0291,0.1341,0.1303,7,07/01/2020,06/30/2023
SAMPLE HOSPITAL 2851,102850,AK,READM-30-AMI-HRRP,216,,1.0208,0.2507,0.2456,54,07/01/2020,06/30/2023
SAMPLE HOSPITAL 2851,102850,AK,READM-30-PN-HRRP,125,,0.9195,0.1806,0.1964,23,07/01/2020,06/30/2023
SAMPLE HOSPITAL 2851,102850,AK,READM-30-HIP-KNEE-HRRP,488,,0.9836,0.1889,0.192,92,07/01/2020,06/30/2023
SAMPLE HOSPITAL 2852,102851,AK,READM-30-COPD-HRRP,53,,1.1559,0.1979,0.1712,10,07/01/2020,06/30/2023
SAMPLE HOSPITAL 2852,102851,AK,READM-30-HIP-KNEE-HRRP,352,,1.0429,0.1693,0.1623,60,07/01/2020,06/30/2023
SAMPLE HOSPITAL 2852,102851,AK,READM-30-HF-HRRP,732,,1.0941,0.1902,0.1738,139,07/01/2020,06/30/2023
SAMPLE HOSPITAL 2852,102851,AK,READM-30-AMI-HRRP,146,,1.1336,0.1537,0.1356,22,07/01/2020,06/30/2023
SAMPLE HOSPITAL 2852,102851,AK,READM-30-CABG-HRRP,95,,1.0713,0.1819,0.1698,17,07/01/2020,06/30/2023
SAMPLE HOSPITAL 2853,102852,LA,READM-30-HF-HRRP,81,,0.9358,0.1439,0.1538,12,07/01/2020,06/30/2023
SAMPLE HOSPITAL 2853,102852,LA,READM-30-CABG-HRRP,51,,1.001,0.244,0.2438,12,07/01/2020,06/30/2023
SAMPLE HOSPITAL 2853,102852,LA,READM-30-PN-HRRP,278,,1.0218,0.2009,0.1966,56,07/01/2020,06/30/2023
SAMPLE HOSPITAL 2854,102853,TX,READM-30-HF-HRRP,43,,1.0694,0.2105,0.1968,9,07/01/2020,06/30/2023
SAMPLE HOSPITAL 2854,102853,TX,READM-30-COPD-HRRP,561,,1.0088,0.1734,0.1719,97,07/01/2020,06/30/2023
SAMPLE HOSPITAL 2854,102853,TX,READM-30-CABG-HRRP,170,,1.066,0.1544,0.1448,26,07/01/2020,06/30/2023
SAMPLE HOSPITAL 2855,102854,NE,READM-30-AMI-HRRP,398,,0.9537,0.1996,0.2093,79,07/01/2020,06/30/2023
SAMPLE HOSPITAL 2855,102854,NE,READM-30-PN-HRRP,611,,0.9035,0.2346,0.2597,143,07/01/2020,06/30/2023
SAMPLE HOSPITAL 2855,102854,NE,READM-30-HIP-KNEE-HRRP,175,,1.1243,0.2832,0.2519,50,07/01/2020,06/30/2023
SAMPLE HOSPITAL 2856,102855,OK,READM-30-COPD-HRRP,117,,1.0374,0.1576,0.1519,18,07/01/2020,06/30/2023
SAMPLE HOSPITAL 2856,102855,OK,READM-30-HF-HRRP,377,,1.0763,0.1821,0.1692,69,07/01/2020,06/30/2023
SAMPLE HOSPITAL 2856,102855,OK,READM-30-AMI-HRRP,191,,1.0246,0.1991,0.1943,38,07/01/2020,06/30/2023
SAMPLE HOSPITAL 2856,102855,OK,READM-30-HIP-KNEE-HRRP,502,,0.9721,0.1684,0.1732,85,07/01/2020,06/30/2023
SAMPLE HOSPITAL 2857,102856,VA,READM-30-AMI-HRRP,296,,0.996,0.2221,0.223,66,07/01/2020,06/30/2023
SAMPLE HOSPITAL 2857,102856,VA,READM-30-PN-HRRP,188,,1.0509,0.2578,0.2453,48,07/01/2020,06/30/2023
SAMPLE HOSPITAL 2857,102856,VA,READM-30-COPD-HRRP,143,,1.1092,0.1689,0.1523,24,07/01/2020,06/30/2023
SAMPLE HOSPITAL 2857,102856,VA,READM-30-HF-HRRP,470,,0.9446,0.1509,0.1598,71,07/01/2020,06/30/2023
SAMPLE HOSPITAL 2857,102856,VA,READM-30-HIP-KNEE-HRRP,156,,1.1192,0.217,0.1939,34,07/01/2020,06/30/2023
SAMPLE HOSPITAL 2857,102856,VA,READM-30-CABG-HRRP,253,,0.9481,0.2028,0.2139,51,07/01/2020,06/30/2023
SAMPLE HOSPITAL 2858,102857,WV,READM-30-CABG-HRRP,91,,0.9207,0.1565,0.17,14,07/01/2020,06/30/2023
SAMPLE HOSPITAL 2858,102857,WV,READM-30-PN-HRRP,36,,1.0519,0.1923,0.1828,7,07/01/2020,06/30/2023
SAMPLE HOSPITAL 2858,102857,WV,READM-30-HF-HRRP,Too Few to Report,1,Too Few to Report,,,,07/01/2020,06/30/2023
SAMPLE HOSPITAL 2859,102858,AL,READM-30-PN-HRRP,124,,1.0867,0.1751,0.1611,22,07/01/2020,06/30/2023
SAMPLE HOSPITAL 2859,102858,AL,READM-30-HIP-KNEE-HRRP,191,,0.9908,0.1496,0.151,29,07/01/2020,06/30/2023
SAMPLE HOSPITAL 2859,102858,AL,READM-30-CABG-HRRP,173,,1.0634,0.1689,0.1588,29,07/01/2020,06/30/2023
SAMPLE HOSPITAL 2859,102858,AL,READM-30-AMI-HRRP,26,,0.8718,0.1733,0.1988,5,07/01/2020,06/30/2023
SAMPLE HOSPITAL 2860,102859,PA,READM-30-PN-HRRP,87,,0.9965,0.2479,0.2488,22,07/01/2020,06/30/2023
SAMPLE HOSPITAL 2860,102859,PA,READM-30-COPD-HRRP,117,,0.9216,0.1968,0.2135,23,07/01/2020,06/30/2023
SAMPLE HOSPITAL 2860,102859,PA,READM-30-HF-HRRP,105,,0.9961,0.2283,0.2292,24,07/01/2020,06/30/2023
SAMPLE HOSPITAL 2860,102859,PA,READM-30-AMI-HRRP,278,,1.0021,0.1773,0.1769,49,07/01/2020,06/30/2023
SAMPLE HOSPITAL 2860,102859,PA,READM-30-CABG-HRRP,177,,1.0306,0.2603,0.2526,46,07/01/2020,06/30/2023
SAMPLE HOSPITAL 2861,102860,OK,READM-30-CABG-HRRP,153,,0.9992,0.2227,0.2229,34,07/01/2020,06/30/2023
SAMPLE HOSPITAL 2861,102860,OK,READM-30-PN-HRRP,324,,1.0337,0.1926,0.1863,62,07/01/2020,06/30/2023
SAMPLE HOSPITAL 2861,102860,OK,READM-30-COPD-HRRP,89,,0.9827,0.1947,0.1981,17,07/01/2020,06/30/2023
SAMPLE HOSPITAL 2861,102860,OK,READM-30-AMI-HRRP,68,,0.9901,0.2566,0.2592,17,07/01/2020,06/30/2023
SAMPLE HOSPITAL 2861,102860,OK,READM-30-HF-HRRP,190,,1.0049,0.2366,0.2354,45,07/01/2020,06/30/2023
SAMPLE HOSPITAL 2861,102860,OK,READM-30-HIP-KNEE-HRRP,37,,1.1184,0.2062,0.1844,8,07/01/2020,06/30/2023
SAMPLE HOSPITAL 2862,102861,NH,READM-30-PN-HRRP,140,,1.1653,0.1594,0.1368,22,07/01/2020,06/30/2023
SAMPLE HOSPITAL 2862,102861,NH,READM-30-HF-HRRP,1095,,1.0943,0.2488,0.2274,272,07/01/2020,06/30/2023
SAMPLE HOSPITAL 2862,102861,NH,READM-30-COPD-HRRP,308,,1.035,0.2452,0.2369,76,07/01/2020,06/30/2023
SAMPLE HOSPITAL 2862,102861,NH,READM-30-HIP-KNEE-HRRP,228,,1.0612,0.2273,0.2142,52,07/01/2020,06/30/2023
SAMPLE HOSPITAL 2862,102861,NH,READM-30-CABG-HRRP,273,,0.9434,0.1524,0.1615,42,07/01/2020,06/30/2023
SAMPLE HOSPITAL 2863,102862,AZ,READM-30-AMI-HRRP,295,,0.9938,0.1925,0.1937,57,07/01/2020,06/30/2023
SAMPLE HOSPITAL 2863,102862,AZ,READM-30-PN-HRRP,269,,0.9985,0.2556,0.256,69,07/01/2020,06/30/2023
SAMPLE HOSPITAL 2863,102862,AZ,READM-30-HF-HRRP,Too Few to Report,1,Too Few to Report,,,,07/01/2020,06/30/2023
SAMPLE HOSPITAL 2863,102862,AZ,READM-30-HIP-KNEE-HRRP,322,,1.117,0.247,0.2211,80,07/01/2020,06/30/2023
SAMPLE HOSPITAL 2863,102862,AZ,READM-30-CABG-HRRP,179,,1.0629,0.1649,0.1551,30,07/01/2020,06/30/2023
SAMPLE HOSPITAL 2864,102863,MA,READM-30-COPD-HRRP,84,,1.1417,0.1714,0.1501,14,07/01/2020,06/30/2023
SAMPLE HOSPITAL 2864,102863,MA,READM-30-HIP-KNEE-HRRP,191,,1.0687,0.2177,0.2037,42,07/01/2020,06/30/2023
SAMPLE HOSPITAL 2864,102863,MA,READM-30-HF-HRRP,107,,0.9134,0.2336,0.2558,25,07/01/2020,06/30/2023
SAMPLE HOSPITAL 2864,102863,MA,READM-30-AMI-HRRP,84,,1.0222,0.1439,0.1408,12,07/01/2020,06/30/2023
SAMPLE HOSPITAL 2864,102863,MA,READM-30-CABG-HRRP,288,,0.9451,0.1772,0.1875,51,07/01/2020,06/30/2023
SAMPLE HOSPITAL 2864,102863,MA,READM-30-PN-HRRP,198,,1.1525,0.2941,0.2552,58,07/01/2020,06/30/2023
SAMPLE HOSPITAL 2865,102864,UT,READM-30-HIP-KNEE-HRRP,495,,0.9653,0.1709,0.177,85,07/01/2020,06/30/2023
SAMPLE HOSPITAL 2865,102864,UT,READM-30-HF-HRRP,188,,0.9177,0.1458,0.1589,27,07/01/2020,06/30/2023
SAMPLE HOSPITAL 2865,102864,UT,READM-30-COPD-HRRP,304,,0.9962,0.1518,0.1524,46,07/01/2020,06/30/2023
SAMPLE HOSPITAL 2865,102864,UT,READM-30-CABG-HRRP,30,,1.0233,0.2083,0.2036,6,07/01/2020,06/30/2023
SAMPLE HOSPITAL 2866,102865,MA,READM-30-CABG-HRRP,850,,0.9482,0.2227,0.2349,189,07/01/2020,06/30/2023
SAMPLE HOSPITAL 2866,102865,MA,READM-30-COPD-HRRP,64,,1.1056,0.247,0.2234,16,07/01/2020,06/30/2023
SAMPLE HOSPITAL 2866,102865,MA,READM-30-HIP-KNEE-HRRP,124,,1.041,0.2322,0.2231,29,07/01/2020,06/30/2023
SAMPLE HOSPITAL 2866,102865,MA,READM-30-HF-HRRP,169,,1.0063,0.1973,0.1961,33,07/01/2020,06/30/2023
SAMPLE HOSPITAL 2867,102866,ND,READM-30-HF-HRRP,180,,0.9558,0.1333,0.1395,24,07/01/2020,06/30/2023
SAMPLE HOSPITAL 2867,102866,ND,READM-30-HIP-KNEE-HRRP,108,,0.9467,0.2039,0.2154,22,07/01/2020,06/30/2023
SAMPLE HOSPITAL 2867,102866,ND,READM-30-CABG-HRRP,457,,0.9614,0.2003,0.2083,92,07/01/2020,06/30/2023
SAMPLE HOSPITAL 2867,102866,ND,READM-30-AMI-HRRP,178,,1.0276,0.1293,0.1258,23,07/01/2020,06/30/2023
SAMPLE HOSPITAL 2868,102867,DE,READM-30-CABG-HRRP,97,,0.9861,0.2198,0.2229,21,07/01/2020,06/30/2023
SAMPLE HOSPITAL 2868,102867,DE,READM-30-AMI-HRRP,127,,0.9474,0.127,0.134,16,07/01/2020,06/30/2023
SAMPLE HOSPITAL 2868,102867,DE,READM-30-PN-HRRP,152,,1.1398,0.244,0.2141,37,07/01/2020,06/30/2023
SAMPLE HOSPITAL 2868,102867,DE,READM-30-HF-HRRP,799,,0.9748,0.1741,0.1786,139,07/01/2020,06/30/2023
SAMPLE HOSPITAL 2868,102867,DE,READM-30-HIP-KNEE-HRRP,374,,0.8895,0.1941,0.2182,73,07/01/2020,06/30/2023
SAMPLE HOSPITAL 2868,102867,DE,READM-30-COPD-HRRP,192,,1.0677,0.1456,0.1364,28,07/01/2020,06/30/2023
SAMPLE HOSPITAL 2869,102868,MS,READM-30-PN-HRRP,100,,1.046,0.1418,0.1356,14,07/01/2020,06/30/2023
SAMPLE HOSPITAL 2869,102868,MS,READM-30-HF-HRRP,93,,1.0836,0.1403,0.1295,13,07/01/2020,06/30/2023
SAMPLE HOSPITAL 2869,102868,MS,READM-30-HIP-KNEE-HRRP,217,,1.0195,0.2382,0.2336,52,07/01/2020,06/30/2023
SAMPLE HOSPITAL 2869,102868,MS,READM-30-COPD-HRRP,266,,0.956,0.1164,0.1218,31,07/01/2020,06/30/2023
SAMPLE HOSPITAL 2869,102868,MS,READM-30-AMI-HRRP,107,,0.9921,0.2405,0.2424,26,07/01/2020,06/30/2023
SAMPLE HOSPITAL 2869,102868,MS,READM-30-CABG-HRRP,429,,0.9705,0.1954,0.2013,84,07/01/2020,06/30/2023
SAMPLE HOSPITAL 2870,102869,VA,READM-30-PN-HRRP,463,,1.0172,0.1708,0.1679,79,07/01/2020,06/30/2023
SAMPLE HOSPITAL 2870,102869,VA,READM-30-AMI-HRRP,397,,1.0569,0.1498,0.1417,59,07/01/2020,06/30/2023
SAMPLE HOSPITAL 2870,102869,VA,READM-30-COPD-HRRP,Too Few to Report,1,Too Few to Report,,,,07/01/2020,06/30/2023
SAMPLE HOSPITAL 2870,102869,VA,READM-30-HIP-KNEE-HRRP,363,,1.008,0.2109,0.2092,77,07/01/2020,06/30/2023
SAMPLE HOSPITAL 2871,102870,OK,READM-30-HF-HRRP,339,,0.9988,0.1494,0.1496,51,07/01/2020,06/30/2023
SAMPLE HOSPITAL 2871,102870,OK,READM-30-CABG-HRRP,100,,0.9929,0.136,0.137,14,07/01/2020,06/30/2023
SAMPLE HOSPITAL 2871,102870,OK,READM-30-HIP-KNEE-HRRP,171,,0.9951,0.1325,0.1332,23,07/01/2020,06/30/2023
SAMPLE HOSPITAL 2871,102870,OK,READM-30-PN-HRRP,331,,1.0246,0.1361,0.1328,45,07/01/2020,06/30/2023
SAMPLE HOSPITAL 2871,102870,OK,READM-30-COPD-HRRP,57,,0.9192,0.1274,0.1386,7,07/01/2020,06/30/2023
SAMPLE HOSPITAL 2871,102870,OK,READM-30-AMI-HRRP,552,,0.946,0.1404,0.1484,78,07/01/2020,06/30/2023
SAMPLE HOSPITAL 2872,102871,OK,READM-30-CABG-HRRP,29,,1.0209,0.2069,0.2027,6,07/01/2020,06/30/2023
SAMPLE HOSPITAL 2872,102871,OK,READM-30-AMI-HRRP,59,,1.099,0.2468,0.2246,15,07/01/2020,06/30/2023
SAMPLE HOSPITAL 2872,102871,OK,READM-30-COPD-HRRP,107,,1.0049,0.1591,0.1583,17,07/01/2020,06/30/2023
SAMPLE HOSPITAL 2872,102871,OK,READM-30-PN-HRRP,215,,0.9701,0.2457,0.2533,53,07/01/2020,06/30/2023
SAMPLE HOSPITAL 2872,102871,OK,READM-30-HF-HRRP,46,,1.0704,0.2661,0.2486,12,07/01/2020,06/30/2023
SAMPLE HOSPITAL 2872,102871,OK,READM-30-HIP-KNEE-HRRP,157,,1.0463,0.219,0.2093,34,07/01/2020,06/30/2023
SAMPLE HOSPITAL 2873,102872,OK,READM-30-HF-HRRP,154,,1.097,0.2071,0.1888,32,07/01/2020,06/30/2023
SAMPLE HOSPITAL 2873,102872,OK,READM-30-PN-HRRP,76,,1.0222,0.1658,0.1622,13,07/01/2020,06/30/2023
SAMPLE HOSPITAL 2873,102872,OK,READM-30-AMI-HRRP,166,,1.0455,0.2661,0.2545,44,07/01/2020,06/30/2023
SAMPLE HOSPITAL 2873,102872,OK,READM-30-CABG-HRRP,387,,0.9383,0.2037,0.2171,79,07/01/2020,06/30/2023
SAMPLE HOSPITAL 2873,102872,OK,READM-30-COPD-HRRP,132,,0.9446,0.1429,0.1513,19,07/01/2020,06/30/2023
SAMPLE HOSPITAL 2873,102872,OK,READM-30-HIP-KNEE-HRRP,323,,0.8916,0.1238,0.1388,40,07/01/2020,06/30/2023
SAMPLE HOSPITAL 2874,102873,WY,READM-30-AMI-HRRP,145,,0.9443,0.2247,0.238,33,07/01/2020,06/30/2023
SAMPLE HOSPITAL 2874,102873,WY,READM-30-HIP-KNEE-HRRP,451,,0.9627,0.1536,0.1596,69,07/01/2020,06/30/2023
SAMPLE HOSPITAL 2874,102873,WY,READM-30-HF-HRRP,426,,0.9875,0.2125,0.2152,91,07/01/2020,06/30/2023
SAMPLE HOSPITAL 2874,102873,WY,READM-30-PN-HRRP,237,,0.9711,0.2017,0.2077,48,07/01/2020,06/30/2023
SAMPLE HOSPITAL 2875,102874,KS,READM-30-COPD-HRRP,111,,0.9734,0.2345,0.2409,26,07/01/2020,06/30/2023
SAMPLE HOSPITAL 2875,102874,KS,READM-30-AMI-HRRP,Too Few to Report,1,Too Few to Report,,,,07/01/2020,06/30/2023
SAMPLE HOSPITAL 2875,102874,KS,READM-30-HF-HRRP,874,,1.0863,0.157,0.1445,137,07/01/2020,06/30/2023
SAMPLE HOSPITAL 2875,102874,KS,READM-30-CABG-HRRP,151,,0.9675,0.2441,0.2523,37,07/01/2020,06/30/2023
SAMPLE HOSPITAL 2876,102875,WI,READM-30-CABG-HRRP,80,,0.9109,0.2038,0.2237,16,07/01/2020,06/30/2023
SAMPLE HOSPITAL 2876,102875,WI,READM-30-PN-HRRP,57,,0.941,0.156,0.1658,9,07/01/2020,06/30/2023
SAMPLE HOSPITAL 2876,102875,WI,READM-30-COPD-HRRP,70,,0.9644,0.1492,0.1547,10,07/01/2020,06/30/2023
SAMPLE HOSPITAL 2877,102876,LA,READM-30-HIP-KNEE-HRRP,851,,0.984,0.121,0.123,103,07/01/2020,06/30/2023
SAMPLE HOSPITAL 2877,102876,LA,READM-30-HF-HRRP,188,,1.0382,0.1776,0.1711,33,07/01/2020,06/30/2023
SAMPLE HOSPITAL 2877,102876,LA,READM-30-AMI-HRRP,234,,1.0692,0.2763,0.2584,65,07/01/2020,06/30/2023
SAMPLE HOSPITAL 2877,102876,LA,READM-30-PN-HRRP,51,,1.0296,0.2394,0.2325,12,07/01/2020,06/30/2023
SAMPLE HOSPITAL 2878,102877,UT,READM-30-PN-HRRP,247,,1.103,0.2235,0.2026,55,07/01/2020,06/30/2023
SAMPLE HOSPITAL 2878,102877,UT,READM-30-HF-HRRP,152,,0.9346,0.1437,0.1538,22,07/01/2020,06/30/2023
SAMPLE HOSPITAL 2878,102877,UT,READM-30-HIP-KNEE-HRRP,338,,1.0391,0.2413,0.2322,82,07/01/2020,06/30/2023
SAMPLE HOSPITAL 2878,102877,UT,READM-30-CABG-HRRP,Too Few to Report,1,Too Few to Report,,,,07/01/2020,06/30/2023
SAMPLE HOSPITAL 2879,102878,NM,READM-30-AMI-HRRP,253,,0.9353,0.2296,0.2455,58,07/01/2020,06/30/2023
SAMPLE HOSPITAL 2879,102878,NM,READM-30-CABG-HRRP,289,,0.8455,0.1276,0.1509,37,07/01/2020,06/30/2023
SAMPLE HOSPITAL 2879,102878,NM,READM-30-COPD-HRRP,184,,1.1307,0.2923,0.2585,54,07/01/2020,06/30/2023
SAMPLE HOSPITAL 2879,102878,NM,READM-30-HIP-KNEE-HRRP,472,,1.015,0.1972,0.1943,93,07/01/2020,06/30/2023
SAMPLE HOSPITAL 2880,102879,NY,READM-30-AMI-HRRP,218,,1.0071,0.1824,0.1811,40,07/01/2020,06/30/2023
SAMPLE HOSPITAL 2880,102879,NY,READM-30-HF-HRRP,958,,1.0144,0.2171,0.214,208,07/01/2020,06/30/2023
SAMPLE HOSPITAL 2880,102879,NY,READM-30-HIP-KNEE-HRRP,336,,0.9958,0.197,0.1978,66,07/01/2020,06/30/2023
SAMPLE HOSPITAL 2880,102879,NY,READM-30-COPD-HRRP,70,,1.0022,0.2458,0.2453,17,07/01/2020,06/30/2023
SAMPLE HOSPITAL 2881,102880,MT,READM-30-AMI-HRRP,52,,0.9882,0.2456,0.2485,13,07/01/2020,06/30/2023
SAMPLE HOSPITAL 2881,102880,MT,READM-30-CABG-HRRP,178,,1.0233,0.2395,0.234,43,07/01/2020,06/30/2023
SAMPLE HOSPITAL 2881,102880,MT,READM-30-COPD-HRRP,99,,0.9843,0.1383,0.1405,14,07/01/2020,06/30/2023
SAMPLE HOSPITAL 2881,102880,MT,READM-30-PN-HRRP,789,,1.039,0.2631,0.2532,208,07/01/2020,06/30/2023
SAMPLE HOSPITAL 2881,102880,MT,READM-30-HIP-KNEE-HRRP,36,,0.9369,0.1285,0.1372,5,07/01/2020,06/30/2023
SAMPLE HOSPITAL 2881,102880,MT,READM-30-HF-HRRP,341,,0.8735,0.1472,0.1685,50,07/01/2020,06/30/2023
SAMPLE HOSPITAL 2882,102881,HI,READM-30-AMI-HRRP,121,,0.9239,0.1694,0.1834,20,07/01/2020,06/30/2023
SAMPLE HOSPITAL 2882,102881,HI,READM-30-CABG-HRRP,109,,0.9517,0.2391,0.2512,26,07/01/2020,06/30/2023
SAMPLE HOSPITAL 2882,102881,HI,READM-30-PN-HRRP,164,,1.0589,0.2574,0.2431,42,07/01/2020,06/30/2023
SAMPLE HOSPITAL 2882,102881,HI,READM-30-HF-HRRP,218,,0.9736,0.2037,0.2092,44,07/01/2020,06/30/2023
SAMPLE HOSPITAL 2883,102882,WY,READM-30-PN-HRRP,80,,1.0722,0.2422,0.2259,19,07/01/2020,06/30/2023
SAMPLE HOSPITAL 2883,102882,WY,READM-30-HIP-KNEE-HRRP,189,,0.9812,0.1705,0.1738,32,07/01/2020,06/30/2023
SAMPLE HOSPITAL 2883,102882,WY,READM-30-CABG-HRRP,49,,0.804,0.1536,0.191,8,07/01/2020,06/30/2023
SAMPLE HOSPITAL 2883,102882,WY,READM-30-HF-HRRP,669,,0.9462,0.2299,0.243,154,07/01/2020,06/30/2023
SAMPLE HOSPITAL 2884,102883,DE,READM-30-COPD-HRRP,324,,1.0312,0.2286,0.2217,74,07/01/2020,06/30/2023
SAMPLE HOSPITAL 2884,102883,DE,READM-30-HF-HRRP,293,,0.9446,0.2145,0.2271,63,07/01/2020,06/30/2023
SAMPLE HOSPITAL 2884,102883,DE,READM-30-PN-HRRP,321,,0.9972,0.2549,0.2556,82,07/01/2020,06/30/2023
SAMPLE HOSPITAL 2885,102884,IN,READM-30-HF-HRRP,370,,1.0209,0.1305,0.1278,48,07/01/2020,06/30/2023
SAMPLE HOSPITAL 2885,102884,IN,READM-30-COPD-HRRP,169,,1.0648,0.1909,0.1793,32,07/01/2020,06/30/2023
SAMPLE HOSPITAL 2885,102884,IN,READM-30-AMI-HRRP,70,,1.0366,0.1889,0.1822,13,07/01/2020,06/30/2023
SAMPLE HOSPITAL 2885,102884,IN,READM-30-PN-HRRP,169,,0.9936,0.2246,0.226,38,07/01/2020,06/30/2023
SAMPLE HOSPITAL 2885,102884,IN,READM-30-CABG-HRRP,460,,0.9377,0.2146,0.2289,99,07/01/2020,06/30/2023
SAMPLE HOSPITAL 2885,102884,IN,READM-30-HIP-KNEE-HRRP,337,,1.0127,0.1544,0.1525,52,07/01/2020,06/30/2023
SAMPLE HOSPITAL 2886,102885,VT,READM-30-HIP-KNEE-HRRP,171,,0.9934,0.1922,0.1935,33,07/01/2020,06/30/2023
SAMPLE HOSPITAL 2886,102885,VT,READM-30-HF-HRRP,95,,1.0705,0.1864,0.1741,18,07/01/2020,06/30/2023
SAMPLE HOSPITAL 2886,102885,VT,READM-30-CABG-HRRP,61,,1.0631,0.1385,0.1303,8,07/01/2020,06/30/2023
SAMPLE HOSPITAL 2887,102886,NY,READM-30-AMI-HRRP,161,,1.086,0.2746,0.2529,44,07/01/2020,06/30/2023
SAMPLE HOSPITAL 2887,102886,NY,READM-30-CABG-HRRP,543,,0.977,0.1861,0.1905,101,07/01/2020,06/30/2023
SAMPLE HOSPITAL 2887,102886,NY,READM-30-HF-HRRP,708,,0.8894,0.2176,0.2447,154,07/01/2020,06/30/2023
SAMPLE HOSPITAL 2887,102886,NY,READM-30-COPD-HRRP,767,,0.9589,0.2291,0.2389,176,07/01/2020,06/30/2023
SAMPLE HOSPITAL 2888,102887,AL,READM-30-PN-HRRP,333,,0.8798,0.2195,0.2495,73,07/01/2020,06/30/2023
SAMPLE HOSPITAL 2888,102887,AL,READM-30-HIP-KNEE-HRRP,353,,0.9065,0.1488,0.1642,53,07/01/2020,06/30/2023
SAMPLE HOSPITAL 2888,102887,AL,READM-30-AMI-HRRP,340,,0.9795,0.1873,0.1912,64,07/01/2020,06/30/2023
SAMPLE HOSPITAL 2888,102887,AL,READM-30-CABG-HRRP,290,,1.0356,0.1569,0.1515,46,07/01/2020,06/30/2023
SAMPLE HOSPITAL 2888,102887,AL,READM-30-COPD-HRRP,96,,0.8681,0.2132,0.2456,20,07/01/2020,06/30/2023
SAMPLE HOSPITAL 2889,102888,WI,READM-30-CABG-HRRP,Too Few to Report,1,Too Few to Report,,,,07/01/2020,06/30/2023
SAMPLE HOSPITAL 2889,102888,WI,READM-30-COPD-HRRP,579,,0.9638,0.1541,0.1599,89,07/01/2020,06/30/2023
SAMPLE HOSPITAL 2889,102888,WI,READM-30-AMI-HRRP,182,,0.9897,0.1723,0.1741,31,07/01/2020,06/30/2023
SAMPLE HOSPITAL 2889,102888,WI,READM-30-PN-HRRP,116,,1.0683,0.2538,0.2376,29,07/01/2020,06/30/2023
SAMPLE HOSPITAL 2889,102888,WI,READM-30-HF-HRRP,487,,1.0868,0.2262,0.2081,110,07/01/2020,06/30/2023
SAMPLE HOSPITAL 2889,102888,WI,READM-30-HIP-KNEE-HRRP,769,,0.9526,0.1548,0.1625,119,07/01/2020,06/30/2023
SAMPLE HOSPITAL 2890,102889,FL,READM-30-PN-HRRP,96,,0.9453,0.1819,0.1924,17,07/01/2020,06/30/2023
SAMPLE HOSPITAL 2890,102889,FL,READM-30-HIP-KNEE-HRRP,116,,1.0968,0.1355,0.1235,16,07/01/2020,06/30/2023
SAMPLE HOSPITAL 2890,102889,FL,READM-30-HF-HRRP,739,,1.103,0.2075,0.1881,153,07/01/2020,06/30/2023
SAMPLE HOSPITAL 2890,102889,FL,READM-30-CABG-HRRP,183,,0.9356,0.235,0.2512,43,07/01/2020,06/30/2023
SAMPLE HOSPITAL 2890,102889,FL,READM-30-AMI-HRRP,142,,0.8775,0.1241,0.1414,18,07/01/2020,06/30/2023
SAMPLE HOSPITAL 2891,102890,WI,READM-30-HF-HRRP,32,,1.0344,0.2544,0.2459,8,07/01/2020,06/30/2023
SAMPLE HOSPITAL 2891,102890,WI,READM-30-CABG-HRRP,113,,1.1415,0.2438,0.2136,28,07/01/2020,06/30/2023
SAMPLE HOSPITAL 2891,102890,WI,READM-30-PN-HRRP,44,,1.0442,0.1518,0.1454,7,07/01/2020,06/30/2023
SAMPLE HOSPITAL 2891,102890,WI,READM-30-AMI-HRRP,123,,0.9459,0.1817,0.1921,22,07/01/2020,06/30/2023
SAMPLE HOSPITAL 2891,102890,WI,READM-30-COPD-HRRP,401,,1.0873,0.2767,0.2545,111,07/01/2020,06/30/2023
SAMPLE HOSPITAL 2892,102891,VA,READM-30-COPD-HRRP,55,,1.1069,0.2617,0.2364,14,07/01/2020,06/30/2023
SAMPLE HOSPITAL 2892,102891,VA,READM-30-CABG-HRRP,38,,1.0293,0.2288,0.2223,9,07/01/2020,06/30/2023
SAMPLE HOSPITAL 2892,102891,VA,READM-30-HF-HRRP,97,,0.9503,0.2042,0.2149,20,07/01/2020,06/30/2023
SAMPLE HOSPITAL 2892,102891,VA,READM-30-PN-HRRP,892,,0.9647,0.1674,0.1735,149,07/01/2020,06/30/2023
SAMPLE HOSPITAL 2893,102892,IN,READM-30-PN-HRRP,111,,0.9963,0.1465,0.147,16,07/01/2020,06/30/2023
SAMPLE HOSPITAL 2893,102892,IN,READM-30-HIP-KNEE-HRRP,225,,0.9913,0.2009,0.2027,45,07/01/2020,06/30/2023
SAMPLE HOSPITAL 2893,102892,IN,READM-30-HF-HRRP,270,,0.9244,0.1791,0.1937,48,07/01/2020,06/30/2023
SAMPLE HOSPITAL 2893,102892,IN,READM-30-AMI-HRRP,167,,1.0344,0.1274,0.1232,21,07/01/2020,06/30/2023
SAMPLE HOSPITAL 2894,102893,SC,READM-30-COPD-HRRP,199,,0.9916,0.2538,0.256,51,07/01/2020,06/30/2023
SAMPLE HOSPITAL 2894,102893,SC,READM-30-HF-HRRP,282,,1.0011,0.2017,0.2015,57,07/01/2020,06/30/2023
SAMPLE HOSPITAL 2894,102893,SC,READM-30-AMI-HRRP,397,,0.9968,0.1959,0.1965,78,07/01/2020,06/30/2023
SAMPLE HOSPITAL 2895,102894,UT,READM-30-HIP-KNEE-HRRP,49,,1.0954,0.202,0.1844,10,07/01/2020,06/30/2023
SAMPLE HOSPITAL 2895,102894,UT,READM-30-COPD-HRRP,131,,0.9674,0.2329,0.2407,31,07/01/2020,06/30/2023
SAMPLE HOSPITAL 2895,102894,UT,READM-30-PN-HRRP,533,,0.9085,0.1687,0.1857,90,07/01/2020,06/30/2023
SAMPLE HOSPITAL 2895,102894,UT,READM-30-AMI-HRRP,205,,0.8585,0.1088,0.1267,22,07/01/2020,06/30/2023
SAMPLE HOSPITAL 2895,102894,UT,READM-30-CABG-HRRP,154,,0.926,0.1443,0.1558,22,07/01/2020,06/30/2023
SAMPLE HOSPITAL 2895,102894,UT,READM-30-HF-HRRP,165,,1.0416,0.2607,0.2503,43,07/01/2020,06/30/2023
SAMPLE HOSPITAL 2897,102896,SD,READM-30-HIP-KNEE-HRRP,129,,1.0439,0.1757,0.1683,23,07/01/2020,06/30/2023
SAMPLE HOSPITAL 2897,102896,SD,READM-30-AMI-HRRP,69,,1.0301,0.2582,0.2507,18,07/01/2020,06/30/2023
SAMPLE HOSPITAL 2897,102896,SD,READM-30-HF-HRRP,114,,1.1111,0.2207,0.1986,25,07/01/2020,06/30/2023
SAMPLE HOSPITAL 2897,102896,SD,READM-30-PN-HRRP,267,,1.0937,0.2308,0.211,62,07/01/2020,06/30/2023
SAMPLE HOSPITAL 2897,102896,SD,READM-30-CABG-HRRP,457,,1.0642,0.1688,0.1586,77,07/01/2020,06/30/2023
SAMPLE HOSPITAL 2898,102897,OR,READM-30-PN-HRRP,362,,1.0236,0.1458,0.1424,53,07/01/2020,06/30/2023
SAMPLE HOSPITAL 2898,102897,OR,READM-30-HF-HRRP,388,,1.0127,0.1869,0.1846,73,07/01/2020,06/30/2023
SAMPLE HOSPITAL 2898,102897,OR,READM-30-CABG-HRRP,122,,0.9856,0.1922,0.195,23,07/01/2020,06/30/2023
SAMPLE HOSPITAL 2898,102897,OR,READM-30-HIP-KNEE-HRRP,175,,0.9566,0.1576,0.1648,28,07/01/2020,06/30/2023
SAMPLE HOSPITAL 2898,102897,OR,READM-30-COPD-HRRP,330,,0.9656,0.2153,0.223,71,07/01/2020,06/30/2023
SAMPLE HOSPITAL 2898,102897,OR,READM-30-AMI-HRRP,191,,0.941,0.2371,0.252,45,07/01/2020,06/30/2023
SAMPLE HOSPITAL 2899,102898,MD,READM-30-COPD-HRRP,82,,1.0752,0.1488,0.1384,12,07/01/2020,06/30/2023
SAMPLE HOSPITAL 2899,102898,MD,READM-30-HIP-KNEE-HRRP,217,,1.0429,0.2326,0.223,50,07/01/2020,06/30/2023
SAMPLE HOSPITAL 2899,102898,MD,READM-30-HF-HRRP,106,,1.0643,0.177,0.1663,19,07/01/2020,06/30/2023
SAMPLE HOSPITAL 2899,102898,MD,READM-30-PN-HRRP,181,,0.978,0.1216,0.1243,22,07/01/2020,06/30/2023
SAMPLE HOSPITAL 2899,102898,MD,READM-30-AMI-HRRP,853,,1.064,0.1413,0.1328,121,07/01/2020,06/30/2023
SAMPLE HOSPITAL 2900,102899,ME,READM-30-PN-HRRP,511,,1.0724,0.2282,0.2128,117,07/01/2020,06/30/2023
SAMPLE HOSPITAL 2900,102899,ME,READM-30-HIP-KNEE-HRRP,71,,1.0492,0.1353,0.129,10,07/01/2020,06/30/2023
SAMPLE HOSPITAL 2900,102899,ME,READM-30-HF-HRRP,167,,0.9462,0.1271,0.1343,21,07/01/2020,06/30/2023
SAMPLE HOSPITAL 2900,102899,ME,READM-30-COPD-HRRP,144,,1.0864,0.2072,0.1907,30,07/01/2020,06/30/2023
SAMPLE HOSPITAL 2900,102899,ME,READM-30-AMI-HRRP,237,,1.0218,0.1868,0.1828,44,07/01/2020,06/30/2023
SAMPLE HOSPITAL 2900,102899,ME,READM-30-CABG-HRRP,591,,0.9895,0.2279,0.2303,135,07/01/2020,06/30/2023
SAMPLE HOSPITAL 2901,102900,MA,READM-30-CABG-HRRP,215,,0.9967,0.2079,0.2086,45,07/01/2020,06/30/2023
SAMPLE HOSPITAL 2901,102900,MA,READM-30-HF-HRRP,148,,0.9809,0.146,0.1488,22,07/01/2020,06/30/2023
SAMPLE HOSPITAL 2901,102900,MA,READM-30-AMI-HRRP,64,,1.0342,0.1313,0.127,8,07/01/2020,06/30/2023
SAMPLE HOSPITAL 2902,102901,IN,READM-30-HIP-KNEE-HRRP,100,,1.0149,0.1672,0.1647,17,07/01/2020,06/30/2023
SAMPLE HOSPITAL 2902,102901,IN,READM-30-AMI-HRRP,281,,1.2165,0.2562,0.2106,72,07/01/2020,06/30/2023
SAMPLE HOSPITAL 2902,102901,IN,READM-30-PN-HRRP,96,,1.0778,0.1735,0.161,17,07/01/2020,06/30/2023
SAMPLE HOSPITAL 2902,102901,IN,READM-30-COPD-HRRP,647,,0.9644,0.2486,0.2578,161,07/01/2020,06/30/2023
SAMPLE HOSPITAL 2902,102901,IN,READM-30-HF-HRRP,156,,1.0669,0.1822,0.1708,28,07/01/2020,06/30/2023
SAMPLE HOSPITAL 2902,102901,IN,READM-30-CABG-HRRP,51,,1.0834,0.2208,0.2038,11,07/01/2020,06/30/2023
SAMPLE HOSPITAL 2903,102902,IN,READM-30-COPD-HRRP,376,,0.9856,0.2206,0.2238,83,07/01/2020,06/30/2023
SAMPLE HOSPITAL 2903,102902,IN,READM-30-AMI-HRRP,32,,0.9039,0.1919,0.2123,6,07/01/2020,06/30/2023
SAMPLE HOSPITAL 2903,102902,IN,READM-30-HF-HRRP,127,,1.0601,0.2067,0.195,26,07/01/2020,06/30/2023
SAMPLE HOSPITAL 2903,102902,IN,READM-30-HIP-KNEE-HRRP,242,,1.0375,0.1573,0.1516,38,07/01/2020,06/30/2023
SAMPLE HOSPITAL 2903,102902,IN,READM-30-PN-HRRP,191,,0.9693,0.1357,0.14,26,07/01/2020,06/30/2023
SAMPLE HOSPITAL 2903,102902,IN,READM-30-CABG-HRRP,72,,0.9022,0.2096,0.2323,15,07/01/2020,06/30/2023
SAMPLE HOSPITAL 2904,102903,RI,READM-30-COPD-HRRP,145,,1.0507,0.1617,0.1539,23,07/01/2020,06/30/2023
SAMPLE HOSPITAL 2904,102903,RI,READM-30-HIP-KNEE-HRRP,72,,1.0275,0.1463,0.1424,11,07/01/2020,06/30/2023
SAMPLE HOSPITAL 2904,102903,RI,READM-30-CABG-HRRP,126,,1.0586,0.2093,0.1977,26,07/01/2020,06/30/2023
SAMPLE HOSPITAL 2904,102903,RI,READM-30-HF-HRRP,67,,0.9799,0.2078,0.2121,14,07/01/2020,06/30/2023
SAMPLE HOSPITAL 2905,102904,WV,READM-30-PN-HRRP,163,,0.9715,0.2425,0.2496,40,07/01/2020,06/30/2023
SAMPLE HOSPITAL 2905,102904,WV,READM-30-HF-HRRP,168,,1.0221,0.2185,0.2138,37,07/01/2020,06/30/2023
SAMPLE HOSPITAL 2905,102904,WV,READM-30-CABG-HRRP,231,,0.9859,0.1484,0.1505,34,07/01/2020,06/30/2023
SAMPLE HOSPITAL 2905,102904,WV,READM-30-COPD-HRRP,99,,0.9389,0.1924,0.2049,19,07/01/2020,06/30/2023
SAMPLE HOSPITAL 2906,102905,TX,READM-30-COPD-HRRP,529,,0.9014,0.1607,0.1783,85,07/01/2020,06/30/2023
SAMPLE HOSPITAL 2906,102905,TX,READM-30-PN-HRRP,49,,1.0053,0.1298,0.1291,6,07/01/2020,06/30/2023
SAMPLE HOSPITAL 2906,102905,TX,READM-30-HIP-KNEE-HRRP,960,,0.9904,0.2015,0.2035,193,07/01/2020,06/30/2023
SAMPLE HOSPITAL 2907,102906,RI,READM-30-AMI-HRRP,889,,1.0032,0.2272,0.2265,202,07/01/2020,06/30/2023
SAMPLE HOSPITAL 2907,102906,RI,READM-30-CABG-HRRP,106,,1.0623,0.2023,0.1904,21,07/01/2020,06/30/2023
SAMPLE HOSPITAL 2907,102906,RI,READM-30-COPD-HRRP,246,,1.0772,0.1669,0.1549,41,07/01/2020,06/30/2023
SAMPLE HOSPITAL 2907,102906,RI,READM-30-PN-HRRP,117,,0.9847,0.1255,0.1275,15,07/01/2020,06/30/2023
SAMPLE HOSPITAL 2907,102906,RI,READM-30-HIP-KNEE-HRRP,207,,1.03,0.2294,0.2227,47,07/01/2020,06/30/2023
SAMPLE HOSPITAL 2908,102907,MN,READM-30-PN-HRRP,349,,0.9781,0.168,0.1718,59,07/01/2020,06/30/2023
SAMPLE HOSPITAL 2908,102907,MN,READM-30-HIP-KNEE-HRRP,387,,0.9932,0.2071,0.2085,80,07/01/2020,06/30/2023
SAMPLE HOSPITAL 2908,102907,MN,READM-30-CABG-HRRP,129,,0.8917,0.1629,0.1827,21,07/01/2020,06/30/2023
SAMPLE HOSPITAL 2908,102907,MN,READM-30-AMI-HRRP,91,,0.9781,0.2457,0.2512,22,07/01/2020,06/30/2023
SAMPLE HOSPITAL 2908,102907,MN,READM-30-COPD-HRRP,407,,0.9553,0.1607,0.1682,65,07/01/2020,06/30/2023
SAMPLE HOSPITAL 2909,102908,IN,READM-30-PN-HRRP,312,,1.0654,0.2606,0.2446,81,07/01/2020,06/30/2023
SAMPLE HOSPITAL 2909,102908,IN,READM-30-HIP-KNEE-HRRP,167,,1.0274,0.207,0.2015,35,07/01/2020,06/30/2023
SAMPLE HOSPITAL 2909,102908,IN,READM-30-HF-HRRP,89,,1.0279,0.1499,0.1458,13,07/01/2020,06/30/2023
SAMPLE HOSPITAL 2910,102909,TX,READM-30-AMI-HRRP,185,,1.1688,0.1832,0.1567,34,07/01/2020,06/30/2023
SAMPLE HOSPITAL 2910,102909,TX,READM-30-CABG-HRRP,197,,0.9253,0.1973,0.2132,39,07/01/2020,06/30/2023
SAMPLE HOSPITAL 2910,102909,TX,READM-30-PN-HRRP,354,,1.0576,0.1568,0.1483,56,07/01/2020,06/30/2023
SAMPLE HOSPITAL 2911,102910,NH,READM-30-COPD-HRRP,312,,0.9694,0.2218,0.2288,69,07/01/2020,06/30/2023
SAMPLE HOSPITAL 2911,102910,NH,READM-30-PN-HRRP,139,,1.0423,0.2524,0.2422,35,07/01/2020,06/30/2023
SAMPLE HOSPITAL 2911,102910,NH,READM-30-AMI-HRRP,47,,0.9768,0.1271,0.1301,6,07/01/2020,06/30/2023
SAMPLE HOSPITAL 2911,102910,NH,READM-30-HIP-KNEE-HRRP,387,,0.9948,0.1927,0.1937,75,07/01/2020,06/30/2023
SAMPLE HOSPITAL 2911,102910,NH,READM-30-CABG-HRRP,441,,0.9345,0.2279,0.2439,101,07/01/2020,06/30/2023
SAMPLE HOSPITAL 2911,102910,NH,READM-30-HF-HRRP,261,,1.0261,0.2625,0.2558,69,07/01/2020,06/30/2023
SAMPLE HOSPITAL 2912,102911,AR,READM-30-AMI-HRRP,317,,1.0741,0.2332,0.2171,74,07/01/2020,06/30/2023
SAMPLE HOSPITAL 2912,102911,AR,READM-30-HIP-KNEE-HRRP,134,,0.9865,0.201,0.2038,27,07/01/2020,06/30/2023
SAMPLE HOSPITAL 2912,102911,AR,READM-30-PN-HRRP,787,,1.0453,0.1886,0.1804,148,07/01/2020,06/30/2023
SAMPLE HOSPITAL 2912,102911,AR,READM-30-HF-HRRP,233,,1.0141,0.1872,0.1846,44,07/01/2020,06/30/2023
SAMPLE HOSPITAL 2912,102911,AR,READM-30-CABG-HRRP,124,,1.0673,0.228,0.2136,28,07/01/2020,06/30/2023
SAMPLE HOSPITAL 2913,102912,KY,READM-30-CABG-HRRP,187,,0.9355,0.2041,0.2182,38,07/01/2020,06/30/2023
SAMPLE HOSPITAL 2913,102912,KY,READM-30-PN-HRRP,1488,,0.9209,0.1481,0.1608,220,07/01/2020,06/30/2023
SAMPLE HOSPITAL 2913,102912,KY,READM-30-HIP-KNEE-HRRP,301,,1.0359,0.1698,0.1639,51,07/01/2020,06/30/2023
SAMPLE HOSPITAL 2913,102912,KY,READM-30-AMI-HRRP,130,,0.9776,0.1456,0.1489,19,07/01/2020,06/30/2023
SAMPLE HOSPITAL 2913,102912,KY,READM-30-COPD-HRRP,268,,0.9658,0.1592,0.1648,43,07/01/2020,06/30/2023
SAMPLE HOSPITAL 2914,102913,AL,READM-30-CABG-HRRP,336,,0.9984,0.1999,0.2002,67,07/01/2020,06/30/2023
SAMPLE HOSPITAL 2914,102913,AL,READM-30-HIP-KNEE-HRRP,76,,1.0332,0.2617,0.2533,20,07/01/2020,06/30/2023
SAMPLE HOSPITAL 2914,102913,AL,READM-30-HF-HRRP,240,,1.0571,0.2228,0.2108,53,07/01/2020,06/30/2023
SAMPLE HOSPITAL 2914,102913,AL,READM-30-COPD-HRRP,135,,0.932,0.2103,0.2256,28,07/01/2020,06/30/2023
SAMPLE HOSPITAL 2914,102913,AL,READM-30-PN-HRRP,71,,0.9052,0.1824,0.2015,13,07/01/2020,06/30/2023
SAMPLE HOSPITAL 2914,102913,AL,READM-30-AMI-HRRP,55,,0.945,0.1366,0.1445,8,07/01/2020,06/30/2023
SAMPLE HOSPITAL 2915,102914,PA,READM-30-COPD-HRRP,434,,0.9576,0.1232,0.1287,53,07/01/2020,06/30/2023
SAMPLE HOSPITAL 2915,102914,PA,READM-30-AMI-HRRP,1700,,0.9029,0.1318,0.146,224,07/01/2020,06/30/2023
SAMPLE HOSPITAL 2915,102914,PA,READM-30-HF-HRRP,223,,1.0512,0.1421,0.1352,32,07/01/2020,06/30/2023
SAMPLE HOSPITAL 2915,102914,PA,READM-30-PN-HRRP,136,,1.0532,0.1371,0.1302,19,07/01/2020,06/30/2023
SAMPLE HOSPITAL 2915,102914,PA,READM-30-HIP-KNEE-HRRP,169,,0.8974,0.183,0.2039,31,07/01/2020,06/30/2023
SAMPLE HOSPITAL 2915,102914,PA,READM-30-CABG-HRRP,169,,1.0336,0.2558,0.2475,43,07/01/2020,06/30/2023
SAMPLE HOSPITAL 2916,102915,CO,READM-30-CABG-HRRP,145,,0.9404,0.1556,0.1655,23,07/01/2020,06/30/2023
SAMPLE HOSPITAL 2916,102915,CO,READM-30-HIP-KNEE-HRRP,277,,1.1752,0.2156,0.1835,60,07/01/2020,06/30/2023
SAMPLE HOSPITAL 2916,102915,CO,READM-30-PN-HRRP,101,,0.9887,0.2241,0.2267,23,07/01/2020,06/30/2023
SAMPLE HOSPITAL 2916,102915,CO,READM-30-COPD-HRRP,232,,1.0883,0.2682,0.2464,62,07/01/2020,06/30/2023
SAMPLE HOSPITAL 2916,102915,CO,READM-30-HF-HRRP,36,,0.973,0.186,0.1912,7,07/01/2020,06/30/2023
SAMPLE HOSPITAL 2917,102916,MN,READM-30-COPD-HRRP,44,,0.9952,0.1559,0.1567,7,07/01/2020,06/30/2023
SAMPLE HOSPITAL 2917,102916,MN,READM-30-PN-HRRP,27,,0.8997,0.212,0.2356,6,07/01/2020,06/30/2023
SAMPLE HOSPITAL 2917,102916,MN,READM-30-HIP-KNEE-HRRP,171,,1.0617,0.1373,0.1293,23,07/01/2020,06/30/2023
SAMPLE HOSPITAL 2917,102916,MN,READM-30-AMI-HRRP,124,,1.1038,0.1887,0.171,23,07/01/2020,06/30/2023
SAMPLE HOSPITAL 2917,102916,MN,READM-30-CABG-HRRP,176,,0.9216,0.1325,0.1438,23,07/01/2020,06/30/2023
SAMPLE HOSPITAL 2917,102916,MN,READM-30-HF-HRRP,133,,1.007,0.2258,0.2242,30,07/01/2020,06/30/2023
SAMPLE HOSPITAL 2918,102917,MD,READM-30-HF-HRRP,94,,0.9357,0.1317,0.1408,12,07/01/2020,06/30/2023
SAMPLE HOSPITAL 2918,102917,MD,READM-30-CABG-HRRP,142,,1.021,0.1347,0.1319,19,07/01/2020,06/30/2023
SAMPLE HOSPITAL 2918,102917,MD,READM-30-PN-HRRP,373,,1.1193,0.2711,0.2422,101,07/01/2020,06/30/2023
SAMPLE HOSPITAL 2918,102917,MD,READM-30-COPD-HRRP,31,,1.0276,0.1676,0.1631,5,07/01/2020,06/30/2023
SAMPLE HOSPITAL 2918,102917,MD,READM-30-HIP-KNEE-HRRP,45,,1.0269,0.137,0.1334,6,07/01/2020,06/30/2023
SAMPLE HOSPITAL 2919,102918,NC,READM-30-AMI-HRRP,110,,0.9295,0.1147,0.1234,13,07/01/2020,06/30/2023
SAMPLE HOSPITAL 2919,102918,NC,READM-30-COPD-HRRP,151,,0.9465,0.2064,0.2181,31,07/01/2020,06/30/2023
SAMPLE HOSPITAL 2919,102918,NC,READM-30-HF-HRRP,165,,1.038,0.1504,0.1449,25,07/01/2020,06/30/2023
SAMPLE HOSPITAL 2919,102918,NC,READM-30-CABG-HRRP,60,,0.9936,0.2485,0.2501,15,07/01/2020,06/30/2023
SAMPLE HOSPITAL 2919,102918,NC,READM-30-PN-HRRP,341,,0.9867,0.2495,0.2529,85,07/01/2020,06/30/2023
SAMPLE HOSPITAL 2919,102918,NC,READM-30-HIP-KNEE-HRRP,137,,1.0294,0.1963,0.1907,27,07/01/2020,06/30/2023
SAMPLE HOSPITAL 2920,102919,CA,READM-30-HF-HRRP,Too Few to Report,1,Too Few to Report,,,,07/01/2020,06/30/2023
SAMPLE HOSPITAL 2920,102919,CA,READM-30-AMI-HRRP,775,,0.9755,0.1281,0.1313,99,07/01/2020,06/30/2023
SAMPLE HOSPITAL 2920,102919,CA,READM-30-PN-HRRP,858,,1.0788,0.1547,0.1434,133,07/01/2020,06/30/2023
SAMPLE HOSPITAL 2920,102919,CA,READM-30-COPD-HRRP,1384,,1.0153,0.2255,0.2221,312,07/01/2020,06/30/2023
SAMPLE HOSPITAL 2920,102919,CA,READM-30-CABG-HRRP,153,,1.0783,0.2398,0.2224,37,07/01/2020,06/30/2023
SAMPLE HOSPITAL 2921,102920,RI,READM-30-HIP-KNEE-HRRP,987,,0.9991,0.1452,0.1453,143,07/01/2020,06/30/2023
SAMPLE HOSPITAL 2921,102920,RI,READM-30-CABG-HRRP,133,,0.9813,0.1515,0.1544,20,07/01/2020,06/30/2023
SAMPLE HOSPITAL 2921,102920,RI,READM-30-AMI-HRRP,87,,1.0375,0.1945,0.1875,17,07/01/2020,06/30/2023
SAMPLE HOSPITAL 2921,102920,RI,READM-30-COPD-HRRP,279,,1.0258,0.1995,0.1945,56,07/01/2020,06/30/2023
SAMPLE HOSPITAL 2921,102920,RI,READM-30-PN-HRRP,183,,0.9738,0.1193,0.1225,22,07/01/2020,06/30/2023
SAMPLE HOSPITAL 2922,102921,MI,READM-30-PN-HRRP,1109,,1.0002,0.161,0.161,179,07/01/2020,06/30/2023
SAMPLE HOSPITAL 2922,102921,MI,READM-30-AMI-HRRP,416,,1.0781,0.2063,0.1914,86,07/01/2020,06/30/2023
SAMPLE HOSPITAL 2922,102921,MI,READM-30-COPD-HRRP,166,,1.0816,0.1997,0.1846,33,07/01/2020,06/30/2023
SAMPLE HOSPITAL 2923,102922,CA,READM-30-HF-HRRP,91,,0.9967,0.1858,0.1864,17,07/01/2020,06/30/2023
SAMPLE HOSPITAL 2923,102922,CA,READM-30-AMI-HRRP,81,,0.9909,0.1287,0.1299,10,07/01/2020,06/30/2023
SAMPLE HOSPITAL 2923,102922,CA,READM-30-CABG-HRRP,727,,1.0903,0.2478,0.2273,180,07/01/2020,06/30/2023
SAMPLE HOSPITAL 2923,102922,CA,READM-30-COPD-HRRP,125,,1.1158,0.253,0.2267,32,07/01/2020,06/30/2023
SAMPLE HOSPITAL 2923,102922,CA,READM-30-PN-HRRP,432,,1.0414,0.1633,0.1568,71,07/01/2020,06/30/2023
SAMPLE HOSPITAL 2923,102922,CA,READM-30-HIP-KNEE-HRRP,126,,0.9767,0.1745,0.1787,22,07/01/2020,06/30/2023
SAMPLE HOSPITAL 2924,102923,AK,READM-30-HF-HRRP,168,,1.039,0.2585,0.2488,43,07/01/2020,06/30/2023
SAMPLE HOSPITAL 2924,102923,AK,READM-30-CABG-HRRP,345,,0.9993,0.1527,0.1528,53,07/01/2020,06/30/2023
SAMPLE HOSPITAL 2924,102923,AK,READM-30-AMI-HRRP,102,,0.966,0.1863,0.1929,19,07/01/2020,06/30/2023
SAMPLE HOSPITAL 2924,102923,AK,READM-30-PN-HRRP,339,,0.9285,0.2033,0.219,69,07/01/2020,06/30/2023
SAMPLE HOSPITAL 2924,102923,AK,READM-30-COPD-HRRP,101,,0.9188,0.2303,0.2506,23,07/01/2020,06/30/2023
SAMPLE HOSPITAL 2924,102923,AK,READM-30-HIP-KNEE-HRRP,1454,,0.9571,0.126,0.1316,183,07/01/2020,06/30/2023
SAMPLE HOSPITAL 2925,102924,OR,READM-30-AMI-HRRP,135,,0.9727,0.1448,0.1489,20,07/01/2020,06/30/2023
SAMPLE HOSPITAL 2925,102924,OR,READM-30-HF-HRRP,263,,1.0465,0.229,0.2188,60,07/01/2020,06/30/2023
SAMPLE HOSPITAL 2925,102924,OR,READM-30-COPD-HRRP,87,,1.1055,0.1419,0.1284,12,07/01/2020,06/30/2023
SAMPLE HOSPITAL 2925,102924,OR,READM-30-CABG-HRRP,220,,0.9065,0.1483,0.1636,33,07/01/2020,06/30/2023
SAMPLE HOSPITAL 2925,102924,OR,READM-30-PN-HRRP,50,,0.9658,0.2066,0.2139,10,07/01/2020,06/30/2023
SAMPLE HOSPITAL 2926,102925,IN,READM-30-HF-HRRP,305,,1.0605,0.1643,0.1549,50,07/01/2020,06/30/2023
SAMPLE HOSPITAL 2926,102925,IN,READM-30-PN-HRRP,91,,0.9828,0.2372,0.2414,22,07/01/2020,06/30/2023
SAMPLE HOSPITAL 2926,102925,IN,READM-30-CABG-HRRP,903,,1.136,0.2408,0.212,217,07/01/2020,06/30/2023
SAMPLE HOSPITAL 2926,102925,IN,READM-30-HIP-KNEE-HRRP,312,,0.9733,0.1511,0.1552,47,07/01/2020,06/30/2023
SAMPLE HOSPITAL 2926,102925,IN,READM-30-COPD-HRRP,297,,1.0048,0.1867,0.1858,55,07/01/2020,06/30/2023
SAMPLE HOSPITAL 2926,102925,IN,READM-30-AMI-HRRP,129,,0.9476,0.2326,0.2455,30,07/01/2020,06/30/2023
SAMPLE HOSPITAL 2927,102926,VT,READM-30-HIP-KNEE-HRRP,103,,0.9208,0.1144,0.1242,12,07/01/2020,06/30/2023
SAMPLE HOSPITAL 2927,102926,VT,READM-30-HF-HRRP,1002,,0.8892,0.1138,0.128,114,07/01/2020,06/30/2023
SAMPLE HOSPITAL 2927,102926,VT,READM-30-COPD-HRRP,47,,1.0562,0.1286,0.1218,6,07/01/2020,06/30/2023
SAMPLE HOSPITAL 2927,102926,VT,READM-30-PN-HRRP,80,,0.947,0.2269,0.2396,18,07/01/2020,06/30/2023
SAMPLE HOSPITAL 2927,102926,VT,READM-30-AMI-HRRP,138,,0.9571,0.1342,0.1402,19,07/01/2020,06/30/2023
SAMPLE HOSPITAL 2927,102926,VT,READM-30-CABG-HRRP,153,,0.9194,0.1525,0.1659,23,07/01/2020,06/30/2023
SAMPLE HOSPITAL 2928,102927,AR,READM-30-CABG-HRRP,255,,1.0601,0.264,0.249,67,07/01/2020,06/30/2023
SAMPLE HOSPITAL 2928,102927,AR,READM-30-PN-HRRP,52,,0.9621,0.18,0.1871,9,07/01/2020,06/30/2023
SAMPLE HOSPITAL 2928,102927,AR,READM-30-COPD-HRRP,173,,0.8653,0.1593,0.1841,28,07/01/2020,06/30/2023
SAMPLE HOSPITAL 2928,102927,AR,READM-30-HIP-KNEE-HRRP,178,,0.8869,0.1264,0.1425,22,07/01/2020,06/30/2023
SAMPLE HOSPITAL 2928,102927,AR,READM-30-HF-HRRP,214,,1.0042,0.2214,0.2205,47,07/01/2020,06/30/2023
SAMPLE HOSPITAL 2929,102928,DE,READM-30-HIP-KNEE-HRRP,140,,0.9858,0.2021,0.205,28,07/01/2020,06/30/2023
SAMPLE HOSPITAL 2929,102928,DE,READM-30-AMI-HRRP,518,,1.0555,0.2185,0.207,113,07/01/2020,06/30/2023
SAMPLE HOSPITAL 2929,102928,DE,READM-30-CABG-HRRP,293,,0.9289,0.1429,0.1538,42,07/01/2020,06/30/2023
SAMPLE HOSPITAL 2929,102928,DE,READM-30-COPD-HRRP,578,,0.9791,0.2435,0.2487,141,07/01/2020,06/30/2023
SAMPLE HOSPITAL 2929,102928,DE,READM-30-PN-HRRP,50,,0.9926,0.2356,0.2374,12,07/01/2020,06/30/2023
SAMPLE HOSPITAL 2929,102928,DE,READM-30-HF-HRRP,Too Few to Report,1,Too Few to Report,,,,07/01/2020,06/30/2023
SAMPLE HOSPITAL 2930,102929,IL,READM-30-AMI-HRRP,615,,1.0931,0.1398,0.1279,86,07/01/2020,06/30/2023
SAMPLE HOSPITAL 2930,102929,IL,READM-30-PN-HRRP,217,,1.098,0.2029,0.1848,44,07/01/2020,06/30/2023
SAMPLE HOSPITAL 2930,102929,IL,READM-30-HF-HRRP,196,,1.1251,0.2088,0.1856,41,07/01/2020,06/30/2023
SAMPLE HOSPITAL 2930,102929,IL,READM-30-HIP-KNEE-HRRP,450,,0.9956,0.2169,0.2179,98,07/01/2020,06/30/2023
SAMPLE HOSPITAL 2930,102929,IL,READM-30-CABG-HRRP,63,,0.9148,0.1401,0.1531,9,07/01/2020,06/30/2023
SAMPLE HOSPITAL 2930,102929,IL,READM-30-COPD-HRRP,51,,0.9858,0.2271,0.2304,12,07/01/2020,06/30/2023
SAMPLE HOSPITAL 2931,102930,DE,READM-30-COPD-HRRP,156,,0.9717,0.1768,0.182,28,07/01/2020,06/30/2023
SAMPLE HOSPITAL 2931,102930,DE,READM-30-AMI-HRRP,167,,1.0445,0.1762,0.1687,29,07/01/2020,06/30/2023
SAMPLE HOSPITAL 2931,102930,DE,READM-30-HIP-KNEE-HRRP,92,,1.0852,0.2199,0.2026,20,07/01/2020,06/30/2023
SAMPLE HOSPITAL 2932,102931,AK,READM-30-HF-HRRP,102,,0.9688,0.1598,0.1649,16,07/01/2020,06/30/2023
SAMPLE HOSPITAL 2932,102931,AK,READM-30-AMI-HRRP,995,,0.9562,0.2024,0.2117,201,07/01/2020,06/30/2023
SAMPLE HOSPITAL 2932,102931,AK,READM-30-PN-HRRP,1313,,0.9799,0.2116,0.2159,278,07/01/2020,06/30/2023
SAMPLE HOSPITAL 2932,102931,AK,READM-30-CABG-HRRP,354,,0.9649,0.1353,0.1402,48,07/01/2020,06/30/2023
SAMPLE HOSPITAL 2932,102931,AK,READM-30-COPD-HRRP,111,,1.0094,0.1447,0.1434,16,07/01/2020,06/30/2023
SAMPLE HOSPITAL 2932,102931,AK,READM-30-HIP-KNEE-HRRP,171,,0.9063,0.1345,0.1484,23,07/01/2020,06/30/2023
SAMPLE HOSPITAL 2933,102932,CA,READM-30-COPD-HRRP,152,,0.9842,0.2323,0.236,35,07/01/2020,06/30/2023
SAMPLE HOSPITAL 2933,102932,CA,READM-30-HIP-KNEE-HRRP,57,,1.064,0.1491,0.1401,8,07/01/2020,06/30/2023
SAMPLE HOSPITAL 2933,102932,CA,READM-30-AMI-HRRP,185,,1.0744,0.2333,0.2171,43,07/01/2020,06/30/2023
SAMPLE HOSPITAL 2933,102932,CA,READM-30-HF-HRRP,44,,0.9781,0.1544,0.1579,7,07/01/2020,06/30/2023
SAMPLE HOSPITAL 2933,102932,CA,READM-30-PN-HRRP,488,,1.0354,0.2138,0.2065,104,07/01/2020,06/30/2023
SAMPLE HOSPITAL 2933,102932,CA,READM-30-CABG-HRRP,398,,1.07,0.1314,0.1228,52,07/01/2020,06/30/2023
SAMPLE HOSPITAL 2934,102933,VT,READM-30-COPD-HRRP,554,,1.0192,0.2026,0.1988,112,07/01/2020,06/30/2023
SAMPLE HOSPITAL 2934,102933,VT,READM-30-AMI-HRRP,452,,0.9676,0.2407,0.2488,109,07/01/2020,06/30/2023
SAMPLE HOSPITAL 2934,102933,VT,READM-30-HF-HRRP,92,,0.9614,0.1826,0.1899,17,07/01/2020,06/30/2023
SAMPLE HOSPITAL 2934,102933,VT,READM-30-HIP-KNEE-HRRP,402,,1.0187,0.2227,0.2186,90,07/01/2020,06/30/2023
SAMPLE HOSPITAL 2934,102933,VT,READM-30-PN-HRRP,91,,1.0034,0.1597,0.1592,15,07/01/2020,06/30/2023
SAMPLE HOSPITAL 2934,102933,VT,READM-30-CABG-HRRP,310,,0.9464,0.1245,0.1316,39,07/01/2020,06/30/2023
SAMPLE HOSPITAL 2935,102934,CT,READM-30-COPD-HRRP,337,,1.023,0.1321,0.1291,45,07/01/2020,06/30/2023
SAMPLE HOSPITAL 2935,102934,CT,READM-30-PN-HRRP,76,,1.0946,0.2544,0.2324,19,07/01/2020,06/30/2023
SAMPLE HOSPITAL 2935,102934,CT,READM-30-AMI-HRRP,124,,0.9927,0.1616,0.1628,20,07/01/2020,06/30/2023
SAMPLE HOSPITAL 2935,102934,CT,READM-30-HIP-KNEE-HRRP,169,,0.9873,0.2332,0.2362,39,07/01/2020,06/30/2023
SAMPLE HOSPITAL 2935,102934,CT,READM-30-HF-HRRP,182,,1.0527,0.1905,0.181,35,07/01/2020,06/30/2023
SAMPLE HOSPITAL 2936,102935,AK,READM-30-PN-HRRP,183,,1.0356,0.1435,0.1386,26,07/01/2020,06/30/2023
SAMPLE HOSPITAL 2936,102935,AK,READM-30-HIP-KNEE-HRRP,114,,0.9247,0.2398,0.2593,27,07/01/2020,06/30/2023
SAMPLE HOSPITAL 2936,102935,AK,READM-30-COPD-HRRP,409,,0.9327,0.1657,0.1777,68,07/01/2020,06/30/2023
SAMPLE HOSPITAL 2936,102935,AK,READM-30-CABG-HRRP,685,,0.9749,0.1699,0.1743,116,07/01/2020,06/30/2023
SAMPLE HOSPITAL 2937,102936,NV,READM-30-PN-HRRP,655,,0.9619,0.153,0.1591,100,07/01/2020,06/30/2023
SAMPLE HOSPITAL 2937,102936,NV,READM-30-CABG-HRRP,567,,0.9676,0.2342,0.242,133,07/01/2020,06/30/2023
SAMPLE HOSPITAL 2937,102936,NV,READM-30-AMI-HRRP,154,,0.9585,0.2279,0.2378,35,07/01/2020,06/30/2023
SAMPLE HOSPITAL 2937,102936,NV,READM-30-HF-HRRP,100,,1.0066,0.2404,0.2388,24,07/01/2020,06/30/2023
SAMPLE HOSPITAL 2938,102937,GA,READM-30-AMI-HRRP,55,,1.0288,0.2056,0.1998,11,07/01/2020,06/30/2023
SAMPLE HOSPITAL 2938,102937,GA,READM-30-PN-HRRP,481,,1.0803,0.2019,0.1869,97,07/01/2020,06/30/2023
SAMPLE HOSPITAL 2938,102937,GA,READM-30-HF-HRRP,557,,0.9414,0.1727,0.1834,96,07/01/2020,06/30/2023
SAMPLE HOSPITAL 2938,102937,GA,READM-30-CABG-HRRP,Too Few to Report,1,Too Few to Report,,,,07/01/2020,06/30/2023
SAMPLE HOSPITAL 2939,102938,NV,READM-30-HIP-KNEE-HRRP,299,,0.9621,0.1336,0.1389,40,07/01/2020,06/30/2023
SAMPLE HOSPITAL 2939,102938,NV,READM-30-AMI-HRRP,46,,0.9842,0.2381,0.2419,11,07/01/2020,06/30/2023
SAMPLE HOSPITAL 2939,102938,NV,READM-30-PN-HRRP,173,,0.9979,0.2302,0.2307,40,07/01/2020,06/30/2023
SAMPLE HOSPITAL 2940,102939,RI,READM-30-HIP-KNEE-HRRP,63,,0.873,0.1797,0.2058,11,07/01/2020,06/30/2023
SAMPLE HOSPITAL 2940,102939,RI,READM-30-AMI-HRRP,240,,0.9842,0.2265,0.2301,54,07/01/2020,06/30/2023
SAMPLE HOSPITAL 2940,102939,RI,READM-30-CABG-HRRP,3649,,1.0317,0.2511,0.2434,916,07/01/2020,06/30/2023
SAMPLE HOSPITAL 2940,102939,RI,READM-30-PN-HRRP,79,,1.0584,0.1724,0.1629,14,07/01/2020,06/30/2023
SAMPLE HOSPITAL 2941,102940,UT,READM-30-AMI-HRRP,669,,0.9363,0.1631,0.1742,109,07/01/2020,06/30/2023
SAMPLE HOSPITAL 2941,102940,UT,READM-30-CABG-HRRP,613,,1.0455,0.1938,0.1854,119,07/01/2020,06/30/2023
SAMPLE HOSPITAL 2941,102940,UT,READM-30-PN-HRRP,223,,0.9707,0.1961,0.202,44,07/01/2020,06/30/2023
SAMPLE HOSPITAL 2941,102940,UT,READM-30-HF-HRRP,74,,1.0797,0.1909,0.1768,14,07/01/2020,06/30/2023
SAMPLE HOSPITAL 2941,102940,UT,READM-30-COPD-HRRP,315,,0.97,0.1921,0.198,61,07/01/2020,06/30/2023
SAMPLE HOSPITAL 2941,102940,UT,READM-30-HIP-KNEE-HRRP,370,,0.8634,0.1488,0.1723,55,07/01/2020,06/30/2023
SAMPLE HOSPITAL 2942,102941,RI,READM-30-HF-HRRP,215,,0.935,0.2247,0.2403,48,07/01/2020,06/30/2023
SAMPLE HOSPITAL 2942,102941,RI,READM-30-CABG-HRRP,41,,1.0343,0.1641,0.1587,7,07/01/2020,06/30/2023
SAMPLE HOSPITAL 2942,102941,RI,READM-30-HIP-KNEE-HRRP,292,,1.0393,0.138,0.1328,40,07/01/2020,06/30/2023
SAMPLE HOSPITAL 2942,102941,RI,READM-30-COPD-HRRP,1072,,0.951,0.2255,0.2371,242,07/01/2020,06/30/2023
SAMPLE HOSPITAL 2943,102942,RI,READM-30-PN-HRRP,174,,1.0646,0.2729,0.2563,47,07/01/2020,06/30/2023
SAMPLE HOSPITAL 2943,102942,RI,READM-30-HF-HRRP,141,,0.9503,0.1374,0.1446,19,07/01/2020,06/30/2023
SAMPLE HOSPITAL 2943,102942,RI,READM-30-AMI-HRRP,314,,1.0196,0.1804,0.1769,57,07/01/2020,06/30/2023
SAMPLE HOSPITAL 2943,102942,RI,READM-30-CABG-HRRP,185,,0.9801,0.2125,0.2168,39,07/01/2020,06/30/2023
SAMPLE HOSPITAL 2943,102942,RI,READM-30-HIP-KNEE-HRRP,189,,1.0057,0.1462,0.1454,28,07/01/2020,06/30/2023
SAMPLE HOSPITAL 2944,102943,NM,READM-30-HF-HRRP,173,,0.9957,0.2206,0.2216,38,07/01/2020,06/30/2023
SAMPLE HOSPITAL 2944,102943,NM,READM-30-HIP-KNEE-HRRP,215,,0.9857,0.2011,0.204,43,07/01/2020,06/30/2023
SAMPLE HOSPITAL 2944,102943,NM,READM-30-AMI-HRRP,786,,1.0579,0.2664,0.2518,209,07/01/2020,06/30/2023
SAMPLE HOSPITAL 2944,102943,NM,READM-30-CABG-HRRP,114,,0.9582,0.1781,0.1859,20,07/01/2020,06/30/2023
SAMPLE HOSPITAL 2944,102943,NM,READM-30-PN-HRRP,39,,1.0418,0.2317,0.2224,9,07/01/2020,06/30/2023
SAMPLE HOSPITAL 2945,102944,NY,READM-30-AMI-HRRP,105,,0.8868,0.1317,0.1485,14,07/01/2020,06/30/2023
SAMPLE HOSPITAL 2945,102944,NY,READM-30-COPD-HRRP,567,,1.0218,0.2596,0.2541,147,07/01/2020,06/30/2023
SAMPLE HOSPITAL 2945,102944,NY,READM-30-HIP-KNEE-HRRP,177,,1.0099,0.1484,0.1469,26,07/01/2020,06/30/2023
SAMPLE HOSPITAL 2946,102945,AZ,READM-30-CABG-HRRP,349,,0.9666,0.1633,0.1689,57,07/01/2020,06/30/2023
SAMPLE HOSPITAL 2946,102945,AZ,READM-30-HIP-KNEE-HRRP,409,,1.096,0.1447,0.132,59,07/01/2020,06/30/2023
SAMPLE HOSPITAL 2946,102945,AZ,READM-30-AMI-HRRP,89,,0.963,0.2208,0.2293,20,07/01/2020,06/30/2023
SAMPLE HOSPITAL 2946,102945,AZ,READM-30-HF-HRRP,157,,1.0756,0.1537,0.1429,24,07/01/2020,06/30/2023
SAMPLE HOSPITAL 2947,102946,MI,READM-30-COPD-HRRP,225,,1.0455,0.2068,0.1978,47,07/01/2020,06/30/2023
SAMPLE HOSPITAL 2947,102946,MI,READM-30-CABG-HRRP,429,,1.1178,0.1773,0.1586,76,07/01/2020,06/30/2023
SAMPLE HOSPITAL 2947,102946,MI,READM-30-AMI-HRRP,39,,0.9898,0.1616,0.1633,6,07/01/2020,06/30/2023
SAMPLE HOSPITAL 2947,102946,MI,READM-30-HIP-KNEE-HRRP,189,,1.03,0.2311,0.2244,44,07/01/2020,06/30/2023
SAMPLE HOSPITAL 2948,102947,SC,READM-30-HF-HRRP,472,,0.9644,0.1423,0.1476,67,07/01/2020,06/30/2023
SAMPLE HOSPITAL 2948,102947,SC,READM-30-HIP-KNEE-HRRP,71,,0.9484,0.2447,0.258,17,07/01/2020,06/30/2023
SAMPLE HOSPITAL 2948,102947,SC,READM-30-COPD-HRRP,444,,0.9375,0.1653,0.1763,73,07/01/2020,06/30/2023
SAMPLE HOSPITAL 2948,102947,SC,READM-30-PN-HRRP,157,,1.0355,0.1837,0.1774,29,07/01/2020,06/30/2023
SAMPLE HOSPITAL 2949,102948,PA,READM-30-HF-HRRP,Too Few to Report,1,Too Few to Report,,,,07/01/2020,06/30/2023
SAMPLE HOSPITAL 2949,102948,PA,READM-30-PN-HRRP,704,,0.9181,0.2066,0.225,145,07/01/2020,06/30/2023
SAMPLE HOSPITAL 2949,102948,PA,READM-30-HIP-KNEE-HRRP,122,,1.1198,0.2501,0.2233,31,07/01/2020,06/30/2023
SAMPLE HOSPITAL 2949,102948,PA,READM-30-COPD-HRRP,69,,0.9516,0.2384,0.2505,16,07/01/2020,06/30/2023
SAMPLE HOSPITAL 2949,102948,PA,READM-30-AMI-HRRP,42,,0.986,0.1546,0.1568,6,07/01/2020,06/30/2023
SAMPLE HOSPITAL 2949,102948,PA,READM-30-CABG-HRRP,198,,1.0954,0.264,0.241,52,07/01/2020,06/30/2023
SAMPLE HOSPITAL 2950,102949,OH,READM-30-CABG-HRRP,239,,1.025,0.2556,0.2494,61,07/01/2020,06/30/2023
SAMPLE HOSPITAL 2950,102949,OH,READM-30-PN-HRRP,29,,0.9845,0.2292,0.2328,7,07/01/2020,06/30/2023
SAMPLE HOSPITAL 2950,102949,OH,READM-30-COPD-HRRP,354,,0.9166,0.1555,0.1696,55,07/01/2020,06/30/2023
SAMPLE HOSPITAL 2950,102949,OH,READM-30-HF-HRRP,110,,0.9815,0.2063,0.2102,23,07/01/2020,06/30/2023
SAMPLE HOSPITAL 2950,102949,OH,READM-30-HIP-KNEE-HRRP,71,,1.109,0.2181,0.1967,15,07/01/2020,06/30/2023
SAMPLE HOSPITAL 2950,102949,OH,READM-30-AMI-HRRP,120,,1.0196,0.2445,0.2398,29,07/01/2020,06/30/2023
SAMPLE HOSPITAL 2951,102950,VT,READM-30-AMI-HRRP,127,,1.1098,0.1772,0.1597,23,07/01/2020,06/30/2023
SAMPLE HOSPITAL 2951,102950,VT,READM-30-HF-HRRP,48,,1.0285,0.1791,0.1741,9,07/01/2020,06/30/2023
SAMPLE HOSPITAL 2951,102950,VT,READM-30-COPD-HRRP,301,,0.9033,0.1498,0.1658,45,07/01/2020,06/30/2023
SAMPLE HOSPITAL 2951,102950,VT,READM-30-HIP-KNEE-HRRP,51,,1.0004,0.1538,0.1537,8,07/01/2020,06/30/2023
SAMPLE HOSPITAL 2951,102950,VT,READM-30-CABG-HRRP,248,,0.8878,0.1223,0.1377,30,07/01/2020,06/30/2023
SAMPLE HOSPITAL 2952,102951,NC,READM-30-COPD-HRRP,198,,1.0546,0.249,0.2361,49,07/01/2020,06/30/2023
SAMPLE HOSPITAL 2952,102951,NC,READM-30-PN-HRRP,412,,1.1143,0.1369,0.1229,56,07/01/2020,06/30/2023
SAMPLE HOSPITAL 2952,102951,NC,READM-30-CABG-HRRP,182,,1.0531,0.2051,0.1948,37,07/01/2020,06/30/2023
SAMPLE HOSPITAL 2952,102951,NC,READM-30-HF-HRRP,375,,1.1003,0.1387,0.1261,52,07/01/2020,06/30/2023
SAMPLE HOSPITAL 2953,102952,IN,READM-30-AMI-HRRP,1354,,1.0211,0.1322,0.1295,179,07/01/2020,06/30/2023
SAMPLE HOSPITAL 2953,102952,IN,READM-30-PN-HRRP,100,,0.9685,0.1748,0.1805,17,07/01/2020,06/30/2023
SAMPLE HOSPITAL 2953,102952,IN,READM-30-HIP-KNEE-HRRP,112,,0.9674,0.21,0.2171,24,07/01/2020,06/30/2023
SAMPLE HOSPITAL 2953,102952,IN,READM-30-CABG-HRRP,248,,1.1237,0.2279,0.2028,57,07/01/2020,06/30/2023
SAMPLE HOSPITAL 2953,102952,IN,READM-30-COPD-HRRP,54,,0.9231,0.164,0.1777,9,07/01/2020,06/30/2023
SAMPLE HOSPITAL 2954,102953,NC,READM-30-HIP-KNEE-HRRP,92,,1.0529,0.2201,0.209,20,07/01/2020,06/30/2023
SAMPLE HOSPITAL 2954,102953,NC,READM-30-COPD-HRRP,224,,1.0379,0.2208,0.2127,49,07/01/2020,06/30/2023
SAMPLE HOSPITAL 2954,102953,NC,READM-30-AMI-HRRP,141,,0.9428,0.21,0.2227,30,07/01/2020,06/30/2023
SAMPLE HOSPITAL 2954,102953,NC,READM-30-HF-HRRP,46,,1.031,0.2529,0.2453,12,07/01/2020,06/30/2023
SAMPLE HOSPITAL 2954,102953,NC,READM-30-PN-HRRP,242,,0.94,0.2074,0.2206,50,07/01/2020,06/30/2023
SAMPLE HOSPITAL 2954,102953,NC,READM-30-CABG-HRRP,213,,0.9642,0.242,0.251,52,07/01/2020,06/30/2023
SAMPLE HOSPITAL 2955,102954,WV,READM-30-PN-HRRP,474,,0.9859,0.2442,0.2477,116,07/01/2020,06/30/2023
SAMPLE HOSPITAL 2955,102954,WV,READM-30-AMI-HRRP,95,,0.9808,0.2522,0.2571,24,07/01/2020,06/30/2023
SAMPLE HOSPITAL 2955,102954,WV,READM-30-CABG-HRRP,175,,1.0307,0.1975,0.1916,35,07/01/2020,06/30/2023
SAMPLE HOSPITAL 2955,102954,WV,READM-30-COPD-HRRP,208,,1.0486,0.1578,0.1505,33,07/01/2020,06/30/2023
SAMPLE HOSPITAL 2956,102955,AZ,READM-30-COPD-HRRP,68,,0.9634,0.1471,0.1527,10,07/01/2020,06/30/2023
SAMPLE HOSPITAL 2956,102955,AZ,READM-30-PN-HRRP,53,,0.9541,0.218,0.2285,12,07/01/2020,06/30/2023
SAMPLE HOSPITAL 2956,102955,AZ,READM-30-HIP-KNEE-HRRP,50,,1.0104,0.1878,0.1859,9,07/01/2020,06/30/2023
SAMPLE HOSPITAL 2956,102955,AZ,READM-30-AMI-HRRP,4034,,1.0002,0.1375,0.1375,555,07/01/2020,06/30/2023
SAMPLE HOSPITAL 2956,102955,AZ,READM-30-CABG-HRRP,384,,0.9776,0.1598,0.1635,61,07/01/2020,06/30/2023
SAMPLE HOSPITAL 2956,102955,AZ,READM-30-HF-HRRP,113,,1.0337,0.2385,0.2307,27,07/01/2020,06/30/2023
SAMPLE HOSPITAL 2957,102956,NM,READM-30-AMI-HRRP,570,,0.9426,0.2113,0.2242,120,07/01/2020,06/30/2023
SAMPLE HOSPITAL 2957,102956,NM,READM-30-COPD-HRRP,229,,1.052,0.1359,0.1292,31,07/01/2020,06/30/2023
SAMPLE HOSPITAL 2957,102956,NM,READM-30-PN-HRRP,165,,1.1141,0.2781,0.2496,46,07/01/2020,06/30/2023
SAMPLE HOSPITAL 2958,102957,CO,READM-30-COPD-HRRP,122,,0.9412,0.2308,0.2452,28,07/01/2020,06/30/2023
SAMPLE HOSPITAL 2958,102957,CO,READM-30-PN-HRRP,347,,1.1356,0.2327,0.2049,81,07/01/2020,06/30/2023
SAMPLE HOSPITAL 2958,102957,CO,READM-30-HIP-KNEE-HRRP,652,,1.0353,0.2232,0.2156,146,07/01/2020,06/30/2023
SAMPLE HOSPITAL 2958,102957,CO,READM-30-HF-HRRP,420,,1.0526,0.1445,0.1373,61,07/01/2020,06/30/2023
SAMPLE HOSPITAL 2958,102957,CO,READM-30-AMI-HRRP,79,,1.065,0.275,0.2582,22,07/01/2020,06/30/2023
SAMPLE HOSPITAL 2958,102957,CO,READM-30-CABG-HRRP,553,,0.8942,0.1526,0.1706,84,07/01/2020,06/30/2023
SAMPLE HOSPITAL 2959,102958,OK,READM-30-CABG-HRRP,248,,0.9379,0.1412,0.1505,35,07/01/2020,06/30/2023
SAMPLE HOSPITAL 2959,102958,OK,READM-30-COPD-HRRP,62,,1.0684,0.1597,0.1495,10,07/01/2020,06/30/2023
SAMPLE HOSPITAL 2959,102958,OK,READM-30-AMI-HRRP,892,,0.867,0.1649,0.1902,147,07/01/2020,06/30/2023
SAMPLE HOSPITAL 2959,102958,OK,READM-30-HF-HRRP,225,,0.8886,0.1615,0.1818,36,07/01/2020,06/30/2023
SAMPLE HOSPITAL 2959,102958,OK,READM-30-PN-HRRP,629,,0.9857,0.1309,0.1328,82,07/01/2020,06/30/2023
SAMPLE HOSPITAL 2959,102958,OK,READM-30-HIP-KNEE-HRRP,205,,0.9775,0.1631,0.1669,33,07/01/2020,06/30/2023
SAMPLE HOSPITAL 2960,102959,NM,READM-30-PN-HRRP,1818,,1.0315,0.2132,0.2067,388,07/01/2020,06/30/2023
SAMPLE HOSPITAL 2960,102959,NM,READM-30-HIP-KNEE-HRRP,253,,1.1443,0.215,0.1879,54,07/01/2020,06/30/2023
SAMPLE HOSPITAL 2960,102959,NM,READM-30-COPD-HRRP,108,,1.0903,0.1665,0.1527,18,07/01/2020,06/30/2023
SAMPLE HOSPITAL 2961,102960,MD,READM-30-CABG-HRRP,83,,1.0501,0.2503,0.2384,21,07/01/2020,06/30/2023
SAMPLE HOSPITAL 2961,102960,MD,READM-30-AMI-HRRP,68,,0.9995,0.2101,0.2102,14,07/01/2020,06/30/2023
SAMPLE HOSPITAL 2961,102960,MD,READM-30-PN-HRRP,111,,1.0221,0.1861,0.1821,21,07/01/2020,06/30/2023
SAMPLE HOSPITAL 2962,102961,DE,READM-30-COPD-HRRP,37,,1.0592,0.2753,0.2599,10,07/01/2020,06/30/2023
SAMPLE HOSPITAL 2962,102961,DE,READM-30-HIP-KNEE-HRRP,278,,1.0326,0.1275,0.1235,35,07/01/2020,06/30/2023
SAMPLE HOSPITAL 2962,102961,DE,READM-30-PN-HRRP,348,,0.9408,0.2205,0.2344,77,07/01/2020,06/30/2023
SAMPLE HOSPITAL 2963,102962,SC,READM-30-PN-HRRP,328,,0.8833,0.2054,0.2325,67,07/01/2020,06/30/2023
SAMPLE HOSPITAL 2963,102962,SC,READM-30-COPD-HRRP,85,,1.0245,0.174,0.1698,15,07/01/2020,06/30/2023
SAMPLE HOSPITAL 2963,102962,SC,READM-30-HIP-KNEE-HRRP,357,,0.9889,0.1218,0.1232,43,07/01/2020,06/30/2023
SAMPLE HOSPITAL 2964,102963,OK,READM-30-AMI-HRRP,186,,0.9901,0.1979,0.1999,37,07/01/2020,06/30/2023
SAMPLE HOSPITAL 2964,102963,OK,READM-30-HIP-KNEE-HRRP,32,,1.062,0.2152,0.2026,7,07/01/2020,06/30/2023
SAMPLE HOSPITAL 2964,102963,OK,READM-30-COPD-HRRP,1000,,0.949,0.1654,0.1743,165,07/01/2020,06/30/2023
SAMPLE HOSPITAL 2964,102963,OK,READM-30-CABG-HRRP,363,,1.0901,0.1427,0.1309,52,07/01/2020,06/30/2023
SAMPLE HOSPITAL 2964,102963,OK,READM-30-HF-HRRP,140,,1.0477,0.1952,0.1863,27,07/01/2020,06/30/2023
SAMPLE HOSPITAL 2965,102964,VA,READM-30-COPD-HRRP,67,,1.1156,0.1646,0.1475,11,07/01/2020,06/30/2023
SAMPLE HOSPITAL 2965,102964,VA,READM-30-AMI-HRRP,Too Few to Report,1,Too Few to Report,,,,07/01/2020,06/30/2023
SAMPLE HOSPITAL 2965,102964,VA,READM-30-HIP-KNEE-HRRP,98,,1.0798,0.2133,0.1975,21,07/01/2020,06/30/2023
SAMPLE HOSPITAL 2965,102964,VA,READM-30-CABG-HRRP,53,,1.0611,0.1821,0.1716,10,07/01/2020,06/30/2023
SAMPLE HOSPITAL 2965,102964,VA,READM-30-PN-HRRP,128,,1.0411,0.1757,0.1688,22,07/01/2020,06/30/2023
SAMPLE HOSPITAL 2966,102965,PA,READM-30-PN-HRRP,343,,0.9173,0.2283,0.2489,78,07/01/2020,06/30/2023
SAMPLE HOSPITAL 2966,102965,PA,READM-30-AMI-HRRP,238,,0.9661,0.1665,0.1723,40,07/01/2020,06/30/2023
SAMPLE HOSPITAL 2966,102965,PA,READM-30-CABG-HRRP,513,,0.7871,0.1725,0.2191,88,07/01/2020,06/30/2023
SAMPLE HOSPITAL 2966,102965,PA,READM-30-HF-HRRP,55,,0.9742,0.2362,0.2425,13,07/01/2020,06/30/2023
SAMPLE HOSPITAL 2966,102965,PA,READM-30-COPD-HRRP,875,,0.9636,0.1656,0.1719,145,07/01/2020,06/30/2023
SAMPLE HOSPITAL 2966,102965,PA,READM-30-HIP-KNEE-HRRP,107,,0.9144,0.178,0.1947,19,07/01/2020,06/30/2023
SAMPLE HOSPITAL 2967,102966,OK,READM-30-PN-HRRP,207,,1.0698,0.2162,0.2021,45,07/01/2020,06/30/2023
SAMPLE HOSPITAL 2967,102966,OK,READM-30-CABG-HRRP,237,,0.9175,0.1439,0.1568,34,07/01/2020,06/30/2023
SAMPLE HOSPITAL 2967,102966,OK,READM-30-HIP-KNEE-HRRP,290,,1.0062,0.1474,0.1465,43,07/01/2020,06/30/2023
SAMPLE HOSPITAL 2967,102966,OK,READM-30-COPD-HRRP,214,,1.0225,0.1998,0.1954,43,07/01/2020,06/30/2023
SAMPLE HOSPITAL 2967,102966,OK,READM-30-HF-HRRP,213,,0.9962,0.1931,0.1938,41,07/01/2020,06/30/2023
SAMPLE HOSPITAL 2967,102966,OK,READM-30-AMI-HRRP,598,,1.0098,0.2463,0.2439,147,07/01/2020,06/30/2023
SAMPLE HOSPITAL 2968,102967,MT,READM-30-COPD-HRRP,146,,0.9358,0.2231,0.2384,33,07/01/2020,06/30/2023
SAMPLE HOSPITAL 2968,102967,MT,READM-30-HIP-KNEE-HRRP,475,,1.0312,0.146,0.1416,69,07/01/2020,06/30/2023
SAMPLE HOSPITAL 2968,102967,MT,READM-30-HF-HRRP,190,,1.0276,0.2037,0.1982,39,07/01/2020,06/30/2023
SAMPLE HOSPITAL 2968,102967,MT,READM-30-AMI-HRRP,315,,0.8941,0.1227,0.1372,39,07/01/2020,06/30/2023
SAMPLE HOSPITAL 2969,102968,NE,READM-30-CABG-HRRP,53,,0.9937,0.1666,0.1677,9,07/01/2020,06/30/2023
SAMPLE HOSPITAL 2969,102968,NE,READM-30-HF-HRRP,188,,0.9631,0.2108,0.2189,40,07/01/2020,06/30/2023
SAMPLE HOSPITAL 2969,102968,NE,READM-30-HIP-KNEE-HRRP,359,,0.9582,0.1567,0.1635,56,07/01/2020,06/30/2023
SAMPLE HOSPITAL 2969,102968,NE,READM-30-AMI-HRRP,160,,1.0392,0.2608,0.251,42,07/01/2020,06/30/2023
SAMPLE HOSPITAL 2969,102968,NE,READM-30-COPD-HRRP,405,,1.0225,0.1965,0.1922,80,07/01/2020,06/30/2023
SAMPLE HOSPITAL 2969,102968,NE,READM-30-PN-HRRP,111,,1.0952,0.2151,0.1964,24,07/01/2020,06/30/2023
SAMPLE HOSPITAL 2970,102969,DE,READM-30-CABG-HRRP,859,,0.9883,0.2057,0.2081,177,07/01/2020,06/30/2023
SAMPLE HOSPITAL 2970,102969,DE,READM-30-PN-HRRP,202,,0.9449,0.2309,0.2444,47,07/01/2020,06/30/2023
SAMPLE HOSPITAL 2970,102969,DE,READM-30-HF-HRRP,387,,0.9119,0.1342,0.1472,52,07/01/2020,06/30/2023
SAMPLE HOSPITAL 2970,102969,DE,READM-30-AMI-HRRP,592,,1.006,0.1648,0.1638,98,07/01/2020,06/30/2023
SAMPLE HOSPITAL 2970,102969,DE,READM-30-COPD-HRRP,Too Few to Report,1,Too Few to Report,,,,07/01/2020,06/30/2023
SAMPLE HOSPITAL 2970,102969,DE,READM-30-HIP-KNEE-HRRP,174,,0.9834,0.2233,0.2271,39,07/01/2020,06/30/2023
SAMPLE HOSPITAL 2971,102970,NM,READM-30-PN-HRRP,389,,1.0421,0.2409,0.2312,94,07/01/2020,06/30/2023
SAMPLE HOSPITAL 2971,102970,NM,READM-30-CABG-HRRP,75,,0.9123,0.2168,0.2376,16,07/01/2020,06/30/2023
SAMPLE HOSPITAL 2971,102970,NM,READM-30-HIP-KNEE-HRRP,335,,0.9671,0.2295,0.2373,77,07/01/2020,06/30/2023
SAMPLE HOSPITAL 2971,102970,NM,READM-30-COPD-HRRP,97,,1.1048,0.2842,0.2572,28,07/01/2020,06/30/2023
SAMPLE HOSPITAL 2971,102970,NM,READM-30-AMI-HRRP,91,,0.9813,0.2192,0.2234,20,07/01/2020,06/30/2023
SAMPLE HOSPITAL 2972,102971,TN,READM-30-HF-HRRP,214,,1.0942,0.2791,0.2551,60,07/01/2020,06/30/2023
SAMPLE HOSPITAL 2972,102971,TN,READM-30-PN-HRRP,547,,1.0238,0.2329,0.2275,127,07/01/2020,06/30/2023
SAMPLE HOSPITAL 2972,102971,TN,READM-30-HIP-KNEE-HRRP,463,,0.9645,0.1573,0.1631,73,07/01/2020,06/30/2023
SAMPLE HOSPITAL 2972,102971,TN,READM-30-CABG-HRRP,70,,0.974,0.2023,0.2077,14,07/01/2020,06/30/2023
SAMPLE HOSPITAL 2973,102972,AZ,READM-30-CABG-HRRP,45,,1.0092,0.2253,0.2232,10,07/01/2020,06/30/2023
SAMPLE HOSPITAL 2973,102972,AZ,READM-30-HF-HRRP,953,,0.9119,0.141,0.1546,134,07/01/2020,06/30/2023
SAMPLE HOSPITAL 2973,102972,AZ,READM-30-HIP-KNEE-HRRP,326,,0.9225,0.1895,0.2054,62,07/01/2020,06/30/2023
SAMPLE HOSPITAL 2973,102972,AZ,READM-30-COPD-HRRP,616,,0.9996,0.1335,0.1336,82,07/01/2020,06/30/2023
SAMPLE HOSPITAL 2973,102972,AZ,READM-30-AMI-HRRP,184,,0.9004,0.1248,0.1386,23,07/01/2020,06/30/2023
SAMPLE HOSPITAL 2974,102973,PA,READM-30-PN-HRRP,190,,1.0324,0.1439,0.1394,27,07/01/2020,06/30/2023
SAMPLE HOSPITAL 2974,102973,PA,READM-30-HF-HRRP,52,,1.0336,0.2382,0.2305,12,07/01/2020,06/30/2023
SAMPLE HOSPITAL 2974,102973,PA,READM-30-CABG-HRRP,354,,0.9355,0.2315,0.2475,82,07/01/2020,06/30/2023
SAMPLE HOSPITAL 2975,102974,DE,READM-30-HF-HRRP,104,,1.0798,0.2344,0.2171,24,07/01/2020,06/30/2023
SAMPLE HOSPITAL 2975,102974,DE,READM-30-COPD-HRRP,1579,,1.2181,0.2833,0.2326,447,07/01/2020,06/30/2023
SAMPLE HOSPITAL 2975,102974,DE,READM-30-HIP-KNEE-HRRP,161,,1.0291,0.1402,0.1362,23,07/01/2020,06/30/2023
SAMPLE HOSPITAL 2975,102974,DE,READM-30-AMI-HRRP,423,,0.9615,0.1356,0.141,57,07/01/2020,06/30/2023
SAMPLE HOSPITAL 2975,102974,DE,READM-30-PN-HRRP,395,,0.9358,0.1219,0.1303,48,07/01/2020,06/30/2023
SAMPLE HOSPITAL 2976,102975,MO,READM-30-CABG-HRRP,200,,0.9716,0.1653,0.1701,33,07/01/2020,06/30/2023
SAMPLE HOSPITAL 2976,102975,MO,READM-30-COPD-HRRP,82,,0.9857,0.1424,0.1445,12,07/01/2020,06/30/2023
SAMPLE HOSPITAL 2976,102975,MO,READM-30-PN-HRRP,82,,0.9782,0.1952,0.1995,16,07/01/2020,06/30/2023
SAMPLE HOSPITAL 2977,102976,OR,READM-30-HIP-KNEE-HRRP,90,,0.9337,0.1504,0.1611,14,07/01/2020,06/30/2023
SAMPLE HOSPITAL 2977,102976,OR,READM-30-PN-HRRP,1026,,0.967,0.182,0.1882,187,07/01/2020,06/30/2023
SAMPLE HOSPITAL 2977,102976,OR,READM-30-HF-HRRP,475,,1.024,0.1483,0.1448,70,07/01/2020,06/30/2023
SAMPLE HOSPITAL 2977,102976,OR,READM-30-AMI-HRRP,256,,1.0145,0.1427,0.1407,37,07/01/2020,06/30/2023
SAMPLE HOSPITAL 2977,102976,OR,READM-30-COPD-HRRP,196,,0.9762,0.2357,0.2414,46,07/01/2020,06/30/2023
SAMPLE HOSPITAL 2977,102976,OR,READM-30-CABG-HRRP,216,,0.9954,0.1909,0.1918,41,07/01/2020,06/30/2023
SAMPLE HOSPITAL 2978,102977,MI,READM-30-COPD-HRRP,32,,0.8868,0.1865,0.2103,6,07/01/2020,06/30/2023
SAMPLE HOSPITAL 2978,102977,MI,READM-30-PN-HRRP,29,,0.9376,0.1726,0.1841,5,07/01/2020,06/30/2023
SAMPLE HOSPITAL 2978,102977,MI,READM-30-HIP-KNEE-HRRP,198,,1.1463,0.2285,0.1993,45,07/01/2020,06/30/2023
SAMPLE HOSPITAL 2978,102977,MI,READM-30-HF-HRRP,187,,0.9222,0.2175,0.2359,41,07/01/2020,06/30/2023
SAMPLE HOSPITAL 2979,102978,IN,READM-30-HIP-KNEE-HRRP,315,,1.0733,0.1954,0.1821,62,07/01/2020,06/30/2023
SAMPLE HOSPITAL 2979,102978,IN,READM-30-COPD-HRRP,560,,0.9991,0.14,0.1401,78,07/01/2020,06/30/2023
SAMPLE HOSPITAL 2979,102978,IN,READM-30-PN-HRRP,316,,0.9539,0.1613,0.1691,51,07/01/2020,06/30/2023
SAMPLE HOSPITAL 2979,102978,IN,READM-30-AMI-HRRP,170,,1.0102,0.2611,0.2585,44,07/01/2020,06/30/2023
SAMPLE HOSPITAL 2980,102979,OK,READM-30-COPD-HRRP,970,,1.0207,0.2399,0.235,233,07/01/2020,06/30/2023
SAMPLE HOSPITAL 2980,102979,OK,READM-30-HF-HRRP,238,,0.9235,0.1752,0.1897,42,07/01/2020,06/30/2023
SAMPLE HOSPITAL 2980,102979,OK,READM-30-CABG-HRRP,237,,1.0779,0.2667,0.2474,63,07/01/2020,06/30/2023
SAMPLE HOSPITAL 2980,102979,OK,READM-30-PN-HRRP,52,,1.0977,0.2217,0.202,12,07/01/2020,06/30/2023
SAMPLE HOSPITAL 2980,102979,OK,READM-30-AMI-HRRP,209,,1.0508,0.1874,0.1783,39,07/01/2020,06/30/2023
SAMPLE HOSPITAL 2980,102979,OK,READM-30-HIP-KNEE-HRRP,66,,0.8465,0.2111,0.2494,14,07/01/2020,06/30/2023
SAMPLE HOSPITAL 2981,102980,UT,READM-30-HIP-KNEE-HRRP,187,,0.9053,0.1591,0.1757,30,07/01/2020,06/30/2023
SAMPLE HOSPITAL 2981,102980,UT,READM-30-PN-HRRP,130,,0.9077,0.133,0.1465,17,07/01/2020,06/30/2023
SAMPLE HOSPITAL 2981,102980,UT,READM-30-HF-HRRP,78,,0.8742,0.1429,0.1635,11,07/01/2020,06/30/2023
SAMPLE HOSPITAL 2981,102980,UT,READM-30-AMI-HRRP,52,,0.8559,0.1574,0.1839,8,07/01/2020,06/30/2023
SAMPLE HOSPITAL 2982,102981,MI,READM-30-COPD-HRRP,96,,0.919,0.1278,0.1391,12,07/01/2020,06/30/2023
SAMPLE HOSPITAL 2982,102981,MI,READM-30-AMI-HRRP,88,,0.9247,0.1513,0.1636,13,07/01/2020,06/30/2023
SAMPLE HOSPITAL 2982,102981,MI,READM-30-CABG-HRRP,69,,0.9614,0.2177,0.2264,15,07/01/2020,06/30/2023
SAMPLE HOSPITAL 2982,102981,MI,READM-30-HF-HRRP,192,,1.0918,0.2314,0.2119,44,07/01/2020,06/30/2023
SAMPLE HOSPITAL 2982,102981,MI,READM-30-HIP-KNEE-HRRP,274,,1.0366,0.1382,0.1333,38,07/01/2020,06/30/2023
SAMPLE HOSPITAL 2983,102982,CO,READM-30-PN-HRRP,594,,1.0235,0.2029,0.1982,121,07/01/2020,06/30/2023
SAMPLE HOSPITAL 2983,102982,CO,READM-30-AMI-HRRP,151,,1.0787,0.1717,0.1592,26,07/01/2020,06/30/2023
SAMPLE HOSPITAL 2983,102982,CO,READM-30-COPD-HRRP,154,,0.9749,0.2136,0.2191,33,07/01/2020,06/30/2023
SAMPLE HOSPITAL 2983,102982,CO,READM-30-HF-HRRP,90,,1.0097,0.1972,0.1953,18,07/01/2020,06/30/2023
SAMPLE HOSPITAL 2983,102982,CO,READM-30-CABG-HRRP,112,,1.0383,0.2679,0.258,30,07/01/2020,06/30/2023
SAMPLE HOSPITAL 2984,102983,MD,READM-30-PN-HRRP,101,,1.0144,0.1767,0.1742,18,07/01/2020,06/30/2023
SAMPLE HOSPITAL 2984,102983,MD,READM-30-HIP-KNEE-HRRP,31,,1.0467,0.2536,0.2423,8,07/01/2020,06/30/2023
SAMPLE HOSPITAL 2984,102983,MD,READM-30-COPD-HRRP,557,,0.9192,0.2286,0.2487,127,07/01/2020,06/30/2023
SAMPLE HOSPITAL 2984,102983,MD,READM-30-HF-HRRP,68,,1.0279,0.1741,0.1694,12,07/01/2020,06/30/2023
SAMPLE HOSPITAL 2984,102983,MD,READM-30-AMI-HRRP,375,,0.9521,0.1867,0.1961,70,07/01/2020,06/30/2023
SAMPLE HOSPITAL 2984,102983,MD,READM-30-CABG-HRRP,66,,0.9679,0.1462,0.151,10,07/01/2020,06/30/2023
SAMPLE HOSPITAL 2985,102984,NJ,READM-30-CABG-HRRP,75,,0.9753,0.1396,0.1431,10,07/01/2020,06/30/2023
SAMPLE HOSPITAL 2985,102984,NJ,READM-30-PN-HRRP,137,,1.0369,0.1622,0.1564,22,07/01/2020,06/30/2023
SAMPLE HOSPITAL 2985,102984,NJ,READM-30-COPD-HRRP,648,,0.9719,0.2299,0.2365,149,07/01/2020,06/30/2023
SAMPLE HOSPITAL 2986,102985,DE,READM-30-PN-HRRP,676,,0.9547,0.1706,0.1787,115,07/01/2020,06/30/2023
SAMPLE HOSPITAL 2986,102985,DE,READM-30-CABG-HRRP,56,,0.9315,0.1565,0.168,9,07/01/2020,06/30/2023
SAMPLE HOSPITAL 2986,102985,DE,READM-30-COPD-HRRP,681,,0.987,0.1356,0.1374,92,07/01/2020,06/30/2023
SAMPLE HOSPITAL 2987,102986,HI,READM-30-PN-HRRP,194,,0.9817,0.2126,0.2166,41,07/01/2020,06/30/2023
SAMPLE HOSPITAL 2987,102986,HI,READM-30-HF-HRRP,153,,0.9787,0.1694,0.1731,26,07/01/2020,06/30/2023
SAMPLE HOSPITAL 2987,102986,HI,READM-30-COPD-HRRP,51,,0.8995,0.1463,0.1627,7,07/01/2020,06/30/2023
SAMPLE HOSPITAL 2987,102986,HI,READM-30-AMI-HRRP,144,,1.0425,0.2618,0.2511,38,07/01/2020,06/30/2023
SAMPLE HOSPITAL 2987,102986,HI,READM-30-CABG-HRRP,197,,1.0249,0.143,0.1395,28,07/01/2020,06/30/2023
SAMPLE HOSPITAL 2987,102986,HI,READM-30-HIP-KNEE-HRRP,97,,1.0587,0.1945,0.1837,19,07/01/2020,06/30/2023
SAMPLE HOSPITAL 2988,102987,SC,READM-30-AMI-HRRP,91,,1.0525,0.1305,0.124,12,07/01/2020,06/30/2023
SAMPLE HOSPITAL 2988,102987,SC,READM-30-COPD-HRRP,41,,1.0174,0.1673,0.1644,7,07/01/2020,06/30/2023
SAMPLE HOSPITAL 2988,102987,SC,READM-30-CABG-HRRP,977,,1.0843,0.2368,0.2184,231,07/01/2020,06/30/2023
SAMPLE HOSPITAL 2988,102987,SC,READM-30-HIP-KNEE-HRRP,312,,0.868,0.128,0.1475,40,07/01/2020,06/30/2023
SAMPLE HOSPITAL 2988,102987,SC,READM-30-PN-HRRP,850,,0.8989,0.192,0.2136,163,07/01/2020,06/30/2023
SAMPLE HOSPITAL 2988,102987,SC,READM-30-HF-HRRP,797,,0.9705,0.2423,0.2497,193,07/01/2020,06/30/2023
SAMPLE HOSPITAL 2989,102988,IN,READM-30-COPD-HRRP,560,,1.0379,0.1904,0.1834,107,07/01/2020,06/30/2023
SAMPLE HOSPITAL 2989,102988,IN,READM-30-CABG-HRRP,200,,1.0232,0.2437,0.2382,49,07/01/2020,06/30/2023
SAMPLE HOSPITAL 2989,102988,IN,READM-30-AMI-HRRP,42,,1.0583,0.2112,0.1996,9,07/01/2020,06/30/2023
SAMPLE HOSPITAL 2989,102988,IN,READM-30-HIP-KNEE-HRRP,92,,1.0258,0.1697,0.1654,16,07/01/2020,06/30/2023
SAMPLE HOSPITAL 2989,102988,IN,READM-30-HF-HRRP,151,,1.0087,0.2011,0.1994,30,07/01/2020,06/30/2023
SAMPLE HOSPITAL 2989,102988,IN,READM-30-PN-HRRP,364,,0.908,0.1188,0.1308,43,07/01/2020,06/30/2023
SAMPLE HOSPITAL 2990,102989,NC,READM-30-PN-HRRP,780,,1.0363,0.1885,0.1819,147,07/01/2020,06/30/2023
SAMPLE HOSPITAL 2990,102989,NC,READM-30-HIP-KNEE-HRRP,124,,1.0854,0.2077,0.1914,26,07/01/2020,06/30/2023
SAMPLE HOSPITAL 2990,102989,NC,READM-30-AMI-HRRP,157,,0.9255,0.1241,0.1341,19,07/01/2020,06/30/2023
SAMPLE HOSPITAL 2991,102990,MN,READM-30-PN-HRRP,314,,1.0227,0.1826,0.1785,57,07/01/2020,06/30/2023
SAMPLE HOSPITAL 2991,102990,MN,READM-30-CABG-HRRP,101,,0.995,0.2514,0.2527,25,07/01/2020,06/30/2023
SAMPLE HOSPITAL 2991,102990,MN,READM-30-HF-HRRP,393,,0.9265,0.1365,0.1473,54,07/01/2020,06/30/2023
SAMPLE HOSPITAL 2991,102990,MN,READM-30-HIP-KNEE-HRRP,187,,1.0723,0.2004,0.1869,37,07/01/2020,06/30/2023
SAMPLE HOSPITAL 2991,102990,MN,READM-30-AMI-HRRP,397,,0.9013,0.142,0.1575,56,07/01/2020,06/30/2023
SAMPLE HOSPITAL 2992,102991,NE,READM-30-CABG-HRRP,73,,1.0242,0.2144,0.2093,16,07/01/2020,06/30/2023
SAMPLE HOSPITAL 2992,102991,NE,READM-30-COPD-HRRP,6879,,0.8497,0.1949,0.2294,1341,07/01/2020,06/30/2023
SAMPLE HOSPITAL 2992,102991,NE,READM-30-PN-HRRP,103,,0.9322,0.2403,0.2578,25,07/01/2020,06/30/2023
SAMPLE HOSPITAL 2992,102991,NE,READM-30-AMI-HRRP,90,,0.8257,0.2051,0.2484,18,07/01/2020,06/30/2023
SAMPLE HOSPITAL 2993,102992,RI,READM-30-PN-HRRP,462,,0.9673,0.1587,0.1641,73,07/01/2020,06/30/2023
SAMPLE HOSPITAL 2993,102992,RI,READM-30-COPD-HRRP,272,,0.9723,0.2518,0.259,68,07/01/2020,06/30/2023
SAMPLE HOSPITAL 2993,102992,RI,READM-30-HIP-KNEE-HRRP,296,,0.922,0.1619,0.1756,48,07/01/2020,06/30/2023
SAMPLE HOSPITAL 2993,102992,RI,READM-30-HF-HRRP,453,,0.9968,0.2056,0.2063,93,07/01/2020,06/30/2023
SAMPLE HOSPITAL 2993,102992,RI,READM-30-AMI-HRRP,1129,,0.9054,0.1722,0.1902,194,07/01/2020,06/30/2023
SAMPLE HOSPITAL 2994,102993,PA,READM-30-AMI-HRRP,199,,1.0207,0.1263,0.1237,25,07/01/2020,06/30/2023
SAMPLE HOSPITAL 2994,102993,PA,READM-30-HIP-KNEE-HRRP,59,,0.9813,0.2118,0.2158,12,07/01/2020,06/30/2023
SAMPLE HOSPITAL 2994,102993,PA,READM-30-HF-HRRP,104,,1.0016,0.2199,0.2195,23,07/01/2020,06/30/2023
SAMPLE HOSPITAL 2994,102993,PA,READM-30-PN-HRRP,479,,1.0132,0.2176,0.2148,104,07/01/2020,06/30/2023
SAMPLE HOSPITAL 2994,102993,PA,READM-30-COPD-HRRP,161,,1.0427,0.144,0.1381,23,07/01/2020,06/30/2023
SAMPLE HOSPITAL 2994,102993,PA,READM-30-CABG-HRRP,86,,1.0259,0.2389,0.2329,21,07/01/2020,06/30/2023
SAMPLE HOSPITAL 2995,102994,TN,READM-30-AMI-HRRP,174,,1.0489,0.2067,0.1971,36,07/01/2020,06/30/2023
SAMPLE HOSPITAL 2995,102994,TN,READM-30-HIP-KNEE-HRRP,128,,1.0356,0.1806,0.1744,23,07/01/2020,06/30/2023
SAMPLE HOSPITAL 2995,102994,TN,READM-30-COPD-HRRP,101,,1.074,0.2407,0.2241,24,07/01/2020,06/30/2023
SAMPLE HOSPITAL 2996,102995,OK,READM-30-COPD-HRRP,174,,1.122,0.1498,0.1335,26,07/01/2020,06/30/2023
SAMPLE HOSPITAL 2996,102995,OK,READM-30-AMI-HRRP,1619,,0.9822,0.2525,0.2571,409,07/01/2020,06/30/2023
SAMPLE HOSPITAL 2996,102995,OK,READM-30-HF-HRRP,363,,0.9763,0.1514,0.1551,55,07/01/2020,06/30/2023
SAMPLE HOSPITAL 2996,102995,OK,READM-30-CABG-HRRP,50,,1.0615,0.2719,0.2561,14,07/01/2020,06/30/2023
SAMPLE HOSPITAL 2997,102996,MN,READM-30-PN-HRRP,201,,0.983,0.1593,0.1621,32,07/01/2020,06/30/2023
SAMPLE HOSPITAL 2997,102996,MN,READM-30-COPD-HRRP,49,,0.9683,0.2143,0.2213,11,07/01/2020,06/30/2023
SAMPLE HOSPITAL 2997,102996,MN,READM-30-HF-HRRP,277,,0.9175,0.2058,0.2243,57,07/01/2020,06/30/2023
SAMPLE HOSPITAL 2997,102996,MN,READM-30-HIP-KNEE-HRRP,759,,1.1058,0.191,0.1727,145,07/01/2020,06/30/2023
SAMPLE HOSPITAL 2998,102997,WA,READM-30-COPD-HRRP,113,,1.0923,0.2208,0.2021,25,07/01/2020,06/30/2023
SAMPLE HOSPITAL 2998,102997,WA,READM-30-HIP-KNEE-HRRP,65,,0.9345,0.1496,0.1601,10,07/01/2020,06/30/2023
SAMPLE HOSPITAL 2998,102997,WA,READM-30-CABG-HRRP,235,,0.9308,0.2008,0.2157,47,07/01/2020,06/30/2023
SAMPLE HOSPITAL 2999,102998,VT,READM-30-AMI-HRRP,121,,0.9685,0.1251,0.1292,15,07/01/2020,06/30/2023
SAMPLE HOSPITAL 2999,102998,VT,READM-30-HIP-KNEE-HRRP,115,,0.9423,0.1948,0.2067,22,07/01/2020,06/30/2023
SAMPLE HOSPITAL 2999,102998,VT,READM-30-PN-HRRP,237,,0.9849,0.2481,0.2519,59,07/01/2020,06/30/2023
SAMPLE HOSPITAL 2999,102998,VT,READM-30-CABG-HRRP,979,,1.0124,0.1463,0.1445,143,07/01/2020,06/30/2023
SAMPLE HOSPITAL 2999,102998,VT,READM-30-HF-HRRP,39,,1.0068,0.1294,0.1285,5,07/01/2020,06/30/2023
SAMPLE HOSPITAL 3000,102999,MN,READM-30-COPD-HRRP,202,,0.9518,0.2065,0.217,42,07/01/2020,06/30/2023
SAMPLE HOSPITAL 3000,102999,MN,READM-30-HIP-KNEE-HRRP,160,,0.9798,0.2269,0.2316,36,07/01/2020,06/30/2023
SAMPLE HOSPITAL 3000,102999,MN,READM-30-HF-HRRP,98,,1.0192,0.1399,0.1373,14,07/01/2020,06/30/2023
SAMPLE HOSPITAL 3000,102999,MN,READM-30-AMI-HRRP,135,,1.0345,0.2111,0.2041,28,07/01/2020,06/30/2023
SAMPLE HOSPITAL 3000,102999,MN,READM-30-CABG-HRRP,633,,1.06,0.2487,0.2346,157,07/01/2020,06/30/2023
